0.0175438596491228	0.0175438596491228	0	0.0175438596491228	0.0350877192982456	0.543859649122807	0.894736842105263	0.350877192982456	0.0350877192982456	0.0175438596491228	0.228070175438596	0.43859649122807	0.333333333333333	0.263157894736842	0.0526315789473684	0.0365273194578711	0.0218360381237009	0.0118120810149192
0	0.0517241379310345	0.0344827586206897	0	0	0.0862068965517241	0.551724137931034	0.948275862068966	0.120689655172414	0.0517241379310345	0	0.275862068965517	0.46551724137931	0.310344827586207	0.103448275862069	0.0179487690439539	0.0107297773538875	0.00580421222284823
0	0.0434782608695652	0.0869565217391304	0.0434782608695652	0	0	0.173913043478261	0.478260869565217	0.5	0.282608695652174	0.173913043478261	0.0434782608695652	0.0869565217391304	0.521739130434783	0.0652173913043478	0.0339465849309563	0.0202932745606134	0.0109775318127782
0	0.0338983050847458	0.0338983050847458	0.0847457627118644	0.0169491525423729	0	0	0.152542372881356	0.525423728813559	0.508474576271186	0.203389830508475	0.288135593220339	0.135593220338983	0.186440677966102	0.0677966101694915	0.149978697265581	0.0896572921265517	0.0484996038282064
0.043010752688172	0	0.0645161290322581	0	0.032258064516129	0.172043010752688	0.010752688172043	0	0.193548387096774	0.473118279569892	0.408602150537634	0.139784946236559	0.139784946236559	0.010752688172043	0.043010752688172	0.100744703666064	0.0602252019218203	0.0325784815088901
0.173333333333333	0.0133333333333333	0	0.04	0.0666666666666667	0.293333333333333	0.04	0.0266666666666667	0	0.08	0.4	0.68	0.133333333333333	0.04	0	0	0	0
0.306451612903226	0.258064516129032	0.0806451612903226	0	0.0161290322580645	0.0645161290322581	0.403225806451613	0.241935483870968	0.0161290322580645	0	0.0161290322580645	0.387096774193548	0.225806451612903	0.0645161290322581	0	0.025186175916516	0.0150563004804551	0.00814462037722251
0.0266666666666667	0.253333333333333	0.413333333333333	0.0266666666666667	0	0.0666666666666667	0.133333333333333	0.386666666666667	0.173333333333333	0.133333333333333	0.0133333333333333	0.08	0.413333333333333	0.12	0.106666666666667	0.00694019069699551	0.00414884724350318	0.00224429539283465
0.0240963855421687	0.0843373493975904	0.240963855421687	0.313253012048193	0.0843373493975904	0.0240963855421687	0	0.373493975903614	0.457831325301205	0.228915662650602	0	0.0481927710843374	0.0481927710843374	0.0963855421686747	0.216867469879518	0.0250850266156464	0.0149958334102524	0.00811191105843849
0.032258064516129	0.043010752688172	0.279569892473118	0.0537634408602151	0.333333333333333	0.118279569892473	0.0537634408602151	0	0.182795698924731	0.290322580645161	0.258064516129032	0.043010752688172	0.032258064516129	0.0860215053763441	0.204301075268817	0.19589247935068	0.117104559292428	0.0633470473783973
0.0727272727272727	0.0727272727272727	0.109090909090909	0.0363636363636364	0.127272727272727	0.436363636363636	0	0	0.0545454545454545	0.145454545454545	0.454545454545455	0.327272727272727	0.0363636363636364	0	0	0.179814031694884	0.107492860399855	0.0581476533598068
0.0645161290322581	0.0645161290322581	0	0	0.129032258064516	0.387096774193548	0.209677419354839	0.0483870967741935	0	0.0161290322580645	0.0806451612903226	0.645161290322581	0.32258064516129	0.032258064516129	0.0483870967741935	0.889911549050231	0.531989283642746	0.287776586661862
0.0212765957446809	0	0.106382978723404	0.0212765957446809	0	0.0851063829787234	0.25531914893617	0.191489361702128	0.0851063829787234	0	0.0425531914893617	0.234042553191489	0.382978723404255	0.106382978723404	0.0212765957446809	0.0664486343329357	0.0397230055229028	0.0214879346122466
0.0285714285714286	0.0285714285714286	0	0.0571428571428571	0	0.171428571428571	0.142857142857143	0.371428571428571	0.0285714285714286	0	0.0857142857142857	0.0571428571428571	0.257142857142857	0.428571428571429	0.114285714285714	0.029743674415695	0.0177807739007279	0.00961840882643421
0	0.0740740740740741	0.037037037037037	0	0.111111111111111	0.0740740740740741	0	0.0740740740740741	0	0.185185185185185	0.296296296296296	0.037037037037037	0	0.444444444444444	0.37037037037037	0.0385566149833084	0.0230491513527954	0.0124683077379703
0	0	0.05	0.025	0.075	0.025	0	0.05	0.025	0.2	0.375	0.3	0.225	0.3	0.15	0.520514302274663	0.311163543262738	0.168322154462599
0	0	0.05	0.025	0.075	0.025	0	0.05	0.025	0.2	0.375	0.3	0.225	0.3	0.15	0.520514302274663	0.311163543262738	0.168322154462599
0	0	0.05	0.025	0.075	0.025	0	0.05	0.025	0.2	0.375	0.3	0.225	0.3	0.15	0.520514302274663	0.311163543262738	0.168322154462599
