0.0350877192982456	0.0350877192982456	0.0350877192982456	0	0.0350877192982456	0.421052631578947	1.36842105263158	0.43859649122807	0.0526315789473684	0.0350877192982456	0.210526315789474	0.526315789473684	0.578947368421053	0.263157894736842	0.087719298245614	0.0639228090512744	0.0382130667164766	0.0206711417761086
0	0.0689655172413793	0.0517241379310345	0	0.0517241379310345	0	0.46551724137931	1.05172413793103	0.0517241379310345	0.103448275862069	0	0.224137931034483	0.5	0.396551724137931	0.0862068965517241	0.00897438452197695	0.00536488867694376	0.00290210611142411
0	0.0652173913043478	0.260869565217391	0	0.0434782608695652	0	0.0652173913043478	0.608695652173913	0.652173913043478	0.326086956521739	0.0869565217391304	0.0434782608695652	0.0434782608695652	0.543478260869565	0.108695652173913	0.101839754792869	0.0608798236818401	0.0329325954383345
0	0.0338983050847458	0.0508474576271186	0.11864406779661	0	0	0	0.101694915254237	0.457627118644068	0.559322033898305	0.135593220338983	0.0677966101694915	0.0847457627118644	0.135593220338983	0.0508474576271186	0.0617559341681804	0.0369177085226978	0.019970425105732
0.053763440860215	0	0.053763440860215	0	0.043010752688172	0.193548387096774	0.021505376344086	0	0.161290322580645	0.591397849462366	0.376344086021505	0.258064516129032	0.204301075268817	0.021505376344086	0.032258064516129	0.0727600637588239	0.0434959791657591	0.0235289033119762
0.24	0.0133333333333333	0	0	0.04	0.36	0.0666666666666667	0.106666666666667	0	0.04	0.333333333333333	0.666666666666667	0.04	0.0533333333333333	0	0.013880381393991	0.00829769448700635	0.0044885907856693
0.403225806451613	0.209677419354839	0.032258064516129	0	0.0806451612903226	0.161290322580645	0.661290322580645	0.290322580645161	0.0483870967741935	0	0.145161290322581	0.403225806451613	0.258064516129032	0.0967741935483871	0	0.016790783944344	0.0100375336536367	0.00542974691814834
0.0666666666666667	0.226666666666667	0.306666666666667	0	0	0	0.16	0.426666666666667	0.173333333333333	0.08	0	0.04	0.4	0.346666666666667	0.0666666666666667	0	0	0
0.0240963855421687	0.072289156626506	0.313253012048193	0.27710843373494	0.0843373493975904	0	0	0.228915662650602	0.481927710843373	0.192771084337349	0	0.036144578313253	0.180722891566265	0.132530120481928	0.228915662650602	0.0501700532312928	0.0299916668205049	0.016223822116877
0.043010752688172	0.053763440860215	0.193548387096774	0.0860215053763441	0.290322580645161	0.118279569892473	0.053763440860215	0	0.150537634408602	0.408602150537634	0.236559139784946	0.0860215053763441	0	0.0860215053763441	0.0967741935483871	0.1399231995362	0.083646113780306	0.0452478909845695
0.0545454545454545	0.0363636363636364	0.109090909090909	0.0727272727272727	0.127272727272727	0.290909090909091	0.0363636363636364	0.0363636363636364	0	0.127272727272727	0.509090909090909	0.236363636363636	0	0	0	0.075711171239951	0.0452601517473074	0.0244832224672871
0.0645161290322581	0.032258064516129	0.0645161290322581	0	0.0967741935483871	0.338709677419355	0.161290322580645	0.0967741935483871	0.0161290322580645	0	0.161290322580645	0.596774193548387	0.209677419354839	0.032258064516129	0.596774193548387	0.444955774525115	0.265994641821373	0.143888293330931
0.0638297872340425	0.0425531914893617	0.148936170212766	0	0.0638297872340425	0.0851063829787234	0.170212765957447	0.276595744680851	0.0212765957446808	0.0212765957446808	0.106382978723404	0.0638297872340425	0.765957446808511	0.297872340425532	0.0425531914893617	0.132897268665871	0.0794460110458055	0.0429758692244933
0	0.0571428571428571	0.142857142857143	0	0	0	0.2	0.142857142857143	0.0571428571428571	0.0571428571428571	0	0.114285714285714	0.142857142857143	0.657142857142857	0.314285714285714	0.0148718372078475	0.00889038695036395	0.0048092044132171
0	0.111111111111111	0.111111111111111	0	0.0740740740740741	0.0740740740740741	0.037037037037037	0.148148148148148	0.259259259259259	0.148148148148148	0.0740740740740741	0.037037037037037	0.037037037037037	0.259259259259259	0.407407407407407	0.0771132299666168	0.0460983027055909	0.0249366154759405
0	0	0.05	0	0.05	0.15	0	0.025	0.05	0.175	0.25	0.475	0.4	0.275	0.225	0.663655735400195	0.396733517659991	0.214610746939813
0	0	0.05	0	0.05	0.15	0	0.025	0.05	0.175	0.25	0.475	0.4	0.275	0.225	0.663655735400195	0.396733517659991	0.214610746939813
0	0	0.05	0	0.05	0.15	0	0.025	0.05	0.175	0.25	0.475	0.4	0.275	0.225	0.663655735400195	0.396733517659991	0.214610746939813
