0	0	0.0526315789473684	0.0175438596491228	0.0175438596491228	0.368421052631579	1.17543859649123	0.543859649122807	0.0701754385964912	0.0175438596491228	0.210526315789474	0.315789473684211	0.684210526315789	0.456140350877193	0.12280701754386	0.0547909791868066	0.0327540571855514	0.0177181215223788
0	0	0.0172413793103448	0	0.0689655172413793	0	0.672413793103448	0.827586206896552	0.155172413793103	0.172413793103448	0	0.172413793103448	0.46551724137931	0.655172413793103	0.155172413793103	0.0179487690439539	0.0107297773538875	0.00580421222284823
0	0.0217391304347826	0.108695652173913	0.0652173913043478	0	0	0.130434782608696	0.58695652173913	0.369565217391304	0.543478260869565	0.173913043478261	0.0217391304347826	0.108695652173913	0.217391304347826	0	0.0678931698619126	0.0405865491212267	0.0219550636255563
0	0.0338983050847458	0.0338983050847458	0.0847457627118644	0	0	0	0.152542372881356	0.491525423728814	0.491525423728814	0.220338983050847	0.169491525423729	0.135593220338983	0.101694915254237	0.11864406779661	0.0794004867876605	0.0474656252434685	0.0256762608502269
0.0752688172043011	0	0.032258064516129	0	0.021505376344086	0.193548387096774	0	0	0.193548387096774	0.483870967741935	0.408602150537634	0.161290322580645	0.182795698924731	0	0.043010752688172	0.0671631357773759	0.0401501346145469	0.0217189876725934
0.133333333333333	0	0	0.0266666666666667	0	0.226666666666667	0.0533333333333333	0.08	0	0.106666666666667	0.4	0.666666666666667	0.16	0.0666666666666667	0	0.013880381393991	0.00829769448700635	0.0044885907856693
0.32258064516129	0.306451612903226	0.032258064516129	0	0.032258064516129	0.0483870967741935	0.580645161290323	0.17741935483871	0.032258064516129	0	0.145161290322581	0.370967741935484	0.274193548387097	0.0483870967741935	0	0.016790783944344	0.0100375336536367	0.00542974691814834
0.12	0.293333333333333	0.386666666666667	0.04	0	0.0133333333333333	0.186666666666667	0.4	0.16	0.0933333333333333	0.04	0.04	0.466666666666667	0.213333333333333	0.106666666666667	0.00694019069699551	0.00414884724350318	0.00224429539283465
0	0.072289156626506	0.36144578313253	0.337349397590361	0.072289156626506	0.0240963855421687	0	0.192771084337349	0.530120481927711	0.192771084337349	0	0.0481927710843374	0.108433734939759	0.180722891566265	0.216867469879518	0.0877975931547624	0.0524854169358836	0.0283916887045347
0.021505376344086	0.0752688172043011	0.150537634408602	0.10752688172043	0.311827956989247	0.0967741935483871	0.032258064516129	0	0.129032258064516	0.387096774193548	0.258064516129032	0.0537634408602151	0.021505376344086	0.21505376344086	0.279569892473118	0.19589247935068	0.117104559292428	0.0633470473783973
0.0363636363636364	0.0909090909090909	0.0181818181818182	0.127272727272727	0.0909090909090909	0.436363636363636	0.0545454545454545	0	0	0.218181818181818	0.581818181818182	0.181818181818182	0	0	0	0.0662472748349571	0.039602632778894	0.0214228196588762
0.0806451612903226	0.0806451612903226	0.032258064516129	0	0.0806451612903226	0.403225806451613	0.241935483870968	0.0967741935483871	0	0.0161290322580645	0.0806451612903226	0.693548387096774	0.354838709677419	0.0161290322580645	1.75806451612903	0.478537342413803	0.286069709128646	0.154747787167228
0.0212765957446809	0.0425531914893617	0.106382978723404	0.0425531914893617	0.0851063829787234	0.25531914893617	0.148936170212766	0.170212765957447	0.0425531914893617	0.0638297872340425	0.0851063829787234	0.148936170212766	0.74468085106383	0.404255319148936	0.0425531914893617	0.0332243171664679	0.0198615027614514	0.0107439673061233
0.0857142857142857	0.0857142857142857	0.0857142857142857	0	0.0285714285714286	0.0571428571428571	0.257142857142857	0.285714285714286	0.0571428571428571	0.0285714285714286	0	0.0571428571428571	0.142857142857143	0.6	0.314285714285714	0.0446155116235426	0.0266711608510919	0.0144276132396513
0	0.111111111111111	0.037037037037037	0.185185185185185	0.0740740740740741	0.037037037037037	0	0.185185185185185	0.111111111111111	0.148148148148148	0.111111111111111	0.037037037037037	0.037037037037037	0.148148148148148	0.555555555555556	0.0963915374582709	0.0576228783819886	0.0311707693449257
0	0	0.025	0.05	0.15	0	0	0	0	0.225	0.275	0.2	0.25	0.075	0.125	0.507501444717797	0.30338445468117	0.164114100601034
0	0	0.025	0.05	0.15	0	0	0	0	0.225	0.275	0.2	0.25	0.075	0.125	0.507501444717797	0.30338445468117	0.164114100601034
0	0	0.025	0.05	0.15	0	0	0	0	0.225	0.275	0.2	0.25	0.075	0.125	0.507501444717797	0.30338445468117	0.164114100601034
