0.0175438596491228	0.0175438596491228	0.0350877192982456	0	0	0.614035087719298	1.12280701754386	0.368421052631579	0.0175438596491228	0.12280701754386	0.245614035087719	0.403508771929825	0.473684210526316	0.210526315789474	0.0701754385964912	0.0365273194578711	0.0218360381237009	0.0118120810149192
0	0.0862068965517241	0.0344827586206897	0	0.0344827586206897	0.0862068965517241	0.448275862068966	1.12068965517241	0.0862068965517241	0.0689655172413793	0	0.310344827586207	0.603448275862069	0.293103448275862	0.103448275862069	0.00897438452197695	0.00536488867694376	0.00290210611142411
0	0	0.0434782608695652	0.130434782608696	0.0217391304347826	0.0217391304347826	0.108695652173913	0.673913043478261	0.58695652173913	0.304347826086957	0.0652173913043478	0.0434782608695652	0.239130434782609	0.434782608695652	0.0869565217391304	0.113155283103188	0.0676442485353779	0.0365917727092606
0	0.0847457627118644	0.0338983050847458	0.0338983050847458	0.0847457627118644	0	0	0.135593220338983	0.474576271186441	0.694915254237288	0.169491525423729	0.11864406779661	0.0508474576271186	0.11864406779661	0.0677966101694915	0.149978697265581	0.0896572921265517	0.0484996038282064
0.032258064516129	0	0.021505376344086	0	0.032258064516129	0.0967741935483871	0.032258064516129	0	0.193548387096774	0.397849462365591	0.526881720430108	0.193548387096774	0.139784946236559	0.021505376344086	0.043010752688172	0.0671631357773759	0.0401501346145469	0.0217189876725934
0.2	0.0266666666666667	0	0.0266666666666667	0.0933333333333333	0.186666666666667	0.04	0.0266666666666667	0.0133333333333333	0.16	0.48	0.586666666666667	0.16	0.0666666666666667	0	0.027760762787982	0.0165953889740127	0.00897718157133859
0.354838709677419	0.241935483870968	0.032258064516129	0	0.0161290322580645	0.112903225806452	0.67741935483871	0.193548387096774	0	0	0.129032258064516	0.387096774193548	0.403225806451613	0.0483870967741935	0	0.025186175916516	0.0150563004804551	0.00814462037722251
0.0933333333333333	0.226666666666667	0.4	0.0533333333333333	0	0.08	0.186666666666667	0.573333333333333	0.24	0.106666666666667	0.0133333333333333	0.0533333333333333	0.226666666666667	0.346666666666667	0.173333333333333	0.00694019069699551	0.00414884724350318	0.00224429539283465
0.0240963855421687	0.0602409638554217	0.397590361445783	0.253012048192771	0.0240963855421687	0.0240963855421687	0	0.301204819277108	0.542168674698795	0.216867469879518	0	0.0240963855421687	0.0120481927710843	0.240963855421687	0.192771084337349	0.0376275399234696	0.0224937501153787	0.0121678665876577
0	0.043010752688172	0.236559139784946	0.0645161290322581	0.268817204301075	0.0860215053763441	0.021505376344086	0	0.139784946236559	0.365591397849462	0.204301075268817	0.043010752688172	0.0537634408602151	0.0860215053763441	0.0860215053763441	0.257458687146608	0.153908849355763	0.0832561194116079
0.109090909090909	0.0363636363636364	0.127272727272727	0.0727272727272727	0.109090909090909	0.381818181818182	0.0181818181818182	0.0727272727272727	0.0363636363636364	0.109090909090909	0.363636363636364	0.290909090909091	0.0363636363636364	0	0	0.0662472748349571	0.039602632778894	0.0214228196588762
0.0645161290322581	0.0806451612903226	0.0161290322580645	0	0.032258064516129	0.306451612903226	0.209677419354839	0	0	0.0161290322580645	0.112903225806452	0.741935483870968	0.17741935483871	0.0483870967741935	0.596774193548387	0.0923493116938919	0.055206435095002	0.0298636080498159
0.0638297872340425	0	0.0851063829787234	0	0	0.0638297872340425	0.361702127659574	0.148936170212766	0.0212765957446809	0	0.0212765957446809	0.148936170212766	0.574468085106383	0.0851063829787234	0.0425531914893617	0.0221495447776452	0.0132410018409676	0.00716264487074888
0.0857142857142857	0	0.114285714285714	0	0.0571428571428571	0.0571428571428571	0.171428571428571	0.314285714285714	0.0285714285714286	0.0285714285714286	0.0285714285714286	0.114285714285714	0.314285714285714	0.542857142857143	0.171428571428571	0.029743674415695	0.0177807739007279	0.00961840882643421
0.037037037037037	0	0.222222222222222	0.111111111111111	0.037037037037037	0.0740740740740741	0.0740740740740741	0.518518518518518	0.185185185185185	0.111111111111111	0.333333333333333	0.037037037037037	0.0740740740740741	0.185185185185185	0.592592592592593	0.0771132299666168	0.0460983027055909	0.0249366154759405
0	0	0.025	0.025	0.075	0	0	0	0.05	0.2	0.15	0.2	0.15	0.225	0.1	0.377372869149131	0.225593568865485	0.122033561985384
0	0	0.025	0.025	0.075	0	0	0	0.05	0.2	0.15	0.2	0.15	0.225	0.1	0.377372869149131	0.225593568865485	0.122033561985384
0	0	0.025	0.025	0.075	0	0	0	0.05	0.2	0.15	0.2	0.15	0.225	0.1	0.377372869149131	0.225593568865485	0.122033561985384
