0.0350877192982456	0.0350877192982456	0.087719298245614	0	0	0.473684210526316	1.2280701754386	0.596491228070175	0.0175438596491228	0.0350877192982456	0.192982456140351	0.280701754385965	0.614035087719298	0.403508771929825	0.0526315789473684	0.0365273194578711	0.0218360381237009	0.0118120810149192
0	0	0	0	0.0344827586206897	0	0.672413793103448	0.948275862068966	0.103448275862069	0.0517241379310345	0	0.224137931034483	0.568965517241379	0.5	0.0517241379310345	0.00897438452197695	0.00536488867694376	0.00290210611142411
0	0.0869565217391304	0.0217391304347826	0.0434782608695652	0.0217391304347826	0	0.108695652173913	0.804347826086957	0.5	0.347826086956522	0.130434782608696	0.108695652173913	0.108695652173913	0.695652173913043	0.0434782608695652	0.0565776415515938	0.0338221242676889	0.0182958863546303
0	0.0847457627118644	0.0169491525423729	0.0847457627118644	0.0338983050847458	0	0	0.220338983050847	0.525423728813559	0.440677966101695	0.169491525423729	0.254237288135593	0.11864406779661	0.0847457627118644	0.0677966101694915	0.167623249885061	0.100205208847322	0.0542054395727012
0.043010752688172	0	0.0537634408602151	0	0.0645161290322581	0.161290322580645	0.010752688172043	0	0.172043010752688	0.591397849462366	0.333333333333333	0.182795698924731	0.21505376344086	0.010752688172043	0.0967741935483871	0.11193855962896	0.0669168910242448	0.0361983127876556
0.133333333333333	0.0133333333333333	0	0.0133333333333333	0.0266666666666667	0.213333333333333	0.0533333333333333	0.0266666666666667	0	0.0533333333333333	0.4	0.626666666666667	0.133333333333333	0.04	0	0.027760762787982	0.0165953889740127	0.00897718157133859
0.306451612903226	0.209677419354839	0.0483870967741935	0	0.0161290322580645	0.0806451612903226	0.661290322580645	0.209677419354839	0.0645161290322581	0	0.129032258064516	0.387096774193548	0.274193548387097	0.0161290322580645	0	0.016790783944344	0.0100375336536367	0.00542974691814834
0.186666666666667	0.386666666666667	0.186666666666667	0.0266666666666667	0	0.04	0.2	0.44	0.0933333333333333	0.0666666666666667	0	0.0933333333333333	0.226666666666667	0.146666666666667	0.133333333333333	0.00694019069699551	0.00414884724350318	0.00224429539283465
0.072289156626506	0.108433734939759	0.433734939759036	0.240963855421687	0.0481927710843374	0	0	0.409638554216867	0.506024096385542	0.168674698795181	0	0.072289156626506	0.0481927710843374	0.180722891566265	0.156626506024096	0.0376275399234696	0.0224937501153787	0.0121678665876577
0.032258064516129	0.0860215053763441	0.172043010752688	0.118279569892473	0.268817204301075	0.0752688172043011	0.021505376344086	0	0.172043010752688	0.462365591397849	0.193548387096774	0.032258064516129	0.032258064516129	0.10752688172043	0.236559139784946	0.117535487610408	0.070262735575457	0.0380082284270384
0.127272727272727	0.0545454545454545	0.0727272727272727	0.0545454545454545	0.0909090909090909	0.527272727272727	0.0181818181818182	0	0.0181818181818182	0.163636363636364	0.418181818181818	0.254545454545455	0	0	0	0.0851750676449449	0.0509176707157208	0.027543625275698
0.0483870967741935	0	0.0161290322580645	0	0.0967741935483871	0.306451612903226	0.193548387096774	0.0967741935483871	0	0	0.0806451612903226	0.5	0.241935483870968	0.032258064516129	0.612903225806452	0.0671631357773759	0.0401501346145469	0.0217189876725934
0.106382978723404	0	0.0638297872340425	0.0425531914893617	0.0212765957446809	0.0851063829787234	0.276595744680851	0.191489361702128	0	0.0425531914893617	0.0212765957446809	0.0851063829787234	0.893617021276596	0.234042553191489	0.0212765957446809	0.143972041054694	0.0860665119662893	0.0465571916598677
0	0	0.114285714285714	0.0571428571428571	0	0.228571428571429	0.2	0.2	0.0571428571428571	0.0571428571428571	0.114285714285714	0.142857142857143	0.285714285714286	0.457142857142857	0.257142857142857	0.0148718372078475	0.00889038695036395	0.0048092044132171
0	0.222222222222222	0.0740740740740741	0.111111111111111	0.0740740740740741	0.037037037037037	0.037037037037037	0.407407407407407	0.407407407407407	0.148148148148148	0.0740740740740741	0.111111111111111	0	0.444444444444444	0.703703703703704	0.154226459933234	0.0921966054111817	0.0498732309518811
0	0.075	0.025	0.025	0.025	0.175	0	0	0.125	0.1	0.325	0.325	0.325	0.325	0.1	0.49448858716093	0.295605366099601	0.159906046739469
0	0.075	0.025	0.025	0.025	0.175	0	0	0.125	0.1	0.325	0.325	0.325	0.325	0.1	0.49448858716093	0.295605366099601	0.159906046739469
0	0.075	0.025	0.025	0.025	0.175	0	0	0.125	0.1	0.325	0.325	0.325	0.325	0.1	0.49448858716093	0.295605366099601	0.159906046739469
