0.0175438596491228	0	0.0175438596491228	0.0526315789473684	0	0.649122807017544	0.789473684210526	0.491228070175439	0.105263157894737	0.087719298245614	0.245614035087719	0.456140350877193	0.473684210526316	0.315789473684211	0.0526315789473684	0.0456591493223389	0.0272950476546262	0.014765101268649
0	0.0689655172413793	0.0517241379310345	0	0	0.172413793103448	0.379310344827586	1.08620689655172	0.172413793103448	0.103448275862069	0	0.206896551724138	0.413793103448276	0.5	0.137931034482759	0.00897438452197695	0.00536488867694376	0.00290210611142411
0	0.0434782608695652	0.130434782608696	0.108695652173913	0	0	0.108695652173913	0.565217391304348	0.630434782608696	0.347826086956522	0.152173913043478	0.0652173913043478	0.195652173913043	0.58695652173913	0.0434782608695652	0.135786339723825	0.0811730982424535	0.0439101272511127
0	0.0508474576271186	0.0338983050847458	0.152542372881356	0.0169491525423729	0	0	0.101694915254237	0.372881355932203	0.423728813559322	0.254237288135593	0.389830508474576	0.0847457627118644	0.169491525423729	0.135593220338983	0.0970450394071406	0.0580135419642393	0.0313820965947218
0.0537634408602151	0	0.032258064516129	0	0.0537634408602151	0.118279569892473	0.010752688172043	0	0.182795698924731	0.376344086021505	0.408602150537634	0.247311827956989	0.139784946236559	0.010752688172043	0.0537634408602151	0.106341631647512	0.0635710464730325	0.0343883971482728
0.0933333333333333	0.0266666666666667	0	0.04	0.0533333333333333	0.12	0.08	0.0533333333333333	0.0266666666666667	0.0666666666666667	0.413333333333333	0.466666666666667	0.0933333333333333	0.08	0	0	0	0
0.306451612903226	0.290322580645161	0.0161290322580645	0	0.0161290322580645	0.129032258064516	0.612903225806452	0.193548387096774	0.0161290322580645	0	0.129032258064516	0.17741935483871	0.354838709677419	0.17741935483871	0	0.025186175916516	0.0150563004804551	0.00814462037722251
0.12	0.28	0.306666666666667	0.0133333333333333	0	0	0.173333333333333	0.32	0.0533333333333333	0.146666666666667	0.0266666666666667	0.08	0.36	0.133333333333333	0.173333333333333	0.013880381393991	0.00829769448700635	0.0044885907856693
0.0240963855421687	0.0843373493975904	0.337349397590361	0.397590361445783	0.0843373493975904	0	0	0.385542168674699	0.518072289156627	0.228915662650602	0	0.072289156626506	0.132530120481928	0.120481927710843	0.216867469879518	0.0877975931547624	0.0524854169358836	0.0283916887045347
0.032258064516129	0.043010752688172	0.193548387096774	0.139784946236559	0.301075268817204	0.0860215053763441	0.0537634408602151	0	0.161290322580645	0.419354838709677	0.182795698924731	0.0752688172043011	0.021505376344086	0.10752688172043	0.225806451612903	0.11193855962896	0.0669168910242448	0.0361983127876556
0.163636363636364	0.0909090909090909	0.0545454545454545	0.127272727272727	0.145454545454545	0.527272727272727	0.0363636363636364	0	0.0909090909090909	0.181818181818182	0.581818181818182	0.218181818181818	0.0363636363636364	0	0	0.0567833784299632	0.0339451138104805	0.0183624168504653
0.032258064516129	0.0806451612903226	0	0	0.0483870967741935	0.419354838709677	0.225806451612903	0.032258064516129	0	0.0161290322580645	0.0645161290322581	0.709677419354839	0.161290322580645	0.0967741935483871	1.7741935483871	0.310629502970363	0.185694372592279	0.100450317985744
0	0.0851063829787234	0.0425531914893617	0	0.0638297872340425	0.127659574468085	0.212765957446809	0.106382978723404	0.0425531914893617	0.0425531914893617	0	0.170212765957447	0.638297872340426	0.340425531914894	0.0638297872340425	0.110747723888226	0.0662050092048379	0.0358132243537444
0.0571428571428571	0.0571428571428571	0	0.0571428571428571	0	0	0.257142857142857	0.342857142857143	0.114285714285714	0	0	0.0285714285714286	0.228571428571429	0.714285714285714	0.228571428571429	0.0743591860392376	0.0444519347518198	0.0240460220660855
0	0.481481481481481	0	0.037037037037037	0.0740740740740741	0.0740740740740741	0.111111111111111	0.592592592592593	0.777777777777778	0.222222222222222	0.111111111111111	0.185185185185185	0.0740740740740741	0.407407407407407	0.333333333333333	0.115669844949925	0.0691474540583863	0.0374049232139108
0	0.05	0.025	0.025	0.05	0.175	0	0.025	0.1	0.075	0.25	0.425	0.35	0.3	0.1	0.45545001449033	0.272268100354896	0.147281885154774
0	0.05	0.025	0.025	0.05	0.175	0	0.025	0.1	0.075	0.25	0.425	0.35	0.3	0.1	0.45545001449033	0.272268100354896	0.147281885154774
0	0.05	0.025	0.025	0.05	0.175	0	0.025	0.1	0.075	0.25	0.425	0.35	0.3	0.1	0.45545001449033	0.272268100354896	0.147281885154774
