0	0.0175438596491228	0.0175438596491228	0.0175438596491228	0	0.684210526315789	0.982456140350877	0.578947368421053	0.0350877192982456	0.0526315789473684	0.210526315789474	0.245614035087719	0.543859649122807	0.385964912280702	0.087719298245614	0.0182636597289355	0.0109180190618505	0.0059060405074596
0	0.0344827586206897	0.0172413793103448	0	0.0344827586206897	0	0.431034482758621	0.931034482758621	0.103448275862069	0.172413793103448	0	0.224137931034483	0.413793103448276	0.517241379310345	0.189655172413793	0.00897438452197695	0.00536488867694376	0.00290210611142411
0	0.0652173913043478	0.0217391304347826	0.0869565217391304	0	0.0652173913043478	0.152173913043478	0.58695652173913	0.565217391304348	0.239130434782609	0.108695652173913	0.0652173913043478	0.195652173913043	0.369565217391304	0.108695652173913	0.101839754792869	0.0608798236818401	0.0329325954383345
0	0.0677966101694915	0.0169491525423729	0.0508474576271186	0.0338983050847458	0	0	0.169491525423729	0.457627118644068	0.508474576271186	0.271186440677966	0.0847457627118644	0.11864406779661	0.203389830508475	0.0847457627118644	0.176445526194801	0.105479167207708	0.0570583574449487
0.010752688172043	0	0.010752688172043	0	0.010752688172043	0.0537634408602151	0.010752688172043	0	0.172043010752688	0.516129032258065	0.537634408602151	0.150537634408602	0.0645161290322581	0.010752688172043	0.0752688172043011	0.0727600637588239	0.0434959791657591	0.0235289033119762
0.106666666666667	0.0133333333333333	0	0.0133333333333333	0.04	0.186666666666667	0.08	0.0533333333333333	0	0.04	0.48	0.44	0.0666666666666667	0.0266666666666667	0	0.027760762787982	0.0165953889740127	0.00897718157133859
0.274193548387097	0.274193548387097	0.0161290322580645	0	0.0967741935483871	0.0161290322580645	0.451612903225806	0.209677419354839	0.0161290322580645	0	0.0645161290322581	0.290322580645161	0.225806451612903	0.145161290322581	0	0	0	0
0.106666666666667	0.333333333333333	0.306666666666667	0.0266666666666667	0	0.0133333333333333	0.186666666666667	0.453333333333333	0.16	0.0266666666666667	0	0.0533333333333333	0.226666666666667	0.306666666666667	0.2	0.0208205720909865	0.0124465417305095	0.00673288617850395
0.0602409638554217	0.0481927710843374	0.397590361445783	0.192771084337349	0.108433734939759	0.0120481927710843	0	0.144578313253012	0.63855421686747	0.156626506024096	0	0	0.108433734939759	0.228915662650602	0.156626506024096	0.112882619770409	0.067481250346136	0.0365035997629732
0.043010752688172	0.043010752688172	0.193548387096774	0.10752688172043	0.139784946236559	0.10752688172043	0.032258064516129	0	0.10752688172043	0.311827956989247	0.225806451612903	0.032258064516129	0.043010752688172	0.021505376344086	0.0967741935483871	0.173504767424888	0.103721181087579	0.0561073848208662
0.0909090909090909	0.0363636363636364	0.127272727272727	0.0181818181818182	0.2	0.436363636363636	0.0181818181818182	0.0181818181818182	0.0727272727272727	0.0909090909090909	0.581818181818182	0.2	0.0545454545454545	0	0	0.113566756859926	0.0678902276209611	0.0367248337009306
0.0645161290322581	0.129032258064516	0.0161290322580645	0	0.0806451612903226	0.193548387096774	0.370967741935484	0.17741935483871	0	0.0161290322580645	0.17741935483871	0.645161290322581	0.258064516129032	0.032258064516129	0.580645161290323	0.277047935081676	0.165619305285006	0.0895908241494476
0.0212765957446809	0.0851063829787234	0.0638297872340425	0.0425531914893617	0.0851063829787234	0.127659574468085	0.425531914893617	0.191489361702128	0.0425531914893617	0.0212765957446809	0.0212765957446809	0.191489361702128	0.702127659574468	0.404255319148936	0.0425531914893617	0.0885981791105809	0.0529640073638703	0.0286505794829955
0.0571428571428571	0.142857142857143	0.0571428571428571	0	0	0	0.0571428571428571	0.171428571428571	0.0857142857142857	0.0285714285714286	0	0.171428571428571	0.0285714285714286	0.485714285714286	0.285714285714286	0.0446155116235426	0.0266711608510919	0.0144276132396513
0.037037037037037	0.0740740740740741	0.0740740740740741	0.037037037037037	0.185185185185185	0	0.0740740740740741	0.222222222222222	0.222222222222222	0.296296296296296	0.148148148148148	0.037037037037037	0.0740740740740741	0.259259259259259	0.481481481481481	0.115669844949925	0.0691474540583863	0.0374049232139108
0	0	0	0.05	0.1	0.05	0	0.025	0.1	0.2	0.225	0.15	0.175	0.125	0.075	0.299295723807931	0.178919037376074	0.0967852388159942
0	0	0	0.05	0.1	0.05	0	0.025	0.1	0.2	0.225	0.15	0.175	0.125	0.075	0.299295723807931	0.178919037376074	0.0967852388159942
0	0	0	0.05	0.1	0.05	0	0.025	0.1	0.2	0.225	0.15	0.175	0.125	0.075	0.299295723807931	0.178919037376074	0.0967852388159942
