0	0.0526315789473684	0.0175438596491228	0	0.0526315789473684	0.421052631578947	1.01754385964912	0.368421052631579	0.0350877192982456	0.087719298245614	0.192982456140351	0.526315789473684	0.368421052631579	0.368421052631579	0.0350877192982456	0.0273954895934033	0.0163770285927757	0.0088590607611894
0	0	0	0	0.0172413793103448	0	0.758620689655172	1	0.137931034482759	0.0689655172413793	0	0.310344827586207	0.431034482758621	0.344827586206897	0.155172413793103	0.00897438452197695	0.00536488867694376	0.00290210611142411
0	0	0.108695652173913	0.0217391304347826	0	0.0217391304347826	0.130434782608696	0.543478260869565	0.5	0.304347826086957	0.217391304347826	0.108695652173913	0.173913043478261	0.391304347826087	0.130434782608696	0.0565776415515938	0.0338221242676889	0.0182958863546303
0	0.0338983050847458	0.0338983050847458	0.0508474576271186	0.0169491525423729	0	0	0.135593220338983	0.457627118644068	0.542372881355932	0.254237288135593	0.186440677966102	0.0508474576271186	0.0508474576271186	0.0508474576271186	0.167623249885061	0.100205208847322	0.0542054395727012
0.032258064516129	0	0.0860215053763441	0	0.0860215053763441	0.225806451612903	0	0	0.172043010752688	0.397849462365591	0.451612903225806	0.193548387096774	0.247311827956989	0	0.032258064516129	0.0783569917402719	0.0468418237169714	0.0253388189513589
0.213333333333333	0	0	0.0133333333333333	0.08	0.36	0.0133333333333333	0	0	0.0933333333333333	0.56	0.613333333333333	0.12	0.0266666666666667	0	0.013880381393991	0.00829769448700635	0.0044885907856693
0.274193548387097	0.387096774193548	0.0967741935483871	0	0.032258064516129	0.145161290322581	0.629032258064516	0.209677419354839	0	0	0.0806451612903226	0.483870967741935	0.290322580645161	0	0	0.025186175916516	0.0150563004804551	0.00814462037722251
0.0933333333333333	0.253333333333333	0.36	0	0	0	0.16	0.426666666666667	0.16	0.0666666666666667	0.0266666666666667	0.04	0.28	0.213333333333333	0.12	0.00694019069699551	0.00414884724350318	0.00224429539283465
0.036144578313253	0.156626506024096	0.349397590361446	0.27710843373494	0.0602409638554217	0.0120481927710843	0	0.457831325301205	0.433734939759036	0.289156626506024	0	0.0843373493975904	0.072289156626506	0.204819277108434	0.289156626506024	0.0877975931547624	0.0524854169358836	0.0283916887045347
0.032258064516129	0.043010752688172	0.204301075268817	0.118279569892473	0.290322580645161	0.0967741935483871	0.021505376344086	0	0.258064516129032	0.419354838709677	0.182795698924731	0.0967741935483871	0.032258064516129	0.10752688172043	0.236559139784946	0.279846399072399	0.167292227560612	0.090495781969139
0.145454545454545	0.0363636363636364	0.0909090909090909	0.0181818181818182	0.109090909090909	0.563636363636364	0.0363636363636364	0	0.0363636363636364	0.0727272727272727	0.563636363636364	0.218181818181818	0.0363636363636364	0	0	0.0662472748349571	0.039602632778894	0.0214228196588762
0.0483870967741935	0.032258064516129	0.032258064516129	0	0.112903225806452	0.354838709677419	0.17741935483871	0.0483870967741935	0	0.0161290322580645	0.129032258064516	0.725806451612903	0.209677419354839	0.032258064516129	1.19354838709677	0.268652543109504	0.160600538458187	0.0868759506903735
0.106382978723404	0.0212765957446809	0.127659574468085	0	0.0425531914893617	0.170212765957447	0.276595744680851	0.25531914893617	0.0425531914893617	0.0212765957446809	0.0425531914893617	0.170212765957447	0.638297872340426	0.340425531914894	0.0212765957446809	0.121822496277049	0.0728255101253217	0.0393945467891188
0	0.171428571428571	0.114285714285714	0	0	0.0571428571428571	0.171428571428571	0.285714285714286	0.0285714285714286	0.0571428571428571	0.0285714285714286	0.2	0.228571428571429	0.828571428571429	0.228571428571429	0.0892310232470851	0.0533423217021837	0.0288552264793026
0	0.0740740740740741	0.111111111111111	0.037037037037037	0.037037037037037	0.037037037037037	0	0.259259259259259	0.259259259259259	0.259259259259259	0.0740740740740741	0	0	0.333333333333333	0.481481481481481	0.0578349224749626	0.0345737270291931	0.0187024616069554
0	0	0.05	0.025	0.025	0.075	0	0	0.05	0.1	0.075	0.375	0.35	0.3	0.25	0.481475729604063	0.287826277518033	0.155697992877904
0	0	0.05	0.025	0.025	0.075	0	0	0.05	0.1	0.075	0.375	0.35	0.3	0.25	0.481475729604063	0.287826277518033	0.155697992877904
0	0	0.05	0.025	0.025	0.075	0	0	0.05	0.1	0.075	0.375	0.35	0.3	0.25	0.481475729604063	0.287826277518033	0.155697992877904
