0	0.0175438596491228	0.0350877192982456	0	0	0.526315789473684	1.2280701754386	0.350877192982456	0	0.0526315789473684	0.192982456140351	0.456140350877193	0.473684210526316	0.385964912280702	0.0526315789473684	0.0273954895934033	0.0163770285927757	0.0088590607611894
0	0.0344827586206897	0.0172413793103448	0	0.0172413793103448	0	0.603448275862069	1.03448275862069	0.120689655172414	0.137931034482759	0	0.258620689655172	0.327586206896552	0.327586206896552	0.241379310344828	0.0448719226098848	0.0268244433847188	0.0145105305571206
0	0.0217391304347826	0.0652173913043478	0.152173913043478	0	0	0.0217391304347826	0.717391304347826	0.695652173913043	0.326086956521739	0.0652173913043478	0.0434782608695652	0.326086956521739	0.369565217391304	0.108695652173913	0.113155283103188	0.0676442485353779	0.0365917727092606
0	0.0508474576271186	0.0338983050847458	0.0508474576271186	0.0169491525423729	0	0	0.23728813559322	0.627118644067797	0.491525423728814	0.135593220338983	0.372881355932203	0.152542372881356	0.135593220338983	0.0508474576271186	0.299957394531162	0.179314584253103	0.0969992076564128
0.021505376344086	0	0.032258064516129	0	0.0645161290322581	0.0752688172043011	0.032258064516129	0	0.139784946236559	0.473118279569892	0.505376344086022	0.279569892473118	0.21505376344086	0.032258064516129	0.0645161290322581	0.0783569917402719	0.0468418237169714	0.0253388189513589
0.186666666666667	0.0266666666666667	0	0.0266666666666667	0.04	0.266666666666667	0.04	0.0266666666666667	0.0133333333333333	0.0933333333333333	0.506666666666667	0.6	0.106666666666667	0.0133333333333333	0	0.013880381393991	0.00829769448700635	0.0044885907856693
0.354838709677419	0.274193548387097	0.0483870967741935	0	0	0.129032258064516	0.564516129032258	0.209677419354839	0	0	0.0645161290322581	0.370967741935484	0.241935483870968	0.0806451612903226	0	0.00839539197217199	0.00501876682681836	0.00271487345907417
0.0666666666666667	0.266666666666667	0.4	0.0266666666666667	0	0.08	0.186666666666667	0.346666666666667	0.146666666666667	0.2	0.0133333333333333	0.0533333333333333	0.253333333333333	0.226666666666667	0.0933333333333333	0	0	0
0.0602409638554217	0.072289156626506	0.325301204819277	0.204819277108434	0.0602409638554217	0.0120481927710843	0	0.493975903614458	0.44578313253012	0.228915662650602	0	0.0602409638554217	0	0.144578313253012	0.240963855421687	0.0438987965773812	0.0262427084679418	0.0141958443522674
0.010752688172043	0.0537634408602151	0.043010752688172	0.129032258064516	0.32258064516129	0.182795698924731	0.0752688172043011	0	0.0860215053763441	0.408602150537634	0.258064516129032	0.0537634408602151	0.010752688172043	0.0860215053763441	0.182795698924731	0.156713983480544	0.0936836474339427	0.0506776379027179
0.0545454545454545	0.0545454545454545	0.0545454545454545	0.0727272727272727	0.145454545454545	0.509090909090909	0	0.0181818181818182	0.0181818181818182	0.272727272727273	0.490909090909091	0.218181818181818	0.0181818181818182	0	0	0.0851750676449449	0.0509176707157208	0.027543625275698
0.0806451612903226	0.032258064516129	0.0483870967741935	0	0.112903225806452	0.32258064516129	0.225806451612903	0.145161290322581	0	0	0.161290322580645	0.596774193548387	0.225806451612903	0.0967741935483871	0.645161290322581	0.29383871902602	0.175656838938643	0.095020571067596
0.0638297872340425	0.0212765957446809	0.0851063829787234	0	0.0212765957446809	0.0851063829787234	0.212765957446809	0.212765957446809	0.0212765957446809	0.0425531914893617	0.0212765957446809	0.212765957446809	0.595744680851064	0.148936170212766	0	0.0885981791105809	0.0529640073638703	0.0286505794829955
0	0.0571428571428571	0.0285714285714286	0.0571428571428571	0	0.142857142857143	0.285714285714286	0.0857142857142857	0.114285714285714	0	0.0285714285714286	0.0571428571428571	0.114285714285714	0.542857142857143	0.114285714285714	0.0148718372078475	0.00889038695036395	0.0048092044132171
0	0.037037037037037	0.037037037037037	0.037037037037037	0.111111111111111	0.0740740740740741	0.037037037037037	0	0.148148148148148	0.296296296296296	0.111111111111111	0.0740740740740741	0	0.111111111111111	0.555555555555556	0.115669844949925	0.0691474540583863	0.0374049232139108
0	0	0	0	0	0.025	0	0.05	0	0.1	0.225	0.2	0.225	0.125	0.125	0.403398584262864	0.241151746028622	0.130449669708514
0	0	0	0	0	0.025	0	0.05	0	0.1	0.225	0.2	0.225	0.125	0.125	0.403398584262864	0.241151746028622	0.130449669708514
0	0	0	0	0	0.025	0	0.05	0	0.1	0.225	0.2	0.225	0.125	0.125	0.403398584262864	0.241151746028622	0.130449669708514
