0	0.0175438596491228	0.0175438596491228	0	0.0175438596491228	0.491228070175439	0.929824561403509	0.526315789473684	0	0.0175438596491228	0.0526315789473684	0.473684210526316	0.596491228070175	0.403508771929825	0.0701754385964912	0.0456591493223389	0.0272950476546262	0.014765101268649
0	0.0517241379310345	0.0517241379310345	0	0.0862068965517241	0	0.724137931034483	0.879310344827586	0.0862068965517241	0.137931034482759	0	0.275862068965517	0.482758620689655	0.5	0.0862068965517241	0	0	0
0	0.0434782608695652	0.260869565217391	0.0434782608695652	0.0652173913043478	0.0217391304347826	0.108695652173913	0.565217391304348	0.369565217391304	0.456521739130435	0.108695652173913	0.195652173913043	0.152173913043478	0.41304347826087	0.0869565217391304	0.0565776415515938	0.0338221242676889	0.0182958863546303
0	0	0.0338983050847458	0.0508474576271186	0	0	0	0.0338983050847458	0.372881355932203	0.440677966101695	0.203389830508475	0.23728813559322	0.169491525423729	0.0677966101694915	0.0338983050847458	0.176445526194801	0.105479167207708	0.0570583574449487
0.10752688172043	0	0.021505376344086	0	0.182795698924731	0.182795698924731	0.032258064516129	0	0.193548387096774	0.290322580645161	0.408602150537634	0.204301075268817	0.247311827956989	0.032258064516129	0.010752688172043	0.02798463990724	0.0167292227560612	0.0090495781969139
0.226666666666667	0	0	0.0133333333333333	0.0533333333333333	0.226666666666667	0.0266666666666667	0.0266666666666667	0	0.146666666666667	0.4	0.56	0.133333333333333	0.0666666666666667	0	0.027760762787982	0.0165953889740127	0.00897718157133859
0.290322580645161	0.32258064516129	0.032258064516129	0	0.032258064516129	0.032258064516129	0.564516129032258	0.17741935483871	0.032258064516129	0	0.112903225806452	0.274193548387097	0.354838709677419	0.161290322580645	0	0	0	0
0.0666666666666667	0.373333333333333	0.32	0.0133333333333333	0	0.0533333333333333	0.266666666666667	0.306666666666667	0.133333333333333	0.16	0.0133333333333333	0.0933333333333333	0.52	0.253333333333333	0.12	0.0208205720909865	0.0124465417305095	0.00673288617850395
0.0240963855421687	0.0843373493975904	0.349397590361446	0.265060240963855	0.108433734939759	0	0	0.240963855421687	0.421686746987952	0.240963855421687	0	0.0843373493975904	0.0120481927710843	0.120481927710843	0.253012048192771	0.0752550798469392	0.0449875002307573	0.0243357331753155
0.010752688172043	0.0645161290322581	0.172043010752688	0.0860215053763441	0.290322580645161	0.0967741935483871	0.0537634408602151	0	0.150537634408602	0.365591397849462	0.172043010752688	0.0645161290322581	0.010752688172043	0.0645161290322581	0.172043010752688	0.128729343573304	0.0769544246778815	0.041628059705804
0.0909090909090909	0.0545454545454545	0.0909090909090909	0.0181818181818182	0.163636363636364	0.454545454545455	0.0181818181818182	0.0363636363636364	0.0363636363636364	0.0727272727272727	0.545454545454545	0.254545454545455	0.0363636363636364	0	0	0.0567833784299632	0.0339451138104805	0.0183624168504653
0.0483870967741935	0.0806451612903226	0.032258064516129	0	0.032258064516129	0.241935483870968	0.161290322580645	0.225806451612903	0	0	0.0806451612903226	0.67741935483871	0.193548387096774	0.032258064516129	1.14516129032258	0.503723518330319	0.301126009609102	0.16289240754445
0	0.0212765957446809	0.106382978723404	0.0425531914893617	0.0212765957446809	0.0851063829787234	0.148936170212766	0.212765957446809	0.0425531914893617	0.0851063829787234	0	0.127659574468085	0.702127659574468	0.25531914893617	0.0638297872340425	0.166121585832339	0.0993075138072569	0.0537198365306166
0.114285714285714	0.0571428571428571	0.0571428571428571	0	0.0285714285714286	0.0571428571428571	0.2	0.314285714285714	0.0571428571428571	0.0285714285714286	0.0857142857142857	0.142857142857143	0.171428571428571	0.6	0.285714285714286	0.0594873488313901	0.0355615478014558	0.0192368176528684
0.037037037037037	0.148148148148148	0.037037037037037	0.037037037037037	0.111111111111111	0.0740740740740741	0.111111111111111	0.296296296296296	0.296296296296296	0.185185185185185	0.333333333333333	0.0740740740740741	0.0740740740740741	0.222222222222222	0.444444444444444	0.192783074916542	0.115245756763977	0.0623415386898513
0	0.025	0.05	0	0.025	0.125	0	0.1	0.1	0.05	0.275	0.2	0.125	0.2	0.075	0.260257151137332	0.155581771631369	0.0841610772312993
0	0.025	0.05	0	0.025	0.125	0	0.1	0.1	0.05	0.275	0.2	0.125	0.2	0.075	0.260257151137332	0.155581771631369	0.0841610772312993
0	0.025	0.05	0	0.025	0.125	0	0.1	0.1	0.05	0.275	0.2	0.125	0.2	0.075	0.260257151137332	0.155581771631369	0.0841610772312993
