0.0350877192982456	0.0526315789473684	0.0350877192982456	0.0175438596491228	0.0350877192982456	0.473684210526316	1.26315789473684	0.368421052631579	0.0701754385964912	0.0701754385964912	0.175438596491228	0.508771929824561	0.508771929824561	0.245614035087719	0.087719298245614	0.0273954895934033	0.0163770285927757	0.0088590607611894
0	0.206896551724138	0.0517241379310345	0	0	0.172413793103448	0.53448275862069	1.05172413793103	0.0862068965517241	0.0517241379310345	0	0.224137931034483	0.413793103448276	0.344827586206897	0.137931034482759	0	0	0
0	0.0217391304347826	0.152173913043478	0.0869565217391304	0	0.0434782608695652	0.173913043478261	0.652173913043478	0.456521739130435	0.239130434782609	0.173913043478261	0.0434782608695652	0.239130434782609	0.58695652173913	0.108695652173913	0.0678931698619126	0.0405865491212267	0.0219550636255563
0	0.11864406779661	0	0.0508474576271186	0.0677966101694915	0	0	0.203389830508475	0.406779661016949	0.677966101694915	0.305084745762712	0.169491525423729	0.169491525423729	0.11864406779661	0.169491525423729	0.141156420955841	0.0843833337661663	0.045646685955959
0.0645161290322581	0	0.021505376344086	0	0.032258064516129	0.10752688172043	0.043010752688172	0	0.258064516129032	0.408602150537634	0.473118279569892	0.258064516129032	0.172043010752688	0.0537634408602151	0.043010752688172	0.0559692798144799	0.0334584455121224	0.0180991563938278
0.186666666666667	0	0	0	0.0533333333333333	0.293333333333333	0.0133333333333333	0.0266666666666667	0	0.0933333333333333	0.44	0.88	0.08	0.0133333333333333	0	0	0	0
0.338709677419355	0.17741935483871	0.0161290322580645	0	0	0.0967741935483871	0.629032258064516	0.193548387096774	0.0645161290322581	0	0.032258064516129	0.387096774193548	0.387096774193548	0.0645161290322581	0	0	0	0
0.106666666666667	0.266666666666667	0.346666666666667	0.04	0	0.0666666666666667	0.106666666666667	0.4	0.16	0.226666666666667	0.0266666666666667	0.106666666666667	0.266666666666667	0.32	0.106666666666667	0	0	0
0.0240963855421687	0.0843373493975904	0.385542168674699	0.253012048192771	0.0481927710843374	0	0	0.385542168674699	0.469879518072289	0.204819277108434	0	0.0843373493975904	0.072289156626506	0.240963855421687	0.216867469879518	0.0250850266156464	0.0149958334102524	0.00811191105843849
0.0537634408602151	0.043010752688172	0.118279569892473	0.150537634408602	0.290322580645161	0.118279569892473	0.0645161290322581	0	0.150537634408602	0.408602150537634	0.204301075268817	0.0860215053763441	0.010752688172043	0.0752688172043011	0.139784946236559	0.0895508477031679	0.0535335128193958	0.0289586502301245
0.0181818181818182	0.0727272727272727	0.145454545454545	0.0545454545454545	0.163636363636364	0.254545454545455	0.0909090909090909	0.0545454545454545	0.0909090909090909	0.163636363636364	0.4	0.236363636363636	0.0545454545454545	0	0	0.0662472748349571	0.039602632778894	0.0214228196588762
0.032258064516129	0.0645161290322581	0.0483870967741935	0	0.0645161290322581	0.435483870967742	0.193548387096774	0.17741935483871	0	0.0161290322580645	0.0645161290322581	0.758064516129032	0.354838709677419	0.0645161290322581	0.661290322580645	0.0587677438052039	0.0351313677877285	0.0190041142135192
0.0212765957446809	0.0212765957446809	0.0638297872340425	0.0212765957446809	0.0638297872340425	0.170212765957447	0.212765957446809	0.127659574468085	0.0212765957446809	0.0425531914893617	0	0.191489361702128	0.74468085106383	0.297872340425532	0.0638297872340425	0.0996729514994036	0.0595845082843541	0.0322319019183699
0.0285714285714286	0.0571428571428571	0	0	0.0285714285714286	0.0285714285714286	0.257142857142857	0.2	0.114285714285714	0	0.0857142857142857	0.0571428571428571	0.2	0.342857142857143	0.257142857142857	0.029743674415695	0.0177807739007279	0.00961840882643421
0	0.259259259259259	0	0.0740740740740741	0.148148148148148	0	0.037037037037037	0.37037037037037	0.518518518518518	0.185185185185185	0.259259259259259	0.148148148148148	0	0.185185185185185	0.37037037037037	0.115669844949925	0.0691474540583863	0.0374049232139108
0	0.025	0.025	0.075	0.1	0	0	0.05	0.2	0.2	0.3	0.15	0.3	0.275	0.1	0.234231436023598	0.140023594468232	0.0757449695081694
0	0.025	0.025	0.075	0.1	0	0	0.05	0.2	0.2	0.3	0.15	0.3	0.275	0.1	0.234231436023598	0.140023594468232	0.0757449695081694
0	0.025	0.025	0.075	0.1	0	0	0.05	0.2	0.2	0.3	0.15	0.3	0.275	0.1	0.234231436023598	0.140023594468232	0.0757449695081694
