0.0350877192982456	0.0175438596491228	0.0350877192982456	0	0.0526315789473684	0.508771929824561	1.17543859649123	0.385964912280702	0	0.0526315789473684	0.105263157894737	0.631578947368421	0.350877192982456	0.368421052631579	0.0175438596491228	0.0547909791868066	0.0327540571855514	0.0177181215223788
0	0.0862068965517241	0.103448275862069	0	0.0172413793103448	0.0862068965517241	0.413793103448276	1.06896551724138	0.241379310344828	0.0344827586206897	0	0.224137931034483	0.275862068965517	0.586206896551724	0.189655172413793	0	0	0
0	0.0217391304347826	0.130434782608696	0.0652173913043478	0.0434782608695652	0.0434782608695652	0.0217391304347826	0.565217391304348	0.543478260869565	0.260869565217391	0.130434782608696	0.0869565217391304	0.108695652173913	0.304347826086957	0.0652173913043478	0.0452621132412751	0.0270576994141512	0.0146367090837042
0	0.101694915254237	0.0169491525423729	0.0508474576271186	0.0677966101694915	0	0	0.152542372881356	0.423728813559322	0.610169491525424	0.271186440677966	0.220338983050847	0.11864406779661	0.135593220338983	0.0847457627118644	0.194090078814281	0.116027083928479	0.0627641931894436
0.0752688172043011	0	0.021505376344086	0	0.0537634408602151	0.150537634408602	0	0	0.129032258064516	0.408602150537634	0.483870967741935	0.182795698924731	0.21505376344086	0	0.021505376344086	0.02798463990724	0.0167292227560612	0.0090495781969139
0.173333333333333	0.0266666666666667	0	0.0666666666666667	0.04	0.306666666666667	0.04	0	0.0133333333333333	0.0666666666666667	0.506666666666667	0.573333333333333	0.173333333333333	0	0	0.013880381393991	0.00829769448700635	0.0044885907856693
0.419354838709677	0.306451612903226	0.032258064516129	0	0.0161290322580645	0.032258064516129	0.596774193548387	0.17741935483871	0.032258064516129	0	0.112903225806452	0.193548387096774	0.258064516129032	0.290322580645161	0	0.025186175916516	0.0150563004804551	0.00814462037722251
0.0666666666666667	0.24	0.453333333333333	0.0133333333333333	0	0.0133333333333333	0.2	0.386666666666667	0.16	0.0666666666666667	0.0266666666666667	0.0533333333333333	0.426666666666667	0.173333333333333	0.08	0.013880381393991	0.00829769448700635	0.0044885907856693
0.0481927710843374	0.0963855421686747	0.36144578313253	0.240963855421687	0.0963855421686747	0.0240963855421687	0	0.55421686746988	0.481927710843373	0.289156626506024	0	0.144578313253012	0.108433734939759	0.0963855421686747	0.325301204819277	0.0501700532312928	0.0299916668205049	0.016223822116877
0.0645161290322581	0.0645161290322581	0.10752688172043	0.0967741935483871	0.333333333333333	0.118279569892473	0.043010752688172	0	0.129032258064516	0.344086021505376	0.290322580645161	0.0537634408602151	0.010752688172043	0.10752688172043	0.193548387096774	0.190295551369232	0.113758714741216	0.0615371317390146
0.0727272727272727	0.0909090909090909	0.0545454545454545	0.0363636363636364	0.2	0.327272727272727	0.0545454545454545	0.0181818181818182	0.0363636363636364	0.0909090909090909	0.454545454545455	0.327272727272727	0.0181818181818182	0	0	0.075711171239951	0.0452601517473074	0.0244832224672871
0.0806451612903226	0.0483870967741935	0.0967741935483871	0	0.032258064516129	0.274193548387097	0.209677419354839	0.193548387096774	0.0161290322580645	0.032258064516129	0.0967741935483871	0.580645161290323	0.241935483870968	0.0645161290322581	2.30645161290323	0.0755585277495479	0.0451689014413652	0.0244338611316675
0.0212765957446809	0.0638297872340425	0.127659574468085	0.0638297872340425	0.0425531914893617	0.127659574468085	0.297872340425532	0.297872340425532	0.106382978723404	0.0638297872340425	0.0425531914893617	0.148936170212766	0.74468085106383	0.25531914893617	0.0212765957446809	0.0332243171664679	0.0198615027614514	0.0107439673061233
0.0285714285714286	0.0571428571428571	0	0.0285714285714286	0	0.0571428571428571	0.114285714285714	0.457142857142857	0.0857142857142857	0	0.0571428571428571	0.0857142857142857	0.171428571428571	0.571428571428571	0.2	0.0446155116235426	0.0266711608510919	0.0144276132396513
0.037037037037037	0.037037037037037	0.111111111111111	0.111111111111111	0.0740740740740741	0.0740740740740741	0.111111111111111	0.185185185185185	0.296296296296296	0.185185185185185	0.296296296296296	0.0740740740740741	0.0740740740740741	0.148148148148148	0.555555555555556	0.115669844949925	0.0691474540583863	0.0374049232139108
0	0.075	0.05	0.05	0.05	0.025	0	0	0.175	0.175	0.225	0.2	0.225	0.475	0.15	0.169167148239266	0.10112815156039	0.0547047002003446
0	0.075	0.05	0.05	0.05	0.025	0	0	0.175	0.175	0.225	0.2	0.225	0.475	0.15	0.169167148239266	0.10112815156039	0.0547047002003446
0	0.075	0.05	0.05	0.05	0.025	0	0	0.175	0.175	0.225	0.2	0.225	0.475	0.15	0.169167148239266	0.10112815156039	0.0547047002003446
