0	0	0.0350877192982456	0	0.0175438596491228	0.473684210526316	1.10526315789474	0.508771929824561	0.0175438596491228	0.0701754385964912	0.157894736842105	0.263157894736842	0.192982456140351	0.491228070175439	0.0701754385964912	0.0273954895934033	0.0163770285927757	0.0088590607611894
0	0.0344827586206897	0.0689655172413793	0	0.0517241379310345	0.172413793103448	0.517241379310345	1.41379310344828	0.137931034482759	0.137931034482759	0	0.293103448275862	0.275862068965517	0.448275862068966	0.120689655172414	0.0269231535659308	0.0160946660308313	0.00870631833427234
0	0.0434782608695652	0.239130434782609	0.0869565217391304	0.0217391304347826	0.0217391304347826	0.108695652173913	0.521739130434783	0.608695652173913	0.456521739130435	0.130434782608696	0.0652173913043478	0.0434782608695652	0.41304347826087	0.0217391304347826	0.0565776415515938	0.0338221242676889	0.0182958863546303
0	0.0508474576271186	0.0338983050847458	0.11864406779661	0.0508474576271186	0	0	0.11864406779661	0.355932203389831	0.406779661016949	0.220338983050847	0.355932203389831	0.0338983050847458	0.0677966101694915	0.186440677966102	0.158800973575321	0.0949312504869371	0.0513525217004538
0.032258064516129	0	0.021505376344086	0	0.043010752688172	0.10752688172043	0.010752688172043	0	0.172043010752688	0.473118279569892	0.440860215053763	0.247311827956989	0.0860215053763441	0.010752688172043	0.0645161290322581	0.0615662077959279	0.0368042900633346	0.0199090720332106
0.0933333333333333	0.0266666666666667	0	0.04	0.0933333333333333	0.186666666666667	0.08	0.08	0	0.16	0.413333333333333	0.56	0.16	0.0666666666666667	0	0	0	0
0.306451612903226	0.258064516129032	0.0645161290322581	0	0	0.193548387096774	0.532258064516129	0.354838709677419	0.032258064516129	0	0.0483870967741935	0.306451612903226	0.338709677419355	0.129032258064516	0	0.025186175916516	0.0150563004804551	0.00814462037722251
0.0533333333333333	0.28	0.306666666666667	0.04	0	0.0666666666666667	0.16	0.48	0.106666666666667	0.186666666666667	0.0266666666666667	0.0533333333333333	0.413333333333333	0.32	0.0933333333333333	0.00694019069699551	0.00414884724350318	0.00224429539283465
0.0240963855421687	0.108433734939759	0.337349397590361	0.313253012048193	0.120481927710843	0.036144578313253	0	0.36144578313253	0.44578313253012	0.253012048192771	0	0.0602409638554217	0.132530120481928	0.216867469879518	0.240963855421687	0.031356283269558	0.0187447917628156	0.0101398888230481
0.010752688172043	0.0752688172043011	0.10752688172043	0.10752688172043	0.279569892473118	0.0645161290322581	0.0537634408602151	0	0.139784946236559	0.365591397849462	0.0967741935483871	0.139784946236559	0.043010752688172	0.043010752688172	0.118279569892473	0.0951477756846158	0.0568793573706081	0.0307685658695073
0.0909090909090909	0.0181818181818182	0.127272727272727	0.109090909090909	0.145454545454545	0.4	0.0727272727272727	0.0181818181818182	0.0727272727272727	0.181818181818182	0.545454545454545	0.327272727272727	0.0545454545454545	0	0	0.075711171239951	0.0452601517473074	0.0244832224672871
0.0483870967741935	0	0	0	0.0806451612903226	0.354838709677419	0.112903225806452	0.0161290322580645	0.0161290322580645	0.0161290322580645	0.161290322580645	0.467741935483871	0.161290322580645	0	0.564516129032258	0.0419769598608599	0.0250938341340918	0.0135743672953709
0	0.0851063829787234	0.0212765957446809	0.0212765957446809	0.0425531914893617	0.0851063829787234	0.297872340425532	0.191489361702128	0.0425531914893617	0.0638297872340425	0.0425531914893617	0.148936170212766	0.638297872340426	0.382978723404255	0.0212765957446809	0.143972041054694	0.0860665119662893	0.0465571916598677
0.0285714285714286	0.114285714285714	0.0285714285714286	0	0	0.0571428571428571	0.0857142857142857	0.342857142857143	0.114285714285714	0	0.0285714285714286	0.142857142857143	0.257142857142857	0.685714285714286	0.114285714285714	0.0743591860392376	0.0444519347518198	0.0240460220660855
0	0.185185185185185	0.148148148148148	0.0740740740740741	0.111111111111111	0	0	0.333333333333333	0.111111111111111	0.259259259259259	0.0740740740740741	0.037037037037037	0.0740740740740741	0.222222222222222	0.518518518518518	0.115669844949925	0.0691474540583863	0.0374049232139108
0	0	0.075	0.025	0.1	0.05	0	0	0.075	0.25	0.1	0.225	0.2	0.275	0.225	0.442437156933464	0.264489011773328	0.143073831293209
0	0	0.075	0.025	0.1	0.05	0	0	0.075	0.25	0.1	0.225	0.2	0.275	0.225	0.442437156933464	0.264489011773328	0.143073831293209
0	0	0.075	0.025	0.1	0.05	0	0	0.075	0.25	0.1	0.225	0.2	0.275	0.225	0.442437156933464	0.264489011773328	0.143073831293209
