0.0350877192982456	0.0175438596491228	0	0.0526315789473684	0	0.526315789473684	0.859649122807018	0.421052631578947	0.12280701754386	0.0701754385964912	0.456140350877193	0.263157894736842	0.368421052631579	0.280701754385965	0	0.0456591493223389	0.0272950476546262	0.014765101268649
0	0.0344827586206897	0.0517241379310345	0	0.0172413793103448	0	0.568965517241379	1.24137931034483	0.0517241379310345	0.0689655172413793	0	0.189655172413793	0.551724137931034	0.379310344827586	0.206896551724138	0.0179487690439539	0.0107297773538875	0.00580421222284823
0	0.0434782608695652	0.0869565217391304	0.0217391304347826	0.0217391304347826	0	0.0869565217391304	0.630434782608696	0.652173913043478	0.391304347826087	0.0434782608695652	0.0869565217391304	0.108695652173913	0.543478260869565	0.0652173913043478	0.0339465849309563	0.0202932745606134	0.0109775318127782
0	0	0.0169491525423729	0.0508474576271186	0	0	0	0.0508474576271186	0.491525423728814	0.288135593220339	0.220338983050847	0.23728813559322	0.0508474576271186	0.11864406779661	0.0677966101694915	0.0882227630974005	0.0527395836038539	0.0285291787224743
0.032258064516129	0	0.043010752688172	0	0.021505376344086	0.182795698924731	0.032258064516129	0	0.258064516129032	0.440860215053763	0.333333333333333	0.290322580645161	0.193548387096774	0.043010752688172	0.0537634408602151	0.0783569917402719	0.0468418237169714	0.0253388189513589
0.186666666666667	0	0	0.04	0	0.293333333333333	0.04	0.0266666666666667	0.0266666666666667	0.0533333333333333	0.546666666666667	0.466666666666667	0.226666666666667	0.0133333333333333	0	0.027760762787982	0.0165953889740127	0.00897718157133859
0.209677419354839	0.354838709677419	0.0967741935483871	0	0.032258064516129	0.032258064516129	0.516129032258065	0.225806451612903	0.032258064516129	0	0.0806451612903226	0.338709677419355	0.338709677419355	0.032258064516129	0	0.00839539197217199	0.00501876682681836	0.00271487345907417
0.12	0.213333333333333	0.24	0.0533333333333333	0	0.0933333333333333	0.226666666666667	0.293333333333333	0.16	0.146666666666667	0	0.0933333333333333	0.253333333333333	0.226666666666667	0.0666666666666667	0.013880381393991	0.00829769448700635	0.0044885907856693
0.0481927710843374	0.0963855421686747	0.457831325301205	0.168674698795181	0.0843373493975904	0.036144578313253	0	0.481927710843373	0.578313253012048	0.204819277108434	0	0.072289156626506	0.168674698795181	0.192771084337349	0.240963855421687	0.031356283269558	0.0187447917628156	0.0101398888230481
0.032258064516129	0.043010752688172	0.182795698924731	0.129032258064516	0.204301075268817	0.0860215053763441	0.0537634408602151	0	0.129032258064516	0.333333333333333	0.161290322580645	0.10752688172043	0.0537634408602151	0.0860215053763441	0.21505376344086	0.184698623387784	0.110412870190004	0.0597272160996318
0.145454545454545	0.0545454545454545	0.0363636363636364	0.0181818181818182	0.127272727272727	0.4	0.0181818181818182	0.0181818181818182	0	0.145454545454545	0.345454545454545	0.327272727272727	0	0	0	0.0662472748349571	0.039602632778894	0.0214228196588762
0.032258064516129	0.032258064516129	0.0483870967741935	0	0.032258064516129	0.290322580645161	0.225806451612903	0.0967741935483871	0.0483870967741935	0.0161290322580645	0.112903225806452	0.693548387096774	0.193548387096774	0.0645161290322581	1.7741935483871	0.285443327053848	0.170638072111824	0.0923056976085218
0	0	0.0425531914893617	0.0425531914893617	0	0.191489361702128	0.361702127659574	0.170212765957447	0.0425531914893617	0	0.0212765957446809	0.212765957446809	0.851063829787234	0.148936170212766	0.0425531914893617	0	0	0
0.0285714285714286	0.0285714285714286	0	0	0	0	0.114285714285714	0.371428571428571	0.0571428571428571	0	0.0285714285714286	0	0.2	0.4	0.2	0	0	0
0.0740740740740741	0.037037037037037	0.037037037037037	0	0.037037037037037	0.0740740740740741	0.148148148148148	0.185185185185185	0.148148148148148	0.111111111111111	0.407407407407407	0.037037037037037	0.0740740740740741	0.407407407407407	0.37037037037037	0.173504767424888	0.103721181087579	0.0561073848208662
0	0.025	0.05	0.025	0.025	0.05	0	0	0.125	0.125	0.15	0.15	0.3	0.25	0.15	0.273270008694198	0.163360860212938	0.0883691310928643
0	0.025	0.05	0.025	0.025	0.05	0	0	0.125	0.125	0.15	0.15	0.3	0.25	0.15	0.273270008694198	0.163360860212938	0.0883691310928643
0	0.025	0.05	0.025	0.025	0.05	0	0	0.125	0.125	0.15	0.15	0.3	0.25	0.15	0.273270008694198	0.163360860212938	0.0883691310928643
