0.0175438596491228	0	0.105263157894737	0.0350877192982456	0	0.543859649122807	0.842105263157895	0.578947368421053	0.087719298245614	0.087719298245614	0.175438596491228	0.298245614035088	0.649122807017544	0.315789473684211	0.0526315789473684	0.0273954895934033	0.0163770285927757	0.0088590607611894
0	0.120689655172414	0.0689655172413793	0	0	0.258620689655172	0.603448275862069	0.827586206896552	0.155172413793103	0.120689655172414	0	0.362068965517241	0.362068965517241	0.344827586206897	0.258620689655172	0.00897438452197695	0.00536488867694376	0.00290210611142411
0	0.0217391304347826	0.152173913043478	0.152173913043478	0	0.0217391304347826	0.0434782608695652	0.717391304347826	0.543478260869565	0.304347826086957	0.173913043478261	0.0869565217391304	0.152173913043478	0.41304347826087	0.0217391304347826	0.0678931698619126	0.0405865491212267	0.0219550636255563
0	0.0677966101694915	0.0169491525423729	0.0508474576271186	0.0338983050847458	0	0	0.186440677966102	0.525423728813559	0.457627118644068	0.11864406779661	0.101694915254237	0.101694915254237	0.11864406779661	0.0338983050847458	0.114689592026621	0.0685614586850101	0.0370879323392166
0.043010752688172	0	0.021505376344086	0	0.0967741935483871	0.172043010752688	0.021505376344086	0	0.118279569892473	0.387096774193548	0.591397849462366	0.225806451612903	0.247311827956989	0.021505376344086	0.0645161290322581	0.0783569917402719	0.0468418237169714	0.0253388189513589
0.12	0.0133333333333333	0	0.0133333333333333	0.106666666666667	0.186666666666667	0.0266666666666667	0.08	0.0133333333333333	0.0533333333333333	0.56	0.52	0.0533333333333333	0.0666666666666667	0	0.013880381393991	0.00829769448700635	0.0044885907856693
0.290322580645161	0.209677419354839	0.0483870967741935	0	0	0.225806451612903	0.548387096774194	0.354838709677419	0.0645161290322581	0	0.0967741935483871	0.209677419354839	0.354838709677419	0.0806451612903226	0	0.00839539197217199	0.00501876682681836	0.00271487345907417
0.106666666666667	0.226666666666667	0.4	0.0266666666666667	0	0.0266666666666667	0.186666666666667	0.44	0.186666666666667	0.08	0.0133333333333333	0.0533333333333333	0.28	0.186666666666667	0.16	0	0	0
0.072289156626506	0.0481927710843374	0.265060240963855	0.289156626506024	0.0481927710843374	0.0240963855421687	0	0.457831325301205	0.457831325301205	0.180722891566265	0	0.0481927710843374	0.108433734939759	0.180722891566265	0.216867469879518	0.0376275399234696	0.0224937501153787	0.0121678665876577
0.021505376344086	0.021505376344086	0.139784946236559	0.0860215053763441	0.236559139784946	0.043010752688172	0.021505376344086	0	0.150537634408602	0.32258064516129	0.150537634408602	0.10752688172043	0.0537634408602151	0.0537634408602151	0.129032258064516	0.0615662077959279	0.0368042900633346	0.0199090720332106
0.127272727272727	0.0363636363636364	0.0727272727272727	0.0727272727272727	0.163636363636364	0.4	0.0363636363636364	0.0545454545454545	0.0181818181818182	0.145454545454545	0.454545454545455	0.272727272727273	0	0	0	0.104102860454933	0.0622327086525477	0.0336644308925197
0.0483870967741935	0.0483870967741935	0.0161290322580645	0	0.032258064516129	0.370967741935484	0.338709677419355	0.112903225806452	0.0161290322580645	0.0161290322580645	0.129032258064516	0.741935483870968	0.258064516129032	0.032258064516129	0.580645161290323	0.260257151137332	0.155581771631369	0.0841610772312993
0	0	0.106382978723404	0.0212765957446809	0.0425531914893617	0.170212765957447	0.191489361702128	0.25531914893617	0.0638297872340425	0.0425531914893617	0.0212765957446809	0.276595744680851	0.680851063829787	0.191489361702128	0	0.0332243171664679	0.0198615027614514	0.0107439673061233
0.0571428571428571	0.0285714285714286	0.0285714285714286	0.0571428571428571	0	0.0571428571428571	0.228571428571429	0.485714285714286	0.0285714285714286	0	0.0285714285714286	0.0571428571428571	0.2	0.371428571428571	0.0857142857142857	0.029743674415695	0.0177807739007279	0.00961840882643421
0	0.0740740740740741	0.111111111111111	0.037037037037037	0.111111111111111	0.148148148148148	0	0.296296296296296	0.185185185185185	0.222222222222222	0.222222222222222	0.037037037037037	0	0.296296296296296	0.296296296296296	0.0963915374582709	0.0576228783819886	0.0311707693449257
0	0.025	0	0.075	0.05	0.1	0	0	0.1	0.125	0.35	0.125	0.35	0.25	0.275	0.247244293580465	0.147802683049801	0.0799530233697343
0	0.025	0	0.075	0.05	0.1	0	0	0.1	0.125	0.35	0.125	0.35	0.25	0.275	0.247244293580465	0.147802683049801	0.0799530233697343
0	0.025	0	0.075	0.05	0.1	0	0	0.1	0.125	0.35	0.125	0.35	0.25	0.275	0.247244293580465	0.147802683049801	0.0799530233697343
