0.0175438596491228	0.0175438596491228	0.0175438596491228	0.0175438596491228	0.0350877192982456	0.649122807017544	1	0.298245614035088	0.0701754385964912	0.0175438596491228	0.192982456140351	0.473684210526316	0.350877192982456	0.298245614035088	0	0.0273954895934033	0.0163770285927757	0.0088590607611894
0	0.0517241379310345	0.0172413793103448	0	0.0172413793103448	0.0862068965517241	0.344827586206897	0.879310344827586	0.224137931034483	0.0689655172413793	0	0.137931034482759	0.53448275862069	0.241379310344828	0.258620689655172	0.00897438452197695	0.00536488867694376	0.00290210611142411
0	0.0217391304347826	0.195652173913043	0.195652173913043	0.0434782608695652	0	0.0652173913043478	0.630434782608696	0.58695652173913	0.434782608695652	0.0869565217391304	0	0.130434782608696	0.41304347826087	0.0217391304347826	0.0905242264825501	0.0541153988283023	0.0292734181674085
0	0.0338983050847458	0	0.0169491525423729	0.0338983050847458	0	0	0.186440677966102	0.593220338983051	0.542372881355932	0.101694915254237	0.355932203389831	0.11864406779661	0.0847457627118644	0.0169491525423729	0.229379184053241	0.13712291737002	0.0741758646784333
0.0752688172043011	0	0.032258064516129	0	0.10752688172043	0.161290322580645	0.032258064516129	0	0.204301075268817	0.419354838709677	0.408602150537634	0.279569892473118	0.161290322580645	0.032258064516129	0.0537634408602151	0.0671631357773759	0.0401501346145469	0.0217189876725934
0.173333333333333	0	0	0.0133333333333333	0.04	0.226666666666667	0.0533333333333333	0.0266666666666667	0.0133333333333333	0.08	0.453333333333333	0.666666666666667	0.146666666666667	0.04	0	0	0	0
0.274193548387097	0.258064516129032	0.0483870967741935	0	0	0.129032258064516	0.67741935483871	0.274193548387097	0	0	0.032258064516129	0.435483870967742	0.290322580645161	0.0645161290322581	0	0.00839539197217199	0.00501876682681836	0.00271487345907417
0.213333333333333	0.346666666666667	0.146666666666667	0	0	0.0266666666666667	0.226666666666667	0.333333333333333	0.08	0.0266666666666667	0.0266666666666667	0.0666666666666667	0.28	0.133333333333333	0.0666666666666667	0.00694019069699551	0.00414884724350318	0.00224429539283465
0.0602409638554217	0.072289156626506	0.337349397590361	0.228915662650602	0.120481927710843	0	0	0.265060240963855	0.409638554216867	0.240963855421687	0	0.072289156626506	0.0481927710843374	0.0963855421686747	0.289156626506024	0.0501700532312928	0.0299916668205049	0.016223822116877
0.021505376344086	0.043010752688172	0.236559139784946	0.032258064516129	0.290322580645161	0.0752688172043011	0.0645161290322581	0	0.182795698924731	0.301075268817204	0.225806451612903	0.0752688172043011	0	0.129032258064516	0.182795698924731	0.0615662077959279	0.0368042900633346	0.0199090720332106
0.109090909090909	0.0545454545454545	0.0545454545454545	0.0545454545454545	0.181818181818182	0.527272727272727	0.0363636363636364	0	0.0363636363636364	0.163636363636364	0.581818181818182	0.254545454545455	0.0181818181818182	0	0	0.0946389640499388	0.0565751896841342	0.0306040280841088
0.032258064516129	0.0483870967741935	0.0483870967741935	0	0.112903225806452	0.258064516129032	0.0645161290322581	0.0483870967741935	0	0	0.145161290322581	0.483870967741935	0.225806451612903	0	0.0161290322580645	0.495328126358147	0.296107242782283	0.160177534085376
0.0212765957446809	0.0425531914893617	0.0851063829787234	0.0425531914893617	0.0425531914893617	0.0851063829787234	0.234042553191489	0.127659574468085	0.0425531914893617	0.0212765957446809	0.106382978723404	0.0851063829787234	0.617021276595745	0.212765957446809	0.0425531914893617	0.0775234067217583	0.0463435064433865	0.0250692570476211
0.0571428571428571	0.0571428571428571	0.0571428571428571	0.0285714285714286	0.0285714285714286	0.171428571428571	0.314285714285714	0.342857142857143	0.114285714285714	0.0285714285714286	0.0571428571428571	0.0857142857142857	0.114285714285714	0.657142857142857	0.314285714285714	0.0446155116235426	0.0266711608510919	0.0144276132396513
0	0.037037037037037	0.0740740740740741	0.111111111111111	0.0740740740740741	0.111111111111111	0.037037037037037	0.148148148148148	0.111111111111111	0.185185185185185	0.185185185185185	0	0.037037037037037	0.407407407407407	0.444444444444444	0.115669844949925	0.0691474540583863	0.0374049232139108
0	0.025	0.025	0.075	0.1	0.125	0	0	0.15	0.175	0.275	0.225	0.325	0.325	0.225	0.312308581364798	0.186698125957643	0.100993292677559
0	0.025	0.025	0.075	0.1	0.125	0	0	0.15	0.175	0.275	0.225	0.325	0.325	0.225	0.312308581364798	0.186698125957643	0.100993292677559
0	0.025	0.025	0.075	0.1	0.125	0	0	0.15	0.175	0.275	0.225	0.325	0.325	0.225	0.312308581364798	0.186698125957643	0.100993292677559
