0.0350877192982456	0	0.0350877192982456	0.0175438596491228	0.0175438596491228	0.543859649122807	0.964912280701754	0.456140350877193	0.0350877192982456	0.105263157894737	0.210526315789474	0.368421052631579	0.315789473684211	0.43859649122807	0.0701754385964912	0.0273954895934033	0.0163770285927757	0.0088590607611894
0	0.0344827586206897	0.0172413793103448	0	0	0	0.620689655172414	1.12068965517241	0.0862068965517241	0.0172413793103448	0	0.224137931034483	0.46551724137931	0.344827586206897	0.0862068965517241	0	0	0
0	0.0434782608695652	0.152173913043478	0.108695652173913	0	0.0217391304347826	0.0869565217391304	0.630434782608696	0.478260869565217	0.434782608695652	0.217391304347826	0.0434782608695652	0.173913043478261	0.695652173913043	0.0652173913043478	0.0565776415515938	0.0338221242676889	0.0182958863546303
0	0.0847457627118644	0.0338983050847458	0.0847457627118644	0.0677966101694915	0	0	0.203389830508475	0.406779661016949	0.576271186440678	0.203389830508475	0.23728813559322	0.0508474576271186	0.169491525423729	0.186440677966102	0.185267802504541	0.110753125568093	0.0599112753171961
0.021505376344086	0	0.032258064516129	0	0.021505376344086	0.0967741935483871	0.032258064516129	0	0.236559139784946	0.440860215053763	0.483870967741935	0.225806451612903	0.139784946236559	0.032258064516129	0.0752688172043011	0.0951477756846158	0.0568793573706081	0.0307685658695073
0.12	0.0266666666666667	0	0.04	0.0133333333333333	0.253333333333333	0.0666666666666667	0.0266666666666667	0	0.133333333333333	0.413333333333333	0.693333333333333	0.12	0.0666666666666667	0	0.013880381393991	0.00829769448700635	0.0044885907856693
0.32258064516129	0.290322580645161	0.0483870967741935	0	0.032258064516129	0.0645161290322581	0.629032258064516	0.129032258064516	0.0161290322580645	0	0.0806451612903226	0.354838709677419	0.32258064516129	0.209677419354839	0	0.025186175916516	0.0150563004804551	0.00814462037722251
0.08	0.28	0.306666666666667	0.0133333333333333	0	0.0266666666666667	0.2	0.493333333333333	0.0666666666666667	0.12	0.0266666666666667	0.0666666666666667	0.346666666666667	0.226666666666667	0.0266666666666667	0.00694019069699551	0.00414884724350318	0.00224429539283465
0.0240963855421687	0.0963855421686747	0.337349397590361	0.27710843373494	0.120481927710843	0	0	0.228915662650602	0.493975903614458	0.192771084337349	0	0.0481927710843374	0.228915662650602	0.301204819277108	0.325301204819277	0.0188137699617348	0.0112468750576893	0.00608393329382887
0.032258064516129	0.021505376344086	0.118279569892473	0.139784946236559	0.32258064516129	0.10752688172043	0.043010752688172	0	0.182795698924731	0.387096774193548	0.193548387096774	0.0967741935483871	0.010752688172043	0.043010752688172	0.204301075268817	0.0951477756846158	0.0568793573706081	0.0307685658695073
0.0545454545454545	0.0545454545454545	0.0909090909090909	0.109090909090909	0.181818181818182	0.290909090909091	0.0727272727272727	0.0181818181818182	0.0727272727272727	0.145454545454545	0.581818181818182	0.2	0.0181818181818182	0	0	0.0378555856199755	0.0226300758736537	0.0122416112336435
0.0483870967741935	0.0645161290322581	0.032258064516129	0	0.0806451612903226	0.338709677419355	0.241935483870968	0.0161290322580645	0	0	0.193548387096774	0.645161290322581	0.17741935483871	0.0483870967741935	0.580645161290323	0.319024894942535	0.190713139419098	0.103165191444819
0.0212765957446809	0	0.0851063829787234	0.0212765957446809	0	0.106382978723404	0.234042553191489	0.191489361702128	0	0	0.0638297872340425	0.106382978723404	0.553191489361702	0.0425531914893617	0.0212765957446809	0.0221495447776452	0.0132410018409676	0.00716264487074888
0	0.0571428571428571	0.0285714285714286	0.0857142857142857	0	0.142857142857143	0.2	0.142857142857143	0.142857142857143	0	0.0285714285714286	0.0571428571428571	0.142857142857143	0.571428571428571	0.114285714285714	0	0	0
0	0.0740740740740741	0.111111111111111	0.037037037037037	0.0740740740740741	0.185185185185185	0	0.037037037037037	0.0740740740740741	0.259259259259259	0.111111111111111	0.037037037037037	0.037037037037037	0.37037037037037	0.481481481481481	0.0963915374582709	0.0576228783819886	0.0311707693449257
0	0.05	0.025	0.075	0.1	0.05	0	0	0.225	0.1	0.3	0.325	0.275	0.4	0.15	0.481475729604063	0.287826277518033	0.155697992877904
0	0.05	0.025	0.075	0.1	0.05	0	0	0.225	0.1	0.3	0.325	0.275	0.4	0.15	0.481475729604063	0.287826277518033	0.155697992877904
0	0.05	0.025	0.075	0.1	0.05	0	0	0.225	0.1	0.3	0.325	0.275	0.4	0.15	0.481475729604063	0.287826277518033	0.155697992877904
