0.087719298245614	0	0.0350877192982456	0	0.0175438596491228	0.596491228070175	1.01754385964912	0.403508771929825	0.0175438596491228	0.087719298245614	0.210526315789474	0.280701754385965	0.403508771929825	0.298245614035088	0.105263157894737	0.0273954895934033	0.0163770285927757	0.0088590607611894
0	0.0689655172413793	0.0344827586206897	0	0.0172413793103448	0	0.655172413793103	0.982758620689655	0.172413793103448	0.0689655172413793	0	0.379310344827586	0.46551724137931	0.448275862068966	0.120689655172414	0.00897438452197695	0.00536488867694376	0.00290210611142411
0	0	0.195652173913043	0.0434782608695652	0	0	0	0.565217391304348	0.565217391304348	0.41304347826087	0.0434782608695652	0.152173913043478	0.195652173913043	0.217391304347826	0.0434782608695652	0.0452621132412751	0.0270576994141512	0.0146367090837042
0	0.0677966101694915	0.0169491525423729	0.101694915254237	0.0338983050847458	0	0	0.186440677966102	0.440677966101695	0.576271186440678	0.101694915254237	0.322033898305085	0.0677966101694915	0.11864406779661	0.101694915254237	0.132334144646101	0.0791093754057809	0.0427937680837115
0.0537634408602151	0	0.032258064516129	0	0.021505376344086	0.150537634408602	0.021505376344086	0	0.236559139784946	0.473118279569892	0.483870967741935	0.225806451612903	0.182795698924731	0.021505376344086	0.0752688172043011	0.0839539197217199	0.0501876682681836	0.0271487345907417
0.106666666666667	0	0	0.0133333333333333	0.0666666666666667	0.4	0.0266666666666667	0	0.0133333333333333	0.04	0.466666666666667	0.586666666666667	0.186666666666667	0	0	0.013880381393991	0.00829769448700635	0.0044885907856693
0.306451612903226	0.338709677419355	0.0483870967741935	0	0.0483870967741935	0.0483870967741935	0.612903225806452	0.241935483870968	0.032258064516129	0	0.112903225806452	0.338709677419355	0.32258064516129	0.0483870967741935	0	0.025186175916516	0.0150563004804551	0.00814462037722251
0.0933333333333333	0.24	0.333333333333333	0.0133333333333333	0	0.04	0.12	0.506666666666667	0.16	0.106666666666667	0.0133333333333333	0.0533333333333333	0.28	0.333333333333333	0.106666666666667	0.013880381393991	0.00829769448700635	0.0044885907856693
0.0120481927710843	0.0843373493975904	0.421686746987952	0.228915662650602	0.072289156626506	0.0481927710843374	0	0.385542168674699	0.650602409638554	0.168674698795181	0	0.108433734939759	0.0963855421686747	0.253012048192771	0.313253012048193	0.0564413098852044	0.033740625173068	0.0182517998814866
0.021505376344086	0.0860215053763441	0.0860215053763441	0.0860215053763441	0.333333333333333	0.0967741935483871	0.032258064516129	0	0.0967741935483871	0.43010752688172	0.161290322580645	0.0752688172043011	0.021505376344086	0.0645161290322581	0.182795698924731	0.100744703666064	0.0602252019218203	0.0325784815088901
0.145454545454545	0.0181818181818182	0.0727272727272727	0.0545454545454545	0.163636363636364	0.581818181818182	0.0545454545454545	0	0.0545454545454545	0.163636363636364	0.527272727272727	0.290909090909091	0.0181818181818182	0	0	0.075711171239951	0.0452601517473074	0.0244832224672871
0.0806451612903226	0.0483870967741935	0.032258064516129	0	0.0483870967741935	0.290322580645161	0.225806451612903	0.0806451612903226	0.032258064516129	0	0.193548387096774	0.564516129032258	0.161290322580645	0.0161290322580645	1.74193548387097	0.0671631357773759	0.0401501346145469	0.0217189876725934
0	0.0638297872340425	0.170212765957447	0.0638297872340425	0.0212765957446809	0.106382978723404	0.0851063829787234	0.340425531914894	0.234042553191489	0	0.0851063829787234	0.0638297872340425	0.659574468085106	0.234042553191489	0.0638297872340425	0.166121585832339	0.0993075138072569	0.0537198365306166
0.0285714285714286	0.0571428571428571	0.0285714285714286	0	0	0.0571428571428571	0	0.257142857142857	0	0	0.0285714285714286	0.0857142857142857	0.2	0.714285714285714	0.142857142857143	0.104102860454933	0.0622327086525477	0.0336644308925197
0	0.555555555555556	0	0.0740740740740741	0.111111111111111	0.037037037037037	0	0.777777777777778	0.777777777777778	0.296296296296296	0.111111111111111	0.037037037037037	0	0.185185185185185	0.666666666666667	0.0192783074916542	0.0115245756763977	0.00623415386898513
0	0	0.025	0.025	0.05	0.075	0	0.05	0.075	0.075	0.125	0.225	0.2	0.025	0.175	0.53352715983153	0.318942631844307	0.172530208324164
0	0	0.025	0.025	0.05	0.075	0	0.05	0.075	0.075	0.125	0.225	0.2	0.025	0.175	0.53352715983153	0.318942631844307	0.172530208324164
0	0	0.025	0.025	0.05	0.075	0	0.05	0.075	0.075	0.125	0.225	0.2	0.025	0.175	0.53352715983153	0.318942631844307	0.172530208324164
