0.0350877192982456	0	0.105263157894737	0.0175438596491228	0.0526315789473684	0.403508771929825	1.05263157894737	0.754385964912281	0.0526315789473684	0.0175438596491228	0.175438596491228	0.43859649122807	0.649122807017544	0.543859649122807	0.175438596491228	0.00913182986446777	0.00545900953092523	0.0029530202537298
0	0.0517241379310345	0.0344827586206897	0	0	0.0862068965517241	0.448275862068966	1.06896551724138	0.0862068965517241	0.0172413793103448	0	0.120689655172414	0.5	0.672413793103448	0.120689655172414	0.00897438452197695	0.00536488867694376	0.00290210611142411
0	0.0652173913043478	0.152173913043478	0.0869565217391304	0.0434782608695652	0	0.0434782608695652	0.565217391304348	0.652173913043478	0.456521739130435	0.0217391304347826	0.0652173913043478	0.0652173913043478	0.804347826086957	0.130434782608696	0.0565776415515938	0.0338221242676889	0.0182958863546303
0	0.0338983050847458	0	0.0169491525423729	0.0338983050847458	0	0	0.152542372881356	0.440677966101695	0.457627118644068	0.23728813559322	0.305084745762712	0.0338983050847458	0.101694915254237	0.0508474576271186	0.220556907743501	0.131848959009635	0.0713229468061859
0.043010752688172	0	0.043010752688172	0	0.010752688172043	0.129032258064516	0.0752688172043011	0	0.344086021505376	0.376344086021505	0.462365591397849	0.193548387096774	0.21505376344086	0.0752688172043011	0.032258064516129	0.0503723518330319	0.0301126009609102	0.016289240754445
0.2	0.0266666666666667	0	0.0266666666666667	0.08	0.28	0.0666666666666667	0	0	0.0933333333333333	0.373333333333333	0.546666666666667	0.106666666666667	0	0	0.027760762787982	0.0165953889740127	0.00897718157133859
0.370967741935484	0.370967741935484	0.0161290322580645	0	0.0645161290322581	0.161290322580645	0.564516129032258	0.258064516129032	0.0161290322580645	0	0.145161290322581	0.209677419354839	0.225806451612903	0.0967741935483871	0	0.00839539197217199	0.00501876682681836	0.00271487345907417
0.0133333333333333	0.306666666666667	0.36	0.0133333333333333	0	0.0266666666666667	0.16	0.4	0.146666666666667	0.133333333333333	0	0.0533333333333333	0.373333333333333	0.213333333333333	0.0666666666666667	0.00694019069699551	0.00414884724350318	0.00224429539283465
0.036144578313253	0.072289156626506	0.337349397590361	0.253012048192771	0.0481927710843374	0.0240963855421687	0	0.373493975903614	0.506024096385542	0.192771084337349	0	0.036144578313253	0.132530120481928	0.108433734939759	0.313253012048193	0.0438987965773812	0.0262427084679418	0.0141958443522674
0.043010752688172	0.0537634408602151	0.10752688172043	0.150537634408602	0.354838709677419	0.139784946236559	0.0537634408602151	0	0.139784946236559	0.408602150537634	0.21505376344086	0.0537634408602151	0.010752688172043	0.043010752688172	0.139784946236559	0.117535487610408	0.070262735575457	0.0380082284270384
0.127272727272727	0.0363636363636364	0.0545454545454545	0.0909090909090909	0.2	0.472727272727273	0	0	0.0727272727272727	0.145454545454545	0.581818181818182	0.272727272727273	0.0363636363636364	0	0	0.104102860454933	0.0622327086525477	0.0336644308925197
0.0483870967741935	0.032258064516129	0.0161290322580645	0	0.0806451612903226	0.32258064516129	0.209677419354839	0.145161290322581	0.032258064516129	0.032258064516129	0.193548387096774	0.532258064516129	0.258064516129032	0.0806451612903226	0.0483870967741935	0.100744703666064	0.0602252019218203	0.0325784815088901
0.0638297872340425	0.0212765957446809	0.170212765957447	0.0212765957446809	0	0.106382978723404	0.276595744680851	0.361702127659574	0.0638297872340425	0.0212765957446809	0.0638297872340425	0.148936170212766	0.617021276595745	0.0425531914893617	0.0212765957446809	0.0110747723888226	0.00662050092048379	0.00358132243537444
0	0.0285714285714286	0	0.0571428571428571	0	0.228571428571429	0.0571428571428571	0.4	0.142857142857143	0	0.142857142857143	0.0285714285714286	0.257142857142857	0.514285714285714	0.228571428571429	0.104102860454933	0.0622327086525477	0.0336644308925197
0	0.037037037037037	0.037037037037037	0.0740740740740741	0	0.111111111111111	0	0.148148148148148	0.185185185185185	0.148148148148148	0.148148148148148	0	0	0.296296296296296	0.592592592592593	0.0771132299666168	0.0460983027055909	0.0249366154759405
0	0.025	0.075	0.05	0.075	0.075	0	0.025	0.075	0.175	0.35	0.35	0.15	0.15	0.1	0.468462872047197	0.280047188936464	0.151489939016339
0	0.025	0.075	0.05	0.075	0.075	0	0.025	0.075	0.175	0.35	0.35	0.15	0.15	0.1	0.468462872047197	0.280047188936464	0.151489939016339
0	0.025	0.075	0.05	0.075	0.075	0	0.025	0.075	0.175	0.35	0.35	0.15	0.15	0.1	0.468462872047197	0.280047188936464	0.151489939016339
