0.0175438596491228	0.0175438596491228	0.0701754385964912	0.0175438596491228	0	0.508771929824561	1.10526315789474	0.526315789473684	0.0701754385964912	0.12280701754386	0.12280701754386	0.43859649122807	0.491228070175439	0.368421052631579	0.105263157894737	0.0456591493223389	0.0272950476546262	0.014765101268649
0	0.120689655172414	0.0689655172413793	0	0	0.258620689655172	0.672413793103448	0.913793103448276	0.0517241379310345	0.0517241379310345	0	0.224137931034483	0.310344827586207	0.448275862068966	0.0689655172413793	0.00897438452197695	0.00536488867694376	0.00290210611142411
0	0.0217391304347826	0.0217391304347826	0.0869565217391304	0	0	0.217391304347826	0.760869565217391	0.565217391304348	0.304347826086957	0.108695652173913	0	0.130434782608696	0.41304347826087	0.0217391304347826	0.113155283103188	0.0676442485353779	0.0365917727092606
0	0.0338983050847458	0.0169491525423729	0.0338983050847458	0.0169491525423729	0	0	0.11864406779661	0.423728813559322	0.406779661016949	0.254237288135593	0.338983050847458	0.0508474576271186	0.11864406779661	0.0508474576271186	0.202912355124021	0.121301042288864	0.065617111061691
0.043010752688172	0	0.010752688172043	0	0.032258064516129	0.182795698924731	0.021505376344086	0	0.172043010752688	0.516129032258065	0.333333333333333	0.182795698924731	0.150537634408602	0.021505376344086	0.043010752688172	0.0447754238515839	0.0267667564096979	0.0144793251150622
0.12	0.0133333333333333	0	0	0.0133333333333333	0.28	0.0266666666666667	0	0	0.16	0.32	0.413333333333333	0.08	0.0266666666666667	0	0.0416411441819731	0.0248930834610191	0.0134657723570079
0.258064516129032	0.354838709677419	0.032258064516129	0	0.0161290322580645	0.0483870967741935	0.725806451612903	0.129032258064516	0.0483870967741935	0	0.209677419354839	0.403225806451613	0.306451612903226	0.0645161290322581	0	0.025186175916516	0.0150563004804551	0.00814462037722251
0.133333333333333	0.24	0.293333333333333	0	0	0	0.173333333333333	0.413333333333333	0.12	0.0933333333333333	0.0266666666666667	0.0533333333333333	0.293333333333333	0.173333333333333	0.106666666666667	0.00694019069699551	0.00414884724350318	0.00224429539283465
0.0481927710843374	0.108433734939759	0.36144578313253	0.240963855421687	0.0843373493975904	0.0481927710843374	0	0.469879518072289	0.506024096385542	0.253012048192771	0	0.0843373493975904	0.0120481927710843	0.132530120481928	0.216867469879518	0.0752550798469392	0.0449875002307573	0.0243357331753155
0.0537634408602151	0.032258064516129	0.161290322580645	0.10752688172043	0.290322580645161	0.10752688172043	0.043010752688172	0	0.0967741935483871	0.419354838709677	0.236559139784946	0.0860215053763441	0.032258064516129	0.10752688172043	0.150537634408602	0.0839539197217199	0.0501876682681836	0.0271487345907417
0.0727272727272727	0.0727272727272727	0.0545454545454545	0.0727272727272727	0.2	0.381818181818182	0.0363636363636364	0.0181818181818182	0.0363636363636364	0.127272727272727	0.490909090909091	0.290909090909091	0.0181818181818182	0	0	0.0378555856199755	0.0226300758736537	0.0122416112336435
0.032258064516129	0.0161290322580645	0.0161290322580645	0	0.0645161290322581	0.387096774193548	0.145161290322581	0.112903225806452	0.032258064516129	0	0.129032258064516	0.629032258064516	0.306451612903226	0.0161290322580645	0.612903225806452	0.520514302274663	0.311163543262738	0.168322154462599
0	0.0425531914893617	0.106382978723404	0	0	0.0851063829787234	0.234042553191489	0.297872340425532	0.0212765957446809	0	0.0425531914893617	0.0425531914893617	0.574468085106383	0.0851063829787234	0.0212765957446809	0.0110747723888226	0.00662050092048379	0.00358132243537444
0.0857142857142857	0.0571428571428571	0.142857142857143	0	0	0.0285714285714286	0.0571428571428571	0.342857142857143	0.0571428571428571	0.0857142857142857	0	0.142857142857143	0.257142857142857	0.742857142857143	0.257142857142857	0.0446155116235426	0.0266711608510919	0.0144276132396513
0	0.037037037037037	0.037037037037037	0.0740740740740741	0.037037037037037	0.111111111111111	0.0740740740740741	0.148148148148148	0.259259259259259	0.037037037037037	0.148148148148148	0.037037037037037	0	0.37037037037037	0.37037037037037	0.0963915374582709	0.0576228783819886	0.0311707693449257
0	0	0.025	0.05	0.05	0.05	0	0	0.05	0.1	0.225	0.175	0.175	0.1	0.1	0.364360011592264	0.217814480283917	0.117825508123819
0	0	0.025	0.05	0.05	0.05	0	0	0.05	0.1	0.225	0.175	0.175	0.1	0.1	0.364360011592264	0.217814480283917	0.117825508123819
0	0	0.025	0.05	0.05	0.05	0	0	0.05	0.1	0.225	0.175	0.175	0.1	0.1	0.364360011592264	0.217814480283917	0.117825508123819
