0	0	0.087719298245614	0	0	0.491228070175439	1.21052631578947	0.456140350877193	0.0175438596491228	0.087719298245614	0.087719298245614	0.578947368421053	0.701754385964912	0.333333333333333	0.105263157894737	0.0456591493223389	0.0272950476546262	0.014765101268649
0	0.0344827586206897	0.0517241379310345	0	0.0172413793103448	0	0.46551724137931	0.96551724137931	0.103448275862069	0.0517241379310345	0	0.258620689655172	0.482758620689655	0.586206896551724	0.189655172413793	0.00897438452197695	0.00536488867694376	0.00290210611142411
0	0	0.0869565217391304	0.0869565217391304	0.0217391304347826	0	0.130434782608696	0.782608695652174	0.478260869565217	0.543478260869565	0.195652173913043	0.0434782608695652	0.0652173913043478	0.369565217391304	0	0.0905242264825501	0.0541153988283023	0.0292734181674085
0	0.0677966101694915	0.0169491525423729	0.0508474576271186	0.0338983050847458	0	0	0.169491525423729	0.593220338983051	0.491525423728814	0.135593220338983	0.203389830508475	0.101694915254237	0.101694915254237	0	0.149978697265581	0.0896572921265517	0.0484996038282064
0.032258064516129	0	0.043010752688172	0	0.0537634408602151	0.172043010752688	0.021505376344086	0	0.193548387096774	0.505376344086022	0.365591397849462	0.161290322580645	0.172043010752688	0.021505376344086	0.0967741935483871	0.11193855962896	0.0669168910242448	0.0361983127876556
0.12	0.0133333333333333	0	0.0266666666666667	0.0666666666666667	0.16	0.0666666666666667	0	0.04	0.04	0.48	0.506666666666667	0.173333333333333	0.0266666666666667	0	0.013880381393991	0.00829769448700635	0.0044885907856693
0.354838709677419	0.193548387096774	0.032258064516129	0	0.032258064516129	0.0806451612903226	0.709677419354839	0.306451612903226	0.0645161290322581	0	0.161290322580645	0.435483870967742	0.145161290322581	0.129032258064516	0	0.00839539197217199	0.00501876682681836	0.00271487345907417
0.0666666666666667	0.36	0.293333333333333	0.04	0	0.04	0.186666666666667	0.333333333333333	0.133333333333333	0.133333333333333	0	0.0533333333333333	0.36	0.226666666666667	0.04	0	0	0
0.0602409638554217	0.0481927710843374	0.421686746987952	0.240963855421687	0.0602409638554217	0.0240963855421687	0	0.289156626506024	0.493975903614458	0.253012048192771	0	0.0240963855421687	0.108433734939759	0.156626506024096	0.240963855421687	0.0815263365008509	0.0487364585833205	0.0263637109399251
0.0537634408602151	0.032258064516129	0.150537634408602	0.129032258064516	0.344086021505376	0.0645161290322581	0.032258064516129	0	0.172043010752688	0.376344086021505	0.172043010752688	0.0860215053763441	0.021505376344086	0.0645161290322581	0.10752688172043	0.100744703666064	0.0602252019218203	0.0325784815088901
0.109090909090909	0.0727272727272727	0.0909090909090909	0.0909090909090909	0.0363636363636364	0.490909090909091	0.0363636363636364	0.0727272727272727	0.0545454545454545	0.127272727272727	0.527272727272727	0.236363636363636	0.0181818181818182	0	0	0.075711171239951	0.0452601517473074	0.0244832224672871
0.0483870967741935	0.0161290322580645	0.0483870967741935	0	0.112903225806452	0.274193548387097	0.209677419354839	0.193548387096774	0.0161290322580645	0.0161290322580645	0.0806451612903226	0.596774193548387	0.241935483870968	0.0161290322580645	0.564516129032258	0.0503723518330319	0.0301126009609102	0.016289240754445
0	0.0212765957446809	0.127659574468085	0.0425531914893617	0	0.0638297872340425	0.276595744680851	0.404255319148936	0.0638297872340425	0.0212765957446809	0	0.0638297872340425	0.617021276595745	0.148936170212766	0.0851063829787234	0.21042067538763	0.125789517489192	0.0680451262721143
0.0285714285714286	0.0857142857142857	0	0.0571428571428571	0.0285714285714286	0.0571428571428571	0.285714285714286	0.285714285714286	0.114285714285714	0	0	0.0571428571428571	0.228571428571429	0.6	0.0857142857142857	0.0743591860392376	0.0444519347518198	0.0240460220660855
0	0.111111111111111	0.148148148148148	0	0.0740740740740741	0.037037037037037	0	0.148148148148148	0.148148148148148	0.148148148148148	0.148148148148148	0.0740740740740741	0.111111111111111	0.222222222222222	0.407407407407407	0.115669844949925	0.0691474540583863	0.0374049232139108
0	0	0.025	0.125	0.15	0.1	0	0.025	0.15	0.15	0.35	0.2	0.2	0	0.075	0.273270008694198	0.163360860212938	0.0883691310928643
0	0	0.025	0.125	0.15	0.1	0	0.025	0.15	0.15	0.35	0.2	0.2	0	0.075	0.273270008694198	0.163360860212938	0.0883691310928643
0	0	0.025	0.125	0.15	0.1	0	0.025	0.15	0.15	0.35	0.2	0.2	0	0.075	0.273270008694198	0.163360860212938	0.0883691310928643
