0	0.0175438596491228	0.140350877192982	0.0526315789473684	0.0175438596491228	0.350877192982456	0.947368421052632	0.526315789473684	0.12280701754386	0.140350877192982	0.245614035087719	0.210526315789474	0.421052631578947	0.421052631578947	0.0175438596491228	0.0182636597289355	0.0109180190618505	0.0059060405074596
0	0.103448275862069	0.0689655172413793	0	0.0172413793103448	0	0.53448275862069	1.36206896551724	0.0862068965517241	0.0517241379310345	0	0.310344827586207	0.46551724137931	0.517241379310345	0.103448275862069	0.00897438452197695	0.00536488867694376	0.00290210611142411
0	0	0.217391304347826	0.239130434782609	0.0434782608695652	0.0217391304347826	0.108695652173913	0.652173913043478	0.369565217391304	0.434782608695652	0.173913043478261	0.0434782608695652	0.108695652173913	0.391304347826087	0.0652173913043478	0.0792086981722313	0.0473509739747645	0.0256142408964824
0	0.0338983050847458	0	0.0508474576271186	0.0338983050847458	0	0	0.135593220338983	0.406779661016949	0.254237288135593	0.220338983050847	0.203389830508475	0.0847457627118644	0.0677966101694915	0.169491525423729	0.176445526194801	0.105479167207708	0.0570583574449487
0.0645161290322581	0	0.010752688172043	0	0.0645161290322581	0.193548387096774	0.010752688172043	0	0.193548387096774	0.505376344086022	0.301075268817204	0.236559139784946	0.129032258064516	0.010752688172043	0.0537634408602151	0.0727600637588239	0.0434959791657591	0.0235289033119762
0.226666666666667	0.0133333333333333	0	0	0.0133333333333333	0.306666666666667	0.04	0	0.0533333333333333	0.0666666666666667	0.32	0.546666666666667	0.0533333333333333	0	0	0.013880381393991	0.00829769448700635	0.0044885907856693
0.32258064516129	0.387096774193548	0.0161290322580645	0	0.0161290322580645	0.0967741935483871	0.532258064516129	0.32258064516129	0.0483870967741935	0	0.0967741935483871	0.403225806451613	0.32258064516129	0.0967741935483871	0	0.00839539197217199	0.00501876682681836	0.00271487345907417
0.0933333333333333	0.293333333333333	0.28	0.0266666666666667	0	0.04	0.226666666666667	0.4	0.106666666666667	0.12	0.0133333333333333	0.133333333333333	0.373333333333333	0.266666666666667	0.08	0.00694019069699551	0.00414884724350318	0.00224429539283465
0.0602409638554217	0.108433734939759	0.325301204819277	0.325301204819277	0.0963855421686747	0.0240963855421687	0	0.373493975903614	0.590361445783133	0.253012048192771	0	0.120481927710843	0.0963855421686747	0.132530120481928	0.27710843373494	0.0438987965773812	0.0262427084679418	0.0141958443522674
0.032258064516129	0.0645161290322581	0.139784946236559	0.118279569892473	0.32258064516129	0.118279569892473	0.0537634408602151	0	0.139784946236559	0.365591397849462	0.182795698924731	0.129032258064516	0.010752688172043	0.0645161290322581	0.161290322580645	0.0335815678886879	0.0200750673072734	0.0108594938362967
0.0545454545454545	0.0545454545454545	0.0363636363636364	0.0545454545454545	0.145454545454545	0.381818181818182	0.0181818181818182	0	0.0181818181818182	0.127272727272727	0.527272727272727	0.309090909090909	0	0	0	0.0567833784299632	0.0339451138104805	0.0183624168504653
0.032258064516129	0.032258064516129	0.0161290322580645	0	0.0645161290322581	0.241935483870968	0.225806451612903	0.112903225806452	0	0	0.17741935483871	0.467741935483871	0.145161290322581	0.0483870967741935	0.612903225806452	0.923493116938918	0.552064350950019	0.298636080498159
0.0212765957446809	0.0638297872340425	0.148936170212766	0	0.0212765957446809	0.0851063829787234	0.276595744680851	0.382978723404255	0.0638297872340425	0.0212765957446809	0.0638297872340425	0.0851063829787234	0.595744680851064	0.276595744680851	0	0.0553738619441131	0.033102504602419	0.0179066121768722
0.0285714285714286	0.0285714285714286	0.114285714285714	0.0571428571428571	0.0285714285714286	0	0.142857142857143	0.428571428571429	0.0571428571428571	0.0285714285714286	0	0.142857142857143	0.4	0.742857142857143	0.171428571428571	0.0743591860392376	0.0444519347518198	0.0240460220660855
0.0740740740740741	0.296296296296296	0	0.0740740740740741	0.0740740740740741	0.037037037037037	0.148148148148148	0.518518518518518	0.518518518518518	0.111111111111111	0.481481481481481	0.037037037037037	0.0740740740740741	0.222222222222222	0.444444444444444	0.269896304883159	0.161344059469568	0.0872781541657919
0	0	0.05	0.075	0.05	0.05	0	0.075	0.125	0.125	0.125	0.225	0.25	0.1	0.1	0.312308581364798	0.186698125957643	0.100993292677559
0	0	0.05	0.075	0.05	0.05	0	0.075	0.125	0.125	0.125	0.225	0.25	0.1	0.1	0.312308581364798	0.186698125957643	0.100993292677559
0	0	0.05	0.075	0.05	0.05	0	0.075	0.125	0.125	0.125	0.225	0.25	0.1	0.1	0.312308581364798	0.186698125957643	0.100993292677559
