0	0.0526315789473684	0.0701754385964912	0.0175438596491228	0.0175438596491228	0.43859649122807	0.929824561403509	0.491228070175439	0.0526315789473684	0.12280701754386	0.245614035087719	0.263157894736842	0.298245614035088	0.491228070175439	0.0350877192982456	0.0365273194578711	0.0218360381237009	0.0118120810149192
0	0.0344827586206897	0.0862068965517241	0	0.0172413793103448	0	0.551724137931034	1.03448275862069	0.189655172413793	0.103448275862069	0	0.206896551724138	0.517241379310345	0.310344827586207	0.172413793103448	0.0179487690439539	0.0107297773538875	0.00580421222284823
0	0.0217391304347826	0.239130434782609	0.0652173913043478	0.0217391304347826	0.0434782608695652	0.0652173913043478	0.58695652173913	0.521739130434783	0.456521739130435	0.108695652173913	0.0217391304347826	0.217391304347826	0.326086956521739	0.0217391304347826	0.101839754792869	0.0608798236818401	0.0329325954383345
0	0.101694915254237	0.0169491525423729	0.0677966101694915	0.0338983050847458	0	0	0.254237288135593	0.559322033898305	0.627118644067797	0.101694915254237	0.0677966101694915	0.101694915254237	0.152542372881356	0.169491525423729	0.158800973575321	0.0949312504869371	0.0513525217004538
0.021505376344086	0	0.0537634408602151	0	0.021505376344086	0.172043010752688	0.032258064516129	0	0.182795698924731	0.516129032258065	0.43010752688172	0.290322580645161	0.118279569892473	0.021505376344086	0.032258064516129	0.0671631357773759	0.0401501346145469	0.0217189876725934
0.186666666666667	0.0266666666666667	0	0.0133333333333333	0.08	0.226666666666667	0.04	0.0266666666666667	0.0133333333333333	0.146666666666667	0.44	0.533333333333333	0.146666666666667	0.0666666666666667	0	0.0416411441819731	0.0248930834610191	0.0134657723570079
0.209677419354839	0.225806451612903	0.0645161290322581	0	0.0161290322580645	0	0.483870967741935	0.161290322580645	0.032258064516129	0	0.161290322580645	0.32258064516129	0.290322580645161	0.225806451612903	0	0.016790783944344	0.0100375336536367	0.00542974691814834
0.146666666666667	0.226666666666667	0.48	0.0533333333333333	0	0.08	0.16	0.453333333333333	0.2	0.2	0.0266666666666667	0.08	0.4	0.24	0.08	0.00694019069699551	0.00414884724350318	0.00224429539283465
0.0481927710843374	0.0481927710843374	0.337349397590361	0.301204819277108	0.0843373493975904	0.0240963855421687	0	0.385542168674699	0.506024096385542	0.216867469879518	0	0.0481927710843374	0.0240963855421687	0.0963855421686747	0.325301204819277	0.0501700532312928	0.0299916668205049	0.016223822116877
0.043010752688172	0.021505376344086	0.172043010752688	0.0967741935483871	0.279569892473118	0.118279569892473	0.010752688172043	0	0.150537634408602	0.462365591397849	0.150537634408602	0.0645161290322581	0.021505376344086	0.0860215053763441	0.10752688172043	0.134326271554752	0.0803002692290937	0.0434379753451867
0.127272727272727	0.0545454545454545	0.0727272727272727	0.0727272727272727	0.163636363636364	0.6	0.0181818181818182	0	0.0545454545454545	0.163636363636364	0.490909090909091	0.290909090909091	0	0	0	0.132494549669914	0.0792052655577879	0.0428456393177524
0.0483870967741935	0.0806451612903226	0.0483870967741935	0	0.0806451612903226	0.338709677419355	0.241935483870968	0.0483870967741935	0.0483870967741935	0.032258064516129	0.0806451612903226	0.645161290322581	0.225806451612903	0.0483870967741935	0.580645161290323	0.478537342413803	0.286069709128646	0.154747787167228
0.0212765957446809	0	0.148936170212766	0.0638297872340425	0	0.191489361702128	0.276595744680851	0.25531914893617	0.106382978723404	0.0425531914893617	0.0638297872340425	0.0851063829787234	0.617021276595745	0.0638297872340425	0	0.0664486343329357	0.0397230055229028	0.0214879346122466
0	0	0.0571428571428571	0.0285714285714286	0	0.0285714285714286	0.114285714285714	0.4	0.0571428571428571	0.0285714285714286	0	0.0857142857142857	0.0857142857142857	0.542857142857143	0.142857142857143	0.0148718372078475	0.00889038695036395	0.0048092044132171
0	0.037037037037037	0.185185185185185	0.037037037037037	0.037037037037037	0.111111111111111	0.037037037037037	0.37037037037037	0.185185185185185	0.259259259259259	0.185185185185185	0.0740740740740741	0	0.333333333333333	0.481481481481481	0.0578349224749626	0.0345737270291931	0.0187024616069554
0	0	0.075	0	0.075	0.225	0	0.025	0.05	0.175	0.125	0.325	0.225	0.2	0.2	0.221218578466732	0.132244505886664	0.0715369156466044
0	0	0.075	0	0.075	0.225	0	0.025	0.05	0.175	0.125	0.325	0.225	0.2	0.2	0.221218578466732	0.132244505886664	0.0715369156466044
0	0	0.075	0	0.075	0.225	0	0.025	0.05	0.175	0.125	0.325	0.225	0.2	0.2	0.221218578466732	0.132244505886664	0.0715369156466044
