0.0350877192982456	0	0.105263157894737	0	0.0175438596491228	0.350877192982456	1.17543859649123	0.56140350877193	0.0350877192982456	0.087719298245614	0.192982456140351	0.315789473684211	0.649122807017544	0.315789473684211	0.105263157894737	0.0273954895934033	0.0163770285927757	0.0088590607611894
0	0.0172413793103448	0.0517241379310345	0	0.0344827586206897	0.0862068965517241	0.620689655172414	0.913793103448276	0.103448275862069	0.137931034482759	0	0.431034482758621	0.155172413793103	0.482758620689655	0.189655172413793	0.0179487690439539	0.0107297773538875	0.00580421222284823
0	0.0217391304347826	0.108695652173913	0.0434782608695652	0	0.0217391304347826	0.0434782608695652	0.434782608695652	0.630434782608696	0.543478260869565	0.130434782608696	0.0652173913043478	0.130434782608696	0.326086956521739	0.0652173913043478	0.0905242264825501	0.0541153988283023	0.0292734181674085
0	0.0169491525423729	0.0508474576271186	0.0677966101694915	0.0169491525423729	0	0	0.0508474576271186	0.423728813559322	0.559322033898305	0.203389830508475	0.169491525423729	0.101694915254237	0.0508474576271186	0.101694915254237	0.211734631433761	0.126575000649249	0.0684700289339384
0.010752688172043	0	0.043010752688172	0	0.032258064516129	0.139784946236559	0.032258064516129	0	0.279569892473118	0.494623655913978	0.333333333333333	0.279569892473118	0.0860215053763441	0.032258064516129	0.010752688172043	0.0335815678886879	0.0200750673072734	0.0108594938362967
0.106666666666667	0	0	0.0133333333333333	0.0533333333333333	0.0933333333333333	0.08	0.0266666666666667	0.0133333333333333	0.0666666666666667	0.48	0.52	0.16	0.04	0	0	0	0
0.435483870967742	0.112903225806452	0.0483870967741935	0	0.0161290322580645	0.145161290322581	0.741935483870968	0.241935483870968	0.0806451612903226	0	0.129032258064516	0.338709677419355	0.370967741935484	0.161290322580645	0	0.016790783944344	0.0100375336536367	0.00542974691814834
0.146666666666667	0.146666666666667	0.386666666666667	0.08	0	0.04	0.173333333333333	0.426666666666667	0.226666666666667	0.0666666666666667	0.0133333333333333	0.0533333333333333	0.28	0.266666666666667	0.146666666666667	0.013880381393991	0.00829769448700635	0.0044885907856693
0.0843373493975904	0.072289156626506	0.216867469879518	0.216867469879518	0.0963855421686747	0	0	0.228915662650602	0.469879518072289	0.180722891566265	0	0.0240963855421687	0.0602409638554217	0.0602409638554217	0.240963855421687	0.0188137699617348	0.0112468750576893	0.00608393329382887
0.043010752688172	0.0645161290322581	0.161290322580645	0.139784946236559	0.268817204301075	0.0752688172043011	0.032258064516129	0	0.172043010752688	0.397849462365591	0.182795698924731	0.0645161290322581	0.0537634408602151	0.0860215053763441	0.118279569892473	0.0727600637588239	0.0434959791657591	0.0235289033119762
0.0727272727272727	0.0545454545454545	0.0909090909090909	0.0181818181818182	0.236363636363636	0.363636363636364	0.0363636363636364	0	0.0545454545454545	0.163636363636364	0.490909090909091	0.2	0.0545454545454545	0	0	0.075711171239951	0.0452601517473074	0.0244832224672871
0.0483870967741935	0	0.032258064516129	0	0.112903225806452	0.338709677419355	0.274193548387097	0.145161290322581	0	0.032258064516129	0.161290322580645	0.725806451612903	0.290322580645161	0.0645161290322581	0.032258064516129	0.285443327053848	0.170638072111824	0.0923056976085218
0	0	0.0851063829787234	0.0212765957446809	0.0425531914893617	0.127659574468085	0.106382978723404	0.191489361702128	0.0638297872340425	0.0638297872340425	0.0638297872340425	0.127659574468085	0.617021276595745	0.148936170212766	0.0638297872340425	0.0442990895552905	0.0264820036819352	0.0143252897414978
0.0285714285714286	0.0285714285714286	0	0.0571428571428571	0.0285714285714286	0.0857142857142857	0.285714285714286	0.142857142857143	0.142857142857143	0	0	0.0285714285714286	0.2	0.514285714285714	0.228571428571429	0	0	0
0	0.222222222222222	0.037037037037037	0.148148148148148	0.148148148148148	0.037037037037037	0	0.407407407407407	0.333333333333333	0.222222222222222	0.111111111111111	0.0740740740740741	0	0.407407407407407	0.407407407407407	0.0771132299666168	0.0460983027055909	0.0249366154759405
0	0.025	0.025	0.05	0.125	0.175	0	0	0.1	0.2	0.225	0.3	0.3	0.275	0.225	0.260257151137332	0.155581771631369	0.0841610772312993
0	0.025	0.025	0.05	0.125	0.175	0	0	0.1	0.2	0.225	0.3	0.3	0.275	0.225	0.260257151137332	0.155581771631369	0.0841610772312993
0	0.025	0.025	0.05	0.125	0.175	0	0	0.1	0.2	0.225	0.3	0.3	0.275	0.225	0.260257151137332	0.155581771631369	0.0841610772312993
