0.0175438596491228	0.0175438596491228	0.0526315789473684	0.0175438596491228	0.0175438596491228	0.473684210526316	1	0.456140350877193	0.0350877192982456	0.0350877192982456	0.157894736842105	0.385964912280702	0.526315789473684	0.368421052631579	0.0175438596491228	0.0913182986446777	0.0545900953092523	0.029530202537298
0	0.0172413793103448	0.0172413793103448	0	0.0172413793103448	0.0862068965517241	0.568965517241379	1.17241379310345	0.0517241379310345	0.103448275862069	0	0.189655172413793	0.258620689655172	0.448275862068966	0.120689655172414	0.0269231535659308	0.0160946660308313	0.00870631833427234
0	0.0434782608695652	0.130434782608696	0.0869565217391304	0.0217391304347826	0	0.0869565217391304	0.41304347826087	0.695652173913043	0.347826086956522	0.217391304347826	0.0652173913043478	0.108695652173913	0.608695652173913	0.0652173913043478	0.113155283103188	0.0676442485353779	0.0365917727092606
0	0.0338983050847458	0.0169491525423729	0.0508474576271186	0.0169491525423729	0	0	0.11864406779661	0.474576271186441	0.661016949152542	0.220338983050847	0.186440677966102	0.0508474576271186	0.135593220338983	0.169491525423729	0.132334144646101	0.0791093754057809	0.0427937680837115
0.043010752688172	0	0.010752688172043	0	0.010752688172043	0.161290322580645	0.021505376344086	0	0.225806451612903	0.408602150537634	0.473118279569892	0.290322580645161	0.21505376344086	0.021505376344086	0.0860215053763441	0.0727600637588239	0.0434959791657591	0.0235289033119762
0.173333333333333	0	0	0.0266666666666667	0.0666666666666667	0.28	0.0266666666666667	0.0266666666666667	0.0266666666666667	0.0266666666666667	0.373333333333333	0.653333333333333	0.08	0.0933333333333333	0	0.013880381393991	0.00829769448700635	0.0044885907856693
0.32258064516129	0.274193548387097	0.032258064516129	0	0.0483870967741935	0.0483870967741935	0.596774193548387	0.129032258064516	0.0483870967741935	0	0.193548387096774	0.403225806451613	0.290322580645161	0.0483870967741935	0	0.00839539197217199	0.00501876682681836	0.00271487345907417
0.0666666666666667	0.24	0.36	0.0533333333333333	0	0.0533333333333333	0.226666666666667	0.36	0.146666666666667	0.12	0.0533333333333333	0.04	0.333333333333333	0.146666666666667	0.0266666666666667	0	0	0
0.0843373493975904	0.0843373493975904	0.228915662650602	0.337349397590361	0.0843373493975904	0.0120481927710843	0	0.301204819277108	0.433734939759036	0.289156626506024	0	0.0240963855421687	0.072289156626506	0.0963855421686747	0.204819277108434	0.0376275399234696	0.0224937501153787	0.0121678665876577
0.021505376344086	0.021505376344086	0.150537634408602	0.10752688172043	0.397849462365591	0.118279569892473	0.043010752688172	0	0.182795698924731	0.365591397849462	0.118279569892473	0.0645161290322581	0.032258064516129	0.021505376344086	0.150537634408602	0.106341631647512	0.0635710464730325	0.0343883971482728
0.109090909090909	0.0363636363636364	0.0909090909090909	0.0727272727272727	0.109090909090909	0.418181818181818	0.0545454545454545	0.0363636363636364	0.0363636363636364	0.109090909090909	0.490909090909091	0.272727272727273	0.0181818181818182	0	0	0.075711171239951	0.0452601517473074	0.0244832224672871
0.0806451612903226	0.032258064516129	0.032258064516129	0	0.0483870967741935	0.451612903225806	0.209677419354839	0.0645161290322581	0	0	0.145161290322581	0.661290322580645	0.32258064516129	0.0161290322580645	1.2258064516129	0.0335815678886879	0.0200750673072734	0.0108594938362967
0.0425531914893617	0.0212765957446809	0.148936170212766	0.0212765957446809	0.0425531914893617	0.127659574468085	0.212765957446809	0.340425531914894	0.0638297872340425	0.0851063829787234	0.0425531914893617	0.127659574468085	0.638297872340426	0.297872340425532	0.0212765957446809	0.0442990895552905	0.0264820036819352	0.0143252897414978
0.0571428571428571	0.0857142857142857	0.0571428571428571	0	0.0571428571428571	0.142857142857143	0.228571428571429	0.285714285714286	0.0571428571428571	0.0285714285714286	0.114285714285714	0.0857142857142857	0.228571428571429	0.485714285714286	0.171428571428571	0	0	0
0	0.0740740740740741	0.037037037037037	0.037037037037037	0	0	0.148148148148148	0.111111111111111	0.185185185185185	0.185185185185185	0.037037037037037	0.259259259259259	0	0.333333333333333	0.444444444444444	0.115669844949925	0.0691474540583863	0.0374049232139108
0	0.025	0.025	0.05	0.1	0.025	0	0	0.075	0.2	0.275	0.25	0.2	0.35	0.225	0.520514302274663	0.311163543262738	0.168322154462599
0	0.025	0.025	0.05	0.1	0.025	0	0	0.075	0.2	0.275	0.25	0.2	0.35	0.225	0.520514302274663	0.311163543262738	0.168322154462599
0	0.025	0.025	0.05	0.1	0.025	0	0	0.075	0.2	0.275	0.25	0.2	0.35	0.225	0.520514302274663	0.311163543262738	0.168322154462599
