0	0.0175438596491228	0.0701754385964912	0.0175438596491228	0	0.368421052631579	1.26315789473684	0.491228070175439	0.0350877192982456	0.12280701754386	0.228070175438596	0.333333333333333	0.666666666666667	0.298245614035088	0.12280701754386	0.0547909791868066	0.0327540571855514	0.0177181215223788
0	0.0517241379310345	0.103448275862069	0	0.0344827586206897	0.275862068965517	0.482758620689655	0.724137931034483	0.103448275862069	0.155172413793103	0	0.293103448275862	0.362068965517241	0.258620689655172	0.172413793103448	0.00897438452197695	0.00536488867694376	0.00290210611142411
0	0.108695652173913	0.282608695652174	0.0217391304347826	0	0	0.195652173913043	0.739130434782609	0.543478260869565	0.478260869565217	0.0652173913043478	0.0217391304347826	0.0434782608695652	0.630434782608696	0.0869565217391304	0.0339465849309563	0.0202932745606134	0.0109775318127782
0	0.0508474576271186	0.0338983050847458	0.0508474576271186	0.0169491525423729	0	0	0.186440677966102	0.491525423728814	0.491525423728814	0.254237288135593	0.220338983050847	0.101694915254237	0.11864406779661	0.0677966101694915	0.167623249885061	0.100205208847322	0.0542054395727012
0.010752688172043	0	0.032258064516129	0	0.0537634408602151	0.161290322580645	0.032258064516129	0	0.21505376344086	0.516129032258065	0.365591397849462	0.204301075268817	0.193548387096774	0.032258064516129	0.0537634408602151	0.0727600637588239	0.0434959791657591	0.0235289033119762
0.08	0.0533333333333333	0	0.0266666666666667	0.0933333333333333	0.12	0.0666666666666667	0	0.04	0.0533333333333333	0.493333333333333	0.573333333333333	0.16	0	0	0.027760762787982	0.0165953889740127	0.00897718157133859
0.338709677419355	0.32258064516129	0.0161290322580645	0	0.0161290322580645	0.129032258064516	0.67741935483871	0.241935483870968	0.032258064516129	0	0.0967741935483871	0.338709677419355	0.241935483870968	0.0806451612903226	0	0.00839539197217199	0.00501876682681836	0.00271487345907417
0.133333333333333	0.266666666666667	0.4	0.0133333333333333	0	0.0266666666666667	0.306666666666667	0.333333333333333	0.16	0.0533333333333333	0	0.08	0.373333333333333	0.146666666666667	0.0933333333333333	0.00694019069699551	0.00414884724350318	0.00224429539283465
0.0120481927710843	0.072289156626506	0.313253012048193	0.337349397590361	0.144578313253012	0.0240963855421687	0	0.301204819277108	0.469879518072289	0.313253012048193	0	0.144578313253012	0.072289156626506	0.072289156626506	0.373493975903614	0.0689838231930276	0.0412385418781942	0.0223077554107058
0.032258064516129	0.021505376344086	0.150537634408602	0.139784946236559	0.279569892473118	0.10752688172043	0.021505376344086	0	0.172043010752688	0.344086021505376	0.225806451612903	0.0645161290322581	0.043010752688172	0.0967741935483871	0.225806451612903	0.173504767424888	0.103721181087579	0.0561073848208662
0.0363636363636364	0.0363636363636364	0.0909090909090909	0.0727272727272727	0.2	0.363636363636364	0.0363636363636364	0	0.0727272727272727	0.127272727272727	0.545454545454545	0.236363636363636	0.0545454545454545	0	0	0.0946389640499388	0.0565751896841342	0.0306040280841088
0.0806451612903226	0.0806451612903226	0.0161290322580645	0	0.0806451612903226	0.306451612903226	0.225806451612903	0.0645161290322581	0	0	0.0967741935483871	0.516129032258065	0.306451612903226	0.0161290322580645	1.16129032258065	0.688422141718103	0.411538879799105	0.222619623644082
0.0212765957446809	0.0212765957446809	0.0851063829787234	0.0212765957446809	0.0212765957446809	0.0851063829787234	0.170212765957447	0.234042553191489	0.0425531914893617	0.0212765957446809	0.0638297872340425	0.0425531914893617	0.829787234042553	0.212765957446809	0.0212765957446809	0.0442990895552905	0.0264820036819352	0.0143252897414978
0.0571428571428571	0.0285714285714286	0.0285714285714286	0	0.0285714285714286	0	0.114285714285714	0.342857142857143	0.0285714285714286	0	0.0571428571428571	0.142857142857143	0.314285714285714	0.542857142857143	0.2	0.0446155116235426	0.0266711608510919	0.0144276132396513
0	0.185185185185185	0	0.037037037037037	0.0740740740740741	0.0740740740740741	0	0.111111111111111	0.37037037037037	0.407407407407407	0.0740740740740741	0	0.037037037037037	0.185185185185185	0.592592592592593	0.134948152441579	0.080672029734784	0.0436390770828959
0	0	0.05	0.075	0.1	0	0	0	0.075	0.25	0.225	0.05	0.175	0.1	0.125	0.338334296478531	0.20225630312078	0.109409400400689
0	0	0.05	0.075	0.1	0	0	0	0.075	0.25	0.225	0.05	0.175	0.1	0.125	0.338334296478531	0.20225630312078	0.109409400400689
0	0	0.05	0.075	0.1	0	0	0	0.075	0.25	0.225	0.05	0.175	0.1	0.125	0.338334296478531	0.20225630312078	0.109409400400689
