0.0350877192982456	0	0.087719298245614	0.0175438596491228	0.0350877192982456	0.526315789473684	0.894736842105263	0.526315789473684	0.0350877192982456	0.12280701754386	0.175438596491228	0.526315789473684	0.385964912280702	0.385964912280702	0.0350877192982456	0.0273954895934033	0.0163770285927757	0.0088590607611894
0	0.0172413793103448	0.103448275862069	0	0.0517241379310345	0.0862068965517241	0.758620689655172	0.844827586206897	0.0172413793103448	0.0862068965517241	0	0.206896551724138	0.517241379310345	0.551724137931034	0.0862068965517241	0.00897438452197695	0.00536488867694376	0.00290210611142411
0	0.0217391304347826	0.0217391304347826	0.0652173913043478	0	0	0.108695652173913	0.804347826086957	0.521739130434783	0.217391304347826	0.0869565217391304	0.108695652173913	0.130434782608696	0.41304347826087	0.0434782608695652	0.0565776415515938	0.0338221242676889	0.0182958863546303
0	0.0338983050847458	0	0.0338983050847458	0.0169491525423729	0	0	0.169491525423729	0.525423728813559	0.406779661016949	0.186440677966102	0.152542372881356	0.0847457627118644	0.0847457627118644	0.11864406779661	0.176445526194801	0.105479167207708	0.0570583574449487
0.021505376344086	0	0.0645161290322581	0	0.021505376344086	0.150537634408602	0.021505376344086	0	0.150537634408602	0.494623655913978	0.462365591397849	0.21505376344086	0.172043010752688	0.032258064516129	0.043010752688172	0.0783569917402719	0.0468418237169714	0.0253388189513589
0.106666666666667	0	0	0	0.04	0.24	0.0133333333333333	0	0.0266666666666667	0.106666666666667	0.213333333333333	0.786666666666667	0.146666666666667	0.08	0	0.027760762787982	0.0165953889740127	0.00897718157133859
0.32258064516129	0.32258064516129	0.0483870967741935	0	0.032258064516129	0.0161290322580645	0.548387096774194	0.274193548387097	0.0161290322580645	0	0.0806451612903226	0.435483870967742	0.193548387096774	0.0806451612903226	0	0.00839539197217199	0.00501876682681836	0.00271487345907417
0.106666666666667	0.28	0.173333333333333	0.0266666666666667	0	0.0666666666666667	0.24	0.386666666666667	0.106666666666667	0.12	0.0133333333333333	0.16	0.306666666666667	0.24	0.0933333333333333	0	0	0
0.0481927710843374	0.0963855421686747	0.325301204819277	0.253012048192771	0.0843373493975904	0.0120481927710843	0	0.493975903614458	0.530120481927711	0.253012048192771	0	0.156626506024096	0.120481927710843	0.216867469879518	0.349397590361446	0.0250850266156464	0.0149958334102524	0.00811191105843849
0.0645161290322581	0.0645161290322581	0.129032258064516	0.0645161290322581	0.236559139784946	0.172043010752688	0.032258064516129	0	0.10752688172043	0.419354838709677	0.204301075268817	0.0537634408602151	0	0.161290322580645	0.21505376344086	0.25186175916516	0.150563004804551	0.0814462037722251
0.0909090909090909	0.0545454545454545	0.0909090909090909	0.0181818181818182	0.163636363636364	0.418181818181818	0.0363636363636364	0.0363636363636364	0.0181818181818182	0.163636363636364	0.472727272727273	0.218181818181818	0.0181818181818182	0	0	0.0283916892149816	0.0169725569052403	0.00918120842523265
0.0483870967741935	0.0645161290322581	0.0967741935483871	0	0.0806451612903226	0.370967741935484	0.193548387096774	0.0967741935483871	0.032258064516129	0	0.161290322580645	0.629032258064516	0.145161290322581	0.0645161290322581	0.032258064516129	0.486932734385975	0.291088475955465	0.157462660626302
0.0212765957446809	0.0212765957446809	0.0212765957446809	0.106382978723404	0	0.0425531914893617	0.319148936170213	0.127659574468085	0.0638297872340425	0	0.0425531914893617	0.127659574468085	0.702127659574468	0.0638297872340425	0	0.0332243171664679	0.0198615027614514	0.0107439673061233
0.114285714285714	0.0285714285714286	0.142857142857143	0.114285714285714	0.0285714285714286	0.0285714285714286	0.171428571428571	0.457142857142857	0.142857142857143	0.0571428571428571	0	0.2	0.228571428571429	0.914285714285714	0.171428571428571	0.029743674415695	0.0177807739007279	0.00961840882643421
0	0.0740740740740741	0.0740740740740741	0.037037037037037	0.111111111111111	0.037037037037037	0	0.222222222222222	0.148148148148148	0.148148148148148	0.0740740740740741	0	0	0.148148148148148	0.62962962962963	0.0578349224749626	0.0345737270291931	0.0187024616069554
0	0.025	0.15	0.05	0.125	0.2	0	0.05	0.125	0.275	0.175	0.4	0.2	0.15	0.15	0.507501444717797	0.30338445468117	0.164114100601034
0	0.025	0.15	0.05	0.125	0.2	0	0.05	0.125	0.275	0.175	0.4	0.2	0.15	0.15	0.507501444717797	0.30338445468117	0.164114100601034
0	0.025	0.15	0.05	0.125	0.2	0	0.05	0.125	0.275	0.175	0.4	0.2	0.15	0.15	0.507501444717797	0.30338445468117	0.164114100601034
