0	0	0.0526315789473684	0	0.0175438596491228	0.56140350877193	1.10526315789474	0.385964912280702	0.0175438596491228	0.0350877192982456	0.245614035087719	0.210526315789474	0.526315789473684	0.508771929824561	0	0.0365273194578711	0.0218360381237009	0.0118120810149192
0	0.0517241379310345	0.0172413793103448	0	0.0172413793103448	0.103448275862069	0.672413793103448	0.948275862068966	0.0862068965517241	0.0517241379310345	0	0.293103448275862	0.379310344827586	0.362068965517241	0.103448275862069	0	0	0
0	0	0.152173913043478	0.0869565217391304	0.0217391304347826	0	0.130434782608696	0.652173913043478	0.5	0.304347826086957	0.239130434782609	0.0217391304347826	0.152173913043478	0.239130434782609	0	0.101839754792869	0.0608798236818401	0.0329325954383345
0	0.0508474576271186	0.0169491525423729	0.0508474576271186	0.0169491525423729	0	0	0.11864406779661	0.559322033898305	0.355932203389831	0.152542372881356	0.254237288135593	0.11864406779661	0.0677966101694915	0.0338983050847458	0.132334144646101	0.0791093754057809	0.0427937680837115
0.0752688172043011	0	0	0	0.0537634408602151	0.139784946236559	0.010752688172043	0	0.161290322580645	0.397849462365591	0.526881720430108	0.32258064516129	0.204301075268817	0.010752688172043	0.0537634408602151	0.0503723518330319	0.0301126009609102	0.016289240754445
0.24	0.0133333333333333	0	0.0133333333333333	0.04	0.333333333333333	0.0266666666666667	0	0	0.2	0.493333333333333	0.506666666666667	0.16	0.0533333333333333	0	0	0	0
0.354838709677419	0.209677419354839	0.0483870967741935	0	0	0.0806451612903226	0.612903225806452	0.112903225806452	0.032258064516129	0	0.0483870967741935	0.419354838709677	0.354838709677419	0.0645161290322581	0	0.0335815678886879	0.0200750673072734	0.0108594938362967
0.0533333333333333	0.213333333333333	0.4	0.0133333333333333	0	0.0133333333333333	0.146666666666667	0.4	0.146666666666667	0.173333333333333	0.0133333333333333	0.0666666666666667	0.36	0.226666666666667	0.0933333333333333	0	0	0
0.072289156626506	0.0963855421686747	0.373493975903614	0.192771084337349	0.0843373493975904	0.0120481927710843	0	0.36144578313253	0.542168674698795	0.228915662650602	0	0.072289156626506	0.072289156626506	0.108433734939759	0.216867469879518	0.0940688498086741	0.0562343752884467	0.0304196664691443
0.032258064516129	0.0537634408602151	0.225806451612903	0.10752688172043	0.311827956989247	0.139784946236559	0.0645161290322581	0	0.204301075268817	0.290322580645161	0.182795698924731	0.0645161290322581	0	0.0645161290322581	0.161290322580645	0.117535487610408	0.070262735575457	0.0380082284270384
0.0727272727272727	0.0909090909090909	0.127272727272727	0.0363636363636364	0.2	0.472727272727273	0.0545454545454545	0.0181818181818182	0.0727272727272727	0.236363636363636	0.381818181818182	0.272727272727273	0.0545454545454545	0	0	0.0473194820249694	0.0282875948420671	0.0153020140420544
0.0161290322580645	0.0967741935483871	0.0161290322580645	0	0.112903225806452	0.145161290322581	0.225806451612903	0.0806451612903226	0	0.032258064516129	0.0967741935483871	0.693548387096774	0.193548387096774	0.0483870967741935	0.032258064516129	0.705212925662447	0.421576413452742	0.22804937056223
0.0425531914893617	0	0.0851063829787234	0.0425531914893617	0	0.0851063829787234	0.319148936170213	0.234042553191489	0.0212765957446809	0.0425531914893617	0.0425531914893617	0.0425531914893617	0.680851063829787	0.0851063829787234	0.0425531914893617	0.0775234067217583	0.0463435064433865	0.0250692570476211
0.0857142857142857	0.142857142857143	0.0571428571428571	0	0.0857142857142857	0	0.2	0.228571428571429	0.0285714285714286	0.0285714285714286	0.0285714285714286	0.0571428571428571	0.114285714285714	0.714285714285714	0.257142857142857	0.0743591860392376	0.0444519347518198	0.0240460220660855
0	0.037037037037037	0.037037037037037	0.037037037037037	0	0.037037037037037	0	0.222222222222222	0.0740740740740741	0.111111111111111	0.037037037037037	0.037037037037037	0	0.407407407407407	0.37037037037037	0.0578349224749626	0.0345737270291931	0.0187024616069554
0	0.075	0.05	0	0	0.025	0	0.025	0.175	0.15	0.225	0.35	0.35	0.575	0.075	0.546540017388396	0.326721720425875	0.176738262185729
0	0.075	0.05	0	0	0.025	0	0.025	0.175	0.15	0.225	0.35	0.35	0.575	0.075	0.546540017388396	0.326721720425875	0.176738262185729
0	0.075	0.05	0	0	0.025	0	0.025	0.175	0.15	0.225	0.35	0.35	0.575	0.075	0.546540017388396	0.326721720425875	0.176738262185729
