0	0.0175438596491228	0.0350877192982456	0	0	0.526315789473684	0.982456140350877	0.614035087719298	0	0.0175438596491228	0.298245614035088	0.385964912280702	0.649122807017544	0.421052631578947	0.0701754385964912	0.0365273194578711	0.0218360381237009	0.0118120810149192
0	0.0689655172413793	0.0172413793103448	0	0.0172413793103448	0	0.482758620689655	1.37931034482759	0.137931034482759	0.0689655172413793	0	0.137931034482759	0.5	0.551724137931034	0.172413793103448	0.00897438452197695	0.00536488867694376	0.00290210611142411
0	0.0434782608695652	0.304347826086957	0.108695652173913	0.0217391304347826	0	0.130434782608696	0.695652173913043	0.695652173913043	0.347826086956522	0.0652173913043478	0.0434782608695652	0.130434782608696	0.478260869565217	0.0217391304347826	0.147101868034144	0.0879375230959912	0.0475693045220387
0	0.0677966101694915	0.0508474576271186	0.0677966101694915	0.0508474576271186	0	0	0.0847457627118644	0.389830508474576	0.576271186440678	0.169491525423729	0.220338983050847	0.0508474576271186	0.0847457627118644	0.0847457627118644	0.185267802504541	0.110753125568093	0.0599112753171961
0.0645161290322581	0	0.032258064516129	0	0.0645161290322581	0.150537634408602	0.032258064516129	0	0.236559139784946	0.365591397849462	0.387096774193548	0.247311827956989	0.225806451612903	0.032258064516129	0.010752688172043	0.02798463990724	0.0167292227560612	0.0090495781969139
0.146666666666667	0.0266666666666667	0	0	0.0533333333333333	0.213333333333333	0.0666666666666667	0.04	0.0133333333333333	0.0933333333333333	0.413333333333333	0.76	0.12	0.04	0	0.013880381393991	0.00829769448700635	0.0044885907856693
0.258064516129032	0.225806451612903	0.0967741935483871	0	0.0483870967741935	0.0645161290322581	0.612903225806452	0.17741935483871	0.0161290322580645	0	0.145161290322581	0.451612903225806	0.370967741935484	0.161290322580645	0	0.0335815678886879	0.0200750673072734	0.0108594938362967
0.146666666666667	0.226666666666667	0.36	0.0533333333333333	0	0.04	0.253333333333333	0.44	0.16	0.0933333333333333	0.0133333333333333	0.08	0.253333333333333	0.306666666666667	0.0933333333333333	0.013880381393991	0.00829769448700635	0.0044885907856693
0.036144578313253	0.072289156626506	0.397590361445783	0.289156626506024	0.036144578313253	0.0120481927710843	0	0.27710843373494	0.493975903614458	0.180722891566265	0	0.0843373493975904	0	0.156626506024096	0.156626506024096	0.062712566539116	0.0374895835256311	0.0202797776460962
0.043010752688172	0.0860215053763441	0.193548387096774	0.118279569892473	0.333333333333333	0.172043010752688	0.0967741935483871	0	0.150537634408602	0.376344086021505	0.172043010752688	0.0860215053763441	0.032258064516129	0.0752688172043011	0.139784946236559	0.151117055499096	0.0903378028827305	0.0488677222633351
0.0727272727272727	0.109090909090909	0.127272727272727	0.0545454545454545	0.181818181818182	0.381818181818182	0.0545454545454545	0.0181818181818182	0.0181818181818182	0.2	0.472727272727273	0.327272727272727	0.0181818181818182	0	0	0.151422342479902	0.0905203034946148	0.0489664449345741
0.032258064516129	0.0483870967741935	0.0483870967741935	0	0.0483870967741935	0.209677419354839	0.241935483870968	0.145161290322581	0.032258064516129	0	0.129032258064516	0.693548387096774	0.241935483870968	0.0483870967741935	0.580645161290323	0.277047935081676	0.165619305285006	0.0895908241494476
0.0212765957446809	0.0212765957446809	0.0425531914893617	0.0425531914893617	0	0.0851063829787234	0.170212765957447	0.212765957446809	0.106382978723404	0	0.106382978723404	0.127659574468085	0.638297872340426	0.170212765957447	0	0.21042067538763	0.125789517489192	0.0680451262721143
0.0285714285714286	0.114285714285714	0.114285714285714	0.0571428571428571	0	0.0285714285714286	0.114285714285714	0.171428571428571	0.142857142857143	0.0571428571428571	0.0571428571428571	0.228571428571429	0.142857142857143	0.685714285714286	0.314285714285714	0.029743674415695	0.0177807739007279	0.00961840882643421
0	0.814814814814815	0.037037037037037	0.037037037037037	0.0740740740740741	0.148148148148148	0	1.33333333333333	1.18518518518519	0.37037037037037	0.148148148148148	0	0.0740740740740741	0.37037037037037	0.444444444444444	0.0963915374582709	0.0576228783819886	0.0311707693449257
0	0	0.05	0.05	0.175	0.125	0	0.075	0.025	0.275	0.4	0.175	0.175	0.075	0.15	0.247244293580465	0.147802683049801	0.0799530233697343
0	0	0.05	0.05	0.175	0.125	0	0.075	0.025	0.275	0.4	0.175	0.175	0.075	0.15	0.247244293580465	0.147802683049801	0.0799530233697343
0	0	0.05	0.05	0.175	0.125	0	0.075	0.025	0.275	0.4	0.175	0.175	0.075	0.15	0.247244293580465	0.147802683049801	0.0799530233697343
