0.0175438596491228	0.0175438596491228	0.0175438596491228	0.0526315789473684	0	0.56140350877193	1.17543859649123	0.385964912280702	0.12280701754386	0.0350877192982456	0.315789473684211	0.315789473684211	0.210526315789474	0.350877192982456	0.0526315789473684	0.0182636597289355	0.0109180190618505	0.0059060405074596
0	0	0.0689655172413793	0	0	0	0.586206896551724	0.827586206896552	0.172413793103448	0.103448275862069	0	0.310344827586207	0.448275862068966	0.53448275862069	0.155172413793103	0.0179487690439539	0.0107297773538875	0.00580421222284823
0	0	0.0652173913043478	0.0652173913043478	0	0	0.0434782608695652	0.782608695652174	0.543478260869565	0.304347826086957	0.108695652173913	0.108695652173913	0.369565217391304	0.347826086956522	0.0869565217391304	0.0339465849309563	0.0202932745606134	0.0109775318127782
0	0.0847457627118644	0.0508474576271186	0.0508474576271186	0.0508474576271186	0	0	0.11864406779661	0.542372881355932	0.457627118644068	0.186440677966102	0.203389830508475	0.0847457627118644	0.152542372881356	0.0677966101694915	0.158800973575321	0.0949312504869371	0.0513525217004538
0.0752688172043011	0	0.032258064516129	0	0.118279569892473	0.193548387096774	0.021505376344086	0	0.193548387096774	0.32258064516129	0.43010752688172	0.225806451612903	0.258064516129032	0.021505376344086	0.032258064516129	0.0559692798144799	0.0334584455121224	0.0180991563938278
0.213333333333333	0.0266666666666667	0	0.0266666666666667	0.0266666666666667	0.28	0.0533333333333333	0.0266666666666667	0	0.12	0.373333333333333	0.52	0.213333333333333	0.0666666666666667	0	0.013880381393991	0.00829769448700635	0.0044885907856693
0.354838709677419	0.306451612903226	0.032258064516129	0	0.0645161290322581	0.17741935483871	0.532258064516129	0.306451612903226	0.032258064516129	0	0.112903225806452	0.403225806451613	0.241935483870968	0.129032258064516	0	0.025186175916516	0.0150563004804551	0.00814462037722251
0.173333333333333	0.293333333333333	0.373333333333333	0.0266666666666667	0	0	0.226666666666667	0.386666666666667	0.08	0.106666666666667	0.0133333333333333	0.0666666666666667	0.36	0.226666666666667	0.106666666666667	0.013880381393991	0.00829769448700635	0.0044885907856693
0.0240963855421687	0.0843373493975904	0.349397590361446	0.289156626506024	0.0843373493975904	0	0	0.349397590361446	0.578313253012048	0.216867469879518	0	0.0602409638554217	0.168674698795181	0.253012048192771	0.240963855421687	0.0689838231930276	0.0412385418781942	0.0223077554107058
0.0860215053763441	0.021505376344086	0.161290322580645	0.0967741935483871	0.290322580645161	0.139784946236559	0.021505376344086	0	0.172043010752688	0.376344086021505	0.258064516129032	0.032258064516129	0.032258064516129	0.0537634408602151	0.161290322580645	0.25186175916516	0.150563004804551	0.0814462037722251
0.0909090909090909	0.0181818181818182	0.0545454545454545	0.0727272727272727	0.145454545454545	0.490909090909091	0.0545454545454545	0.0181818181818182	0.0363636363636364	0.181818181818182	0.563636363636364	0.109090909090909	0.0181818181818182	0	0	0.0189277928099877	0.0113150379368268	0.00612080561682177
0.0645161290322581	0.0483870967741935	0	0	0.0967741935483871	0.338709677419355	0.241935483870968	0.0806451612903226	0	0	0.112903225806452	0.596774193548387	0.274193548387097	0.032258064516129	0.0161290322580645	0.0839539197217199	0.0501876682681836	0.0271487345907417
0	0	0.0851063829787234	0.0212765957446809	0	0.106382978723404	0.191489361702128	0.127659574468085	0.0212765957446809	0	0.0212765957446809	0.191489361702128	0.617021276595745	0.148936170212766	0	0.0775234067217583	0.0463435064433865	0.0250692570476211
0.0857142857142857	0.142857142857143	0	0	0.0571428571428571	0.114285714285714	0.142857142857143	0.228571428571429	0.114285714285714	0	0.0571428571428571	0.114285714285714	0.228571428571429	0.514285714285714	0.0285714285714286	0.029743674415695	0.0177807739007279	0.00961840882643421
0.0740740740740741	0.111111111111111	0.037037037037037	0	0.0740740740740741	0.111111111111111	0.148148148148148	0.259259259259259	0.259259259259259	0.222222222222222	0.444444444444444	0.037037037037037	0.111111111111111	0.296296296296296	0.666666666666667	0.173504767424888	0.103721181087579	0.0561073848208662
0	0	0.025	0.05	0.1	0.025	0	0.025	0.05	0.275	0.2	0.35	0.325	0.15	0.275	0.650642877843329	0.388954429078423	0.210402693078248
0	0	0.025	0.05	0.1	0.025	0	0.025	0.05	0.275	0.2	0.35	0.325	0.15	0.275	0.650642877843329	0.388954429078423	0.210402693078248
0	0	0.025	0.05	0.1	0.025	0	0.025	0.05	0.275	0.2	0.35	0.325	0.15	0.275	0.650642877843329	0.388954429078423	0.210402693078248
