0	0.0175438596491228	0.0526315789473684	0	0.0175438596491228	0.421052631578947	1.12280701754386	0.526315789473684	0	0.0701754385964912	0.140350877192982	0.403508771929825	0.614035087719298	0.403508771929825	0.0526315789473684	0.0547909791868066	0.0327540571855514	0.0177181215223788
0	0.0517241379310345	0.0517241379310345	0	0.0172413793103448	0.0862068965517241	0.53448275862069	0.896551724137931	0.155172413793103	0.0344827586206897	0	0.258620689655172	0.517241379310345	0.396551724137931	0.155172413793103	0	0	0
0	0	0.0434782608695652	0.0217391304347826	0	0	0.130434782608696	0.652173913043478	0.608695652173913	0.304347826086957	0.152173913043478	0	0.0434782608695652	0.347826086956522	0.0434782608695652	0.124470811413506	0.0744086733889157	0.0402509499801866
0	0.101694915254237	0.0169491525423729	0.0338983050847458	0	0	0	0.322033898305085	0.491525423728814	0.559322033898305	0.186440677966102	0.220338983050847	0.186440677966102	0.135593220338983	0.0338983050847458	0.167623249885061	0.100205208847322	0.0542054395727012
0.0537634408602151	0	0.010752688172043	0	0.043010752688172	0.0967741935483871	0.043010752688172	0	0.172043010752688	0.516129032258065	0.440860215053763	0.150537634408602	0.172043010752688	0.043010752688172	0.043010752688172	0.0503723518330319	0.0301126009609102	0.016289240754445
0.08	0	0	0.04	0.133333333333333	0.173333333333333	0.0266666666666667	0	0.0133333333333333	0.04	0.453333333333333	0.773333333333333	0.106666666666667	0.0533333333333333	0	0.013880381393991	0.00829769448700635	0.0044885907856693
0.274193548387097	0.354838709677419	0.032258064516129	0	0.032258064516129	0.032258064516129	0.693548387096774	0.17741935483871	0	0	0.0967741935483871	0.435483870967742	0.354838709677419	0.032258064516129	0	0.016790783944344	0.0100375336536367	0.00542974691814834
0.106666666666667	0.36	0.24	0.0133333333333333	0	0.0533333333333333	0.24	0.346666666666667	0.12	0.08	0	0.106666666666667	0.373333333333333	0.16	0.226666666666667	0.0347009534849775	0.0207442362175159	0.0112214769641732
0.0602409638554217	0.0481927710843374	0.337349397590361	0.337349397590361	0.0963855421686747	0.0240963855421687	0	0.373493975903614	0.590361445783133	0.204819277108434	0	0.0963855421686747	0.0602409638554217	0.144578313253012	0.253012048192771	0.0752550798469392	0.0449875002307573	0.0243357331753155
0.010752688172043	0.021505376344086	0.182795698924731	0.204301075268817	0.301075268817204	0.0645161290322581	0.032258064516129	0	0.204301075268817	0.451612903225806	0.182795698924731	0.0752688172043011	0.021505376344086	0.0967741935483871	0.236559139784946	0.128729343573304	0.0769544246778815	0.041628059705804
0.127272727272727	0.0181818181818182	0.0363636363636364	0.0363636363636364	0.0909090909090909	0.545454545454545	0	0.0181818181818182	0	0.127272727272727	0.581818181818182	0.236363636363636	0	0	0	0.12303065326492	0.0735477465893745	0.0397852365093415
0.0161290322580645	0.0806451612903226	0.032258064516129	0	0.129032258064516	0.209677419354839	0.225806451612903	0.0806451612903226	0.0645161290322581	0.0161290322580645	0.225806451612903	0.612903225806452	0.112903225806452	0.032258064516129	0.580645161290323	0.0839539197217199	0.0501876682681836	0.0271487345907417
0.0212765957446809	0	0.234042553191489	0.0212765957446809	0	0.106382978723404	0.212765957446809	0.404255319148936	0.0851063829787234	0.0212765957446809	0.106382978723404	0.106382978723404	0.446808510638298	0.106382978723404	0	0.0996729514994036	0.0595845082843541	0.0322319019183699
0.0857142857142857	0.114285714285714	0.0285714285714286	0.0285714285714286	0	0.114285714285714	0.2	0.628571428571429	0.114285714285714	0	0.0285714285714286	0.114285714285714	0.114285714285714	0.685714285714286	0.114285714285714	0.0446155116235426	0.0266711608510919	0.0144276132396513
0.0740740740740741	0.0740740740740741	0	0.148148148148148	0.111111111111111	0.111111111111111	0.185185185185185	0.111111111111111	0.296296296296296	0.407407407407407	0.444444444444444	0	0.148148148148148	0.407407407407407	0.518518518518518	0.212061382408196	0.126770332440375	0.0685756925588365
0	0	0.05	0.075	0.05	0.075	0	0.025	0.05	0.15	0.225	0.15	0.025	0.15	0.125	0.195192863352999	0.116686328723527	0.0631208079234745
0	0	0.05	0.075	0.05	0.075	0	0.025	0.05	0.15	0.225	0.15	0.025	0.15	0.125	0.195192863352999	0.116686328723527	0.0631208079234745
0	0	0.05	0.075	0.05	0.075	0	0.025	0.05	0.15	0.225	0.15	0.025	0.15	0.125	0.195192863352999	0.116686328723527	0.0631208079234745
