0.0350877192982456	0.0350877192982456	0.0526315789473684	0	0	0.578947368421053	1.07017543859649	0.421052631578947	0.0175438596491228	0.087719298245614	0.368421052631579	0.456140350877193	0.473684210526316	0.263157894736842	0.0350877192982456	0.00913182986446777	0.00545900953092523	0.0029530202537298
0	0.0689655172413793	0.0344827586206897	0	0.0517241379310345	0.172413793103448	0.637931034482759	0.913793103448276	0.0689655172413793	0.120689655172414	0	0.327586206896552	0.431034482758621	0.53448275862069	0.172413793103448	0.00897438452197695	0.00536488867694376	0.00290210611142411
0	0	0.0652173913043478	0.0652173913043478	0	0.0217391304347826	0.217391304347826	0.5	0.391304347826087	0.478260869565217	0.217391304347826	0.0869565217391304	0.0869565217391304	0.217391304347826	0	0.0339465849309563	0.0202932745606134	0.0109775318127782
0	0.0508474576271186	0.0338983050847458	0.11864406779661	0.0169491525423729	0	0	0.101694915254237	0.491525423728814	0.474576271186441	0.220338983050847	0.322033898305085	0.11864406779661	0.0677966101694915	0.0508474576271186	0.176445526194801	0.105479167207708	0.0570583574449487
0.0537634408602151	0	0.0537634408602151	0	0.0537634408602151	0.204301075268817	0.010752688172043	0	0.150537634408602	0.408602150537634	0.451612903225806	0.236559139784946	0.193548387096774	0.021505376344086	0.032258064516129	0.0783569917402719	0.0468418237169714	0.0253388189513589
0.08	0	0	0.0133333333333333	0.04	0.226666666666667	0.0266666666666667	0.0533333333333333	0.0266666666666667	0.0266666666666667	0.4	0.653333333333333	0.2	0.0266666666666667	0	0.027760762787982	0.0165953889740127	0.00897718157133859
0.387096774193548	0.241935483870968	0.032258064516129	0	0.0161290322580645	0.241935483870968	0.596774193548387	0.370967741935484	0.0483870967741935	0	0.129032258064516	0.338709677419355	0.241935483870968	0.112903225806452	0	0.00839539197217199	0.00501876682681836	0.00271487345907417
0.146666666666667	0.146666666666667	0.28	0.0533333333333333	0	0.0933333333333333	0.173333333333333	0.373333333333333	0.146666666666667	0.213333333333333	0.0133333333333333	0.0933333333333333	0.333333333333333	0.133333333333333	0.0666666666666667	0.013880381393991	0.00829769448700635	0.0044885907856693
0.036144578313253	0.0481927710843374	0.337349397590361	0.265060240963855	0.144578313253012	0.0240963855421687	0	0.253012048192771	0.578313253012048	0.144578313253012	0	0.0481927710843374	0.0481927710843374	0.240963855421687	0.313253012048193	0.131696389732144	0.0787281254038253	0.0425875330568021
0.010752688172043	0.0860215053763441	0.204301075268817	0.0645161290322581	0.387096774193548	0.10752688172043	0.0645161290322581	0	0.129032258064516	0.440860215053763	0.225806451612903	0.0967741935483871	0	0.150537634408602	0.161290322580645	0.134326271554752	0.0803002692290937	0.0434379753451867
0.0727272727272727	0.0545454545454545	0.0363636363636364	0.0727272727272727	0.109090909090909	0.381818181818182	0.0363636363636364	0	0.0545454545454545	0.145454545454545	0.472727272727273	0.309090909090909	0.0181818181818182	0	0	0.104102860454933	0.0622327086525477	0.0336644308925197
0.0806451612903226	0.032258064516129	0.032258064516129	0	0.0806451612903226	0.354838709677419	0.370967741935484	0.17741935483871	0.0161290322580645	0.0645161290322581	0.193548387096774	0.532258064516129	0.419354838709677	0	0.0161290322580645	0.0503723518330319	0.0301126009609102	0.016289240754445
0	0.0638297872340425	0.0212765957446809	0.0212765957446809	0.0212765957446809	0.148936170212766	0.319148936170213	0.106382978723404	0.0425531914893617	0.0212765957446809	0.0425531914893617	0.0851063829787234	0.893617021276596	0.148936170212766	0.0212765957446809	0.0221495447776452	0.0132410018409676	0.00716264487074888
0.0285714285714286	0.0285714285714286	0	0.0857142857142857	0	0.114285714285714	0.285714285714286	0.514285714285714	0.228571428571429	0	0	0.0857142857142857	0.171428571428571	0.685714285714286	0.2	0.0594873488313901	0.0355615478014558	0.0192368176528684
0	0.0740740740740741	0.0740740740740741	0.111111111111111	0.111111111111111	0.111111111111111	0	0.185185185185185	0.222222222222222	0.111111111111111	0.185185185185185	0	0.037037037037037	0.259259259259259	0.444444444444444	0.0963915374582709	0.0576228783819886	0.0311707693449257
0	0.075	0.025	0.025	0.075	0.05	0	0	0.2	0.175	0.2	0.2	0.35	0.5	0.15	0.221218578466732	0.132244505886664	0.0715369156466044
0	0.075	0.025	0.025	0.075	0.05	0	0	0.2	0.175	0.2	0.2	0.35	0.5	0.15	0.221218578466732	0.132244505886664	0.0715369156466044
0	0.075	0.025	0.025	0.075	0.05	0	0	0.2	0.175	0.2	0.2	0.35	0.5	0.15	0.221218578466732	0.132244505886664	0.0715369156466044
