0.0350877192982456	0	0.0350877192982456	0	0.0526315789473684	0.789473684210526	0.771929824561403	0.508771929824561	0	0.087719298245614	0.228070175438596	0.421052631578947	0.403508771929825	0.280701754385965	0.0350877192982456	0.0365273194578711	0.0218360381237009	0.0118120810149192
0	0.0689655172413793	0.0862068965517241	0	0	0	0.46551724137931	1.01724137931034	0.120689655172414	0.0517241379310345	0	0.224137931034483	0.46551724137931	0.551724137931034	0.172413793103448	0.0179487690439539	0.0107297773538875	0.00580421222284823
0	0	0.195652173913043	0.173913043478261	0	0.0217391304347826	0.108695652173913	0.847826086956522	0.521739130434783	0.304347826086957	0.0652173913043478	0.0217391304347826	0.0869565217391304	0.304347826086957	0	0.0339465849309563	0.0202932745606134	0.0109775318127782
0	0.0338983050847458	0.0338983050847458	0.0847457627118644	0.0169491525423729	0	0	0.11864406779661	0.627118644067797	0.440677966101695	0.186440677966102	0.0677966101694915	0.0847457627118644	0.220338983050847	0.152542372881356	0.105867315716881	0.0632875003246247	0.0342350144669692
0.010752688172043	0	0.010752688172043	0	0.032258064516129	0.139784946236559	0.010752688172043	0	0.182795698924731	0.43010752688172	0.462365591397849	0.333333333333333	0.139784946236559	0.010752688172043	0.0537634408602151	0.0727600637588239	0.0434959791657591	0.0235289033119762
0.12	0.0133333333333333	0	0.0266666666666667	0.106666666666667	0.186666666666667	0.0266666666666667	0	0.0133333333333333	0.146666666666667	0.52	0.56	0.0533333333333333	0.0533333333333333	0	0	0	0
0.129032258064516	0.258064516129032	0.032258064516129	0	0.0161290322580645	0.193548387096774	0.548387096774194	0.387096774193548	0	0	0	0.225806451612903	0.338709677419355	0.112903225806452	0	0.025186175916516	0.0150563004804551	0.00814462037722251
0.0933333333333333	0.266666666666667	0.253333333333333	0.08	0	0.08	0.24	0.386666666666667	0.173333333333333	0.186666666666667	0	0.0666666666666667	0.306666666666667	0.266666666666667	0.0666666666666667	0	0	0
0.0602409638554217	0.120481927710843	0.337349397590361	0.180722891566265	0.0843373493975904	0.0120481927710843	0	0.36144578313253	0.542168674698795	0.192771084337349	0	0.072289156626506	0.0602409638554217	0.180722891566265	0.253012048192771	0.0125425133078232	0.00749791670512622	0.00405595552921924
0.032258064516129	0.032258064516129	0.204301075268817	0.0967741935483871	0.354838709677419	0.0860215053763441	0.032258064516129	0	0.172043010752688	0.376344086021505	0.161290322580645	0.0537634408602151	0.021505376344086	0.0645161290322581	0.139784946236559	0.106341631647512	0.0635710464730325	0.0343883971482728
0.0727272727272727	0.109090909090909	0.0545454545454545	0.0545454545454545	0.2	0.436363636363636	0.0363636363636364	0.0181818181818182	0.0363636363636364	0.236363636363636	0.418181818181818	0.254545454545455	0	0	0	0.12303065326492	0.0735477465893745	0.0397852365093415
0.0806451612903226	0.0645161290322581	0.0483870967741935	0	0.0483870967741935	0.274193548387097	0.274193548387097	0.161290322580645	0.0161290322580645	0.0161290322580645	0.129032258064516	0.612903225806452	0.17741935483871	0.032258064516129	0.580645161290323	0.486932734385975	0.291088475955465	0.157462660626302
0.0212765957446809	0.0212765957446809	0.106382978723404	0.0212765957446809	0.0212765957446809	0.191489361702128	0.319148936170213	0.170212765957447	0	0.0212765957446809	0.0425531914893617	0.148936170212766	0.617021276595745	0.276595744680851	0.0212765957446809	0.0110747723888226	0.00662050092048379	0.00358132243537444
0.0857142857142857	0.142857142857143	0.0571428571428571	0.0285714285714286	0.0285714285714286	0.142857142857143	0.114285714285714	0.485714285714286	0.0857142857142857	0	0.0571428571428571	0.0571428571428571	0.257142857142857	0.514285714285714	0.114285714285714	0.0148718372078475	0.00889038695036395	0.0048092044132171
0	0.111111111111111	0	0.037037037037037	0.185185185185185	0.0740740740740741	0	0.185185185185185	0.111111111111111	0.222222222222222	0.296296296296296	0	0	0.185185185185185	0.592592592592593	0.0963915374582709	0.0576228783819886	0.0311707693449257
0	0	0	0.05	0.1	0.075	0	0.05	0.05	0.225	0.2	0.125	0.175	0.05	0.15	0.325321438921664	0.194477214539211	0.105201346539124
0	0	0	0.05	0.1	0.075	0	0.05	0.05	0.225	0.2	0.125	0.175	0.05	0.15	0.325321438921664	0.194477214539211	0.105201346539124
0	0	0	0.05	0.1	0.075	0	0.05	0.05	0.225	0.2	0.125	0.175	0.05	0.15	0.325321438921664	0.194477214539211	0.105201346539124
