0.0175438596491228	0	0.0701754385964912	0.0175438596491228	0	0.543859649122807	0.894736842105263	0.491228070175439	0.0526315789473684	0.105263157894737	0.175438596491228	0.298245614035088	0.736842105263158	0.280701754385965	0.0350877192982456	0.08218646878021	0.0491310857783271	0.0265771822835682
0	0	0.0344827586206897	0	0.0172413793103448	0	0.620689655172414	0.931034482758621	0.206896551724138	0.0689655172413793	0	0.241379310344828	0.379310344827586	0.327586206896552	0.137931034482759	0.0179487690439539	0.0107297773538875	0.00580421222284823
0	0.0217391304347826	0.0434782608695652	0.0652173913043478	0	0	0.130434782608696	0.673913043478261	0.41304347826087	0.456521739130435	0.108695652173913	0.0217391304347826	0.217391304347826	0.456521739130435	0.0869565217391304	0.0452621132412751	0.0270576994141512	0.0146367090837042
0	0.0677966101694915	0.0508474576271186	0.101694915254237	0	0	0	0.186440677966102	0.474576271186441	0.677966101694915	0.135593220338983	0.169491525423729	0.101694915254237	0.169491525423729	0.0338983050847458	0.141156420955841	0.0843833337661663	0.045646685955959
0.043010752688172	0	0.021505376344086	0	0.0645161290322581	0.21505376344086	0.021505376344086	0	0.236559139784946	0.451612903225806	0.376344086021505	0.172043010752688	0.21505376344086	0.032258064516129	0.043010752688172	0.0503723518330319	0.0301126009609102	0.016289240754445
0.146666666666667	0.0133333333333333	0	0.0133333333333333	0.04	0.28	0.0133333333333333	0.0266666666666667	0.0133333333333333	0.0533333333333333	0.533333333333333	0.693333333333333	0.08	0.04	0	0.013880381393991	0.00829769448700635	0.0044885907856693
0.274193548387097	0.274193548387097	0.032258064516129	0	0.0161290322580645	0.17741935483871	0.580645161290323	0.258064516129032	0.0483870967741935	0	0.112903225806452	0.403225806451613	0.17741935483871	0.145161290322581	0	0	0	0
0.0933333333333333	0.173333333333333	0.293333333333333	0.106666666666667	0	0.04	0.2	0.333333333333333	0.16	0.04	0.0133333333333333	0.0666666666666667	0.44	0.133333333333333	0.16	0.013880381393991	0.00829769448700635	0.0044885907856693
0.0120481927710843	0.0963855421686747	0.325301204819277	0.253012048192771	0.0963855421686747	0	0	0.156626506024096	0.469879518072289	0.240963855421687	0	0.036144578313253	0.132530120481928	0.27710843373494	0.265060240963855	0.0188137699617348	0.0112468750576893	0.00608393329382887
0.021505376344086	0.0537634408602151	0.161290322580645	0.129032258064516	0.236559139784946	0.0860215053763441	0.0860215053763441	0	0.139784946236559	0.354838709677419	0.204301075268817	0.043010752688172	0.032258064516129	0.043010752688172	0.161290322580645	0.100744703666064	0.0602252019218203	0.0325784815088901
0.0545454545454545	0.0727272727272727	0.0363636363636364	0.0727272727272727	0.109090909090909	0.254545454545455	0.0181818181818182	0	0.0363636363636364	0.127272727272727	0.363636363636364	0.327272727272727	0	0	0	0.0851750676449449	0.0509176707157208	0.027543625275698
0.0483870967741935	0.0483870967741935	0.032258064516129	0	0.0645161290322581	0.209677419354839	0.274193548387097	0.112903225806452	0	0.0645161290322581	0.0806451612903226	0.548387096774194	0.225806451612903	0.032258064516129	0.032258064516129	0.671631357773759	0.401501346145469	0.217189876725934
0	0	0.170212765957447	0.0638297872340425	0	0.0212765957446809	0.25531914893617	0.404255319148936	0.0425531914893617	0	0.0425531914893617	0.212765957446809	0.638297872340426	0.127659574468085	0.0212765957446809	0.0775234067217583	0.0463435064433865	0.0250692570476211
0.0285714285714286	0.0285714285714286	0.114285714285714	0.0285714285714286	0	0.228571428571429	0	0.228571428571429	0	0.0857142857142857	0.114285714285714	0.171428571428571	0.485714285714286	0.714285714285714	0.371428571428571	0.0148718372078475	0.00889038695036395	0.0048092044132171
0	0.518518518518518	0.037037037037037	0.111111111111111	0.037037037037037	0.0740740740740741	0	0.962962962962963	1.03703703703704	0.185185185185185	0.037037037037037	0	0	0.555555555555556	0.444444444444444	0.154226459933234	0.0921966054111817	0.0498732309518811
0	0.025	0.025	0.075	0.075	0.05	0	0	0.125	0.2	0.275	0.175	0.275	0.2	0.175	0.377372869149131	0.225593568865485	0.122033561985384
0	0.025	0.025	0.075	0.075	0.05	0	0	0.125	0.2	0.275	0.175	0.275	0.2	0.175	0.377372869149131	0.225593568865485	0.122033561985384
0	0.025	0.025	0.075	0.075	0.05	0	0	0.125	0.2	0.275	0.175	0.275	0.2	0.175	0.377372869149131	0.225593568865485	0.122033561985384
