0.0175438596491228	0	0.12280701754386	0.0175438596491228	0.0350877192982456	0.473684210526316	0.964912280701754	0.631578947368421	0.0526315789473684	0.12280701754386	0.12280701754386	0.526315789473684	0.649122807017544	0.280701754385965	0.105263157894737	0.0639228090512744	0.0382130667164766	0.0206711417761086
0	0	0.0689655172413793	0	0.0344827586206897	0	0.637931034482759	0.620689655172414	0.0689655172413793	0.0517241379310345	0	0.155172413793103	0.46551724137931	0.327586206896552	0.0689655172413793	0	0	0
0	0	0.152173913043478	0.108695652173913	0.0869565217391304	0.0217391304347826	0.152173913043478	0.608695652173913	0.478260869565217	0.434782608695652	0.130434782608696	0.0869565217391304	0.260869565217391	0.391304347826087	0.0652173913043478	0.124470811413506	0.0744086733889157	0.0402509499801866
0	0.0169491525423729	0.0338983050847458	0.0677966101694915	0	0	0	0.101694915254237	0.457627118644068	0.627118644067797	0.11864406779661	0.0847457627118644	0.0847457627118644	0.101694915254237	0.0677966101694915	0.149978697265581	0.0896572921265517	0.0484996038282064
0.0752688172043011	0	0.021505376344086	0	0.043010752688172	0.204301075268817	0	0	0.150537634408602	0.537634408602151	0.365591397849462	0.311827956989247	0.172043010752688	0	0.0752688172043011	0.0727600637588239	0.0434959791657591	0.0235289033119762
0.16	0.0133333333333333	0	0	0	0.28	0.0933333333333333	0	0.0133333333333333	0.0266666666666667	0.426666666666667	0.426666666666667	0.0933333333333333	0.0533333333333333	0	0.027760762787982	0.0165953889740127	0.00897718157133859
0.354838709677419	0.258064516129032	0.0806451612903226	0	0	0.112903225806452	0.580645161290323	0.32258064516129	0	0	0.032258064516129	0.387096774193548	0.387096774193548	0.0645161290322581	0	0.025186175916516	0.0150563004804551	0.00814462037722251
0.0666666666666667	0.226666666666667	0.386666666666667	0.0133333333333333	0	0	0.106666666666667	0.453333333333333	0.0666666666666667	0.08	0.0533333333333333	0.04	0.32	0.146666666666667	0.0266666666666667	0	0	0
0.0240963855421687	0.0481927710843374	0.385542168674699	0.289156626506024	0.0481927710843374	0	0	0.337349397590361	0.518072289156627	0.180722891566265	0	0.0963855421686747	0.168674698795181	0.156626506024096	0.289156626506024	0.0689838231930276	0.0412385418781942	0.0223077554107058
0.043010752688172	0.032258064516129	0.193548387096774	0.0967741935483871	0.268817204301075	0.0752688172043011	0.021505376344086	0	0.204301075268817	0.365591397849462	0.193548387096774	0.0860215053763441	0.0537634408602151	0.10752688172043	0.182795698924731	0.123132415591856	0.0736085801266693	0.0398181440664212
0.0545454545454545	0.0363636363636364	0	0.0545454545454545	0.0727272727272727	0.509090909090909	0.0181818181818182	0	0.0363636363636364	0.127272727272727	0.509090909090909	0.254545454545455	0	0	0	0.104102860454933	0.0622327086525477	0.0336644308925197
0.032258064516129	0.0645161290322581	0.0806451612903226	0	0.0483870967741935	0.274193548387097	0.225806451612903	0.0645161290322581	0.032258064516129	0.0161290322580645	0.0806451612903226	0.758064516129032	0.17741935483871	0.0161290322580645	1.70967741935484	0.243466367192988	0.145544237977732	0.078731330313151
0.0851063829787234	0	0.0425531914893617	0.0638297872340425	0.0425531914893617	0.106382978723404	0.25531914893617	0.0212765957446809	0.106382978723404	0.0425531914893617	0.0212765957446809	0.276595744680851	0.553191489361702	0.234042553191489	0	0.0553738619441131	0.033102504602419	0.0179066121768722
0.0285714285714286	0.0285714285714286	0	0.0571428571428571	0.0285714285714286	0.2	0.228571428571429	0.428571428571429	0.2	0	0.0571428571428571	0.114285714285714	0.4	0.6	0.171428571428571	0.029743674415695	0.0177807739007279	0.00961840882643421
0.037037037037037	0.037037037037037	0.0740740740740741	0.037037037037037	0.148148148148148	0.037037037037037	0.111111111111111	0.185185185185185	0.259259259259259	0.111111111111111	0.37037037037037	0.037037037037037	0.0740740740740741	0.148148148148148	0.333333333333333	0.0963915374582709	0.0576228783819886	0.0311707693449257
0	0.025	0.025	0.1	0.075	0.025	0	0.025	0.2	0.15	0.3	0.325	0.275	0.25	0.175	0.260257151137332	0.155581771631369	0.0841610772312993
0	0.025	0.025	0.1	0.075	0.025	0	0.025	0.2	0.15	0.3	0.325	0.275	0.25	0.175	0.260257151137332	0.155581771631369	0.0841610772312993
0	0.025	0.025	0.1	0.075	0.025	0	0.025	0.2	0.15	0.3	0.325	0.275	0.25	0.175	0.260257151137332	0.155581771631369	0.0841610772312993
