0	0.0526315789473684	0.0701754385964912	0	0.0350877192982456	0.385964912280702	0.912280701754386	0.719298245614035	0	0.087719298245614	0.105263157894737	0.245614035087719	0.526315789473684	0.421052631578947	0.157894736842105	0.0365273194578711	0.0218360381237009	0.0118120810149192
0	0.0689655172413793	0.0689655172413793	0	0.0344827586206897	0.172413793103448	0.413793103448276	1.1551724137931	0.137931034482759	0.0344827586206897	0	0.172413793103448	0.431034482758621	0.482758620689655	0.103448275862069	0	0	0
0	0	0.0652173913043478	0.152173913043478	0.0217391304347826	0	0.130434782608696	0.521739130434783	0.565217391304348	0.456521739130435	0.217391304347826	0.0217391304347826	0.152173913043478	0.326086956521739	0.152173913043478	0.101839754792869	0.0608798236818401	0.0329325954383345
0	0.0677966101694915	0.0508474576271186	0.0847457627118644	0.0508474576271186	0	0	0.11864406779661	0.457627118644068	0.474576271186441	0.203389830508475	0.169491525423729	0.0847457627118644	0.11864406779661	0.0847457627118644	0.132334144646101	0.0791093754057809	0.0427937680837115
0.0752688172043011	0	0.0537634408602151	0	0.032258064516129	0.182795698924731	0.010752688172043	0	0.268817204301075	0.505376344086022	0.451612903225806	0.225806451612903	0.0860215053763441	0.010752688172043	0.021505376344086	0.0671631357773759	0.0401501346145469	0.0217189876725934
0.16	0	0	0	0.0533333333333333	0.293333333333333	0.04	0.0266666666666667	0	0.12	0.48	0.546666666666667	0.2	0.133333333333333	0	0.013880381393991	0.00829769448700635	0.0044885907856693
0.338709677419355	0.161290322580645	0.0161290322580645	0	0	0.0483870967741935	0.564516129032258	0.161290322580645	0.032258064516129	0	0.0645161290322581	0.403225806451613	0.32258064516129	0.129032258064516	0	0.016790783944344	0.0100375336536367	0.00542974691814834
0.0933333333333333	0.333333333333333	0.28	0.0266666666666667	0	0.0266666666666667	0.146666666666667	0.4	0.133333333333333	0.133333333333333	0.0266666666666667	0.08	0.28	0.213333333333333	0.173333333333333	0.013880381393991	0.00829769448700635	0.0044885907856693
0.036144578313253	0.0843373493975904	0.301204819277108	0.240963855421687	0.108433734939759	0	0	0.301204819277108	0.506024096385542	0.192771084337349	0	0.072289156626506	0.156626506024096	0.301204819277108	0.27710843373494	0.0564413098852044	0.033740625173068	0.0182517998814866
0.0645161290322581	0.032258064516129	0.150537634408602	0.0967741935483871	0.268817204301075	0.10752688172043	0.010752688172043	0	0.139784946236559	0.419354838709677	0.193548387096774	0.0537634408602151	0.0537634408602151	0.0752688172043011	0.172043010752688	0.19589247935068	0.117104559292428	0.0633470473783973
0.0363636363636364	0.0363636363636364	0.163636363636364	0.0545454545454545	0.0545454545454545	0.472727272727273	0.0363636363636364	0.0363636363636364	0.0727272727272727	0.109090909090909	0.472727272727273	0.2	0.0181818181818182	0	0	0.0378555856199755	0.0226300758736537	0.0122416112336435
0.0161290322580645	0.0645161290322581	0.0483870967741935	0	0.0806451612903226	0.274193548387097	0.17741935483871	0.0645161290322581	0.0161290322580645	0	0.112903225806452	0.645161290322581	0.209677419354839	0.032258064516129	1.19354838709677	0.478537342413803	0.286069709128646	0.154747787167228
0	0.0851063829787234	0.0638297872340425	0.0638297872340425	0.0851063829787234	0.148936170212766	0.297872340425532	0.127659574468085	0.0638297872340425	0.0212765957446809	0.0851063829787234	0.191489361702128	0.553191489361702	0.382978723404255	0.106382978723404	0.0110747723888226	0.00662050092048379	0.00358132243537444
0.0571428571428571	0.0285714285714286	0.0285714285714286	0	0	0	0.142857142857143	0.342857142857143	0.114285714285714	0	0.0285714285714286	0.0857142857142857	0.142857142857143	0.428571428571429	0.257142857142857	0.0148718372078475	0.00889038695036395	0.0048092044132171
0	0	0.0740740740740741	0	0.148148148148148	0.148148148148148	0	0.222222222222222	0.111111111111111	0.444444444444444	0.111111111111111	0	0	0.37037037037037	0.555555555555556	0.0578349224749626	0.0345737270291931	0.0187024616069554
0	0	0.025	0.05	0.125	0.025	0	0.025	0.05	0.2	0.2	0.15	0.15	0.1	0.2	0.195192863352999	0.116686328723527	0.0631208079234745
0	0	0.025	0.05	0.125	0.025	0	0.025	0.05	0.2	0.2	0.15	0.15	0.1	0.2	0.195192863352999	0.116686328723527	0.0631208079234745
0	0	0.025	0.05	0.125	0.025	0	0.025	0.05	0.2	0.2	0.15	0.15	0.1	0.2	0.195192863352999	0.116686328723527	0.0631208079234745
