0.0350877192982456	0.0175438596491228	0.0350877192982456	0.0175438596491228	0.0350877192982456	0.508771929824561	0.859649122807018	0.56140350877193	0.0526315789473684	0.0526315789473684	0.210526315789474	0.473684210526316	0.491228070175439	0.315789473684211	0.087719298245614	0.0547909791868066	0.0327540571855514	0.0177181215223788
0	0.103448275862069	0.0172413793103448	0	0.0172413793103448	0	0.603448275862069	0.931034482758621	0.189655172413793	0.0517241379310345	0	0.310344827586207	0.448275862068966	0.362068965517241	0.189655172413793	0.00897438452197695	0.00536488867694376	0.00290210611142411
0	0.0652173913043478	0.195652173913043	0.0434782608695652	0	0	0.0869565217391304	0.630434782608696	0.782608695652174	0.282608695652174	0.0652173913043478	0.0217391304347826	0.0869565217391304	0.58695652173913	0.130434782608696	0.0905242264825501	0.0541153988283023	0.0292734181674085
0	0.0338983050847458	0.0169491525423729	0.0508474576271186	0.0338983050847458	0	0	0.169491525423729	0.559322033898305	0.338983050847458	0.254237288135593	0.254237288135593	0.0847457627118644	0.101694915254237	0.0508474576271186	0.176445526194801	0.105479167207708	0.0570583574449487
0	0	0	0	0.021505376344086	0.0537634408602151	0.021505376344086	0	0.236559139784946	0.354838709677419	0.645161290322581	0.247311827956989	0.0967741935483871	0.021505376344086	0.0860215053763441	0.0895508477031679	0.0535335128193958	0.0289586502301245
0.186666666666667	0.0266666666666667	0	0.0133333333333333	0.0266666666666667	0.24	0.0666666666666667	0.0266666666666667	0	0.04	0.413333333333333	0.653333333333333	0.173333333333333	0.04	0	0.027760762787982	0.0165953889740127	0.00897718157133859
0.354838709677419	0.306451612903226	0.0161290322580645	0	0.032258064516129	0.0967741935483871	0.564516129032258	0.258064516129032	0	0	0.112903225806452	0.483870967741935	0.274193548387097	0.0483870967741935	0	0.016790783944344	0.0100375336536367	0.00542974691814834
0.146666666666667	0.2	0.253333333333333	0	0	0.0266666666666667	0.16	0.32	0.08	0.0533333333333333	0.0133333333333333	0.0666666666666667	0.32	0.213333333333333	0.12	0.013880381393991	0.00829769448700635	0.0044885907856693
0.036144578313253	0.072289156626506	0.421686746987952	0.204819277108434	0.120481927710843	0	0	0.325301204819277	0.493975903614458	0.168674698795181	0	0.0240963855421687	0.0602409638554217	0.204819277108434	0.253012048192771	0.0125425133078232	0.00749791670512622	0.00405595552921924
0.021505376344086	0.021505376344086	0.10752688172043	0.118279569892473	0.290322580645161	0.043010752688172	0	0	0.0860215053763441	0.376344086021505	0.204301075268817	0.139784946236559	0.021505376344086	0.118279569892473	0.172043010752688	0.240667903202264	0.143871315702126	0.0778263724934596
0.0545454545454545	0.0181818181818182	0.0363636363636364	0.0545454545454545	0.181818181818182	0.381818181818182	0.0727272727272727	0.0181818181818182	0.0727272727272727	0.2	0.618181818181818	0.145454545454545	0.0181818181818182	0	0	0.0662472748349571	0.039602632778894	0.0214228196588762
0.0645161290322581	0.0967741935483871	0.032258064516129	0	0.0967741935483871	0.370967741935484	0.258064516129032	0.225806451612903	0.0161290322580645	0.0161290322580645	0.112903225806452	0.645161290322581	0.32258064516129	0	0.596774193548387	0.260257151137332	0.155581771631369	0.0841610772312993
0.0425531914893617	0.0212765957446809	0.106382978723404	0.0638297872340425	0.0212765957446809	0.25531914893617	0.212765957446809	0.191489361702128	0.148936170212766	0	0.0212765957446809	0.170212765957447	0.723404255319149	0.425531914893617	0.0425531914893617	0.0442990895552905	0.0264820036819352	0.0143252897414978
0.142857142857143	0.0857142857142857	0.0857142857142857	0.0571428571428571	0	0.114285714285714	0.114285714285714	0.285714285714286	0.114285714285714	0.0285714285714286	0.0571428571428571	0.0857142857142857	0.171428571428571	0.514285714285714	0.228571428571429	0.0594873488313901	0.0355615478014558	0.0192368176528684
0	0.0740740740740741	0.037037037037037	0.0740740740740741	0.111111111111111	0.037037037037037	0.037037037037037	0.037037037037037	0.148148148148148	0.259259259259259	0.185185185185185	0.148148148148148	0.037037037037037	0.185185185185185	0.407407407407407	0.115669844949925	0.0691474540583863	0.0374049232139108
0	0	0.05	0.05	0.15	0.025	0	0.025	0.125	0.225	0.275	0.25	0.15	0.1	0.05	0.208205720909865	0.124465417305095	0.0673288617850395
0	0	0.05	0.05	0.15	0.025	0	0.025	0.125	0.225	0.275	0.25	0.15	0.1	0.05	0.208205720909865	0.124465417305095	0.0673288617850395
0	0	0.05	0.05	0.15	0.025	0	0.025	0.125	0.225	0.275	0.25	0.15	0.1	0.05	0.208205720909865	0.124465417305095	0.0673288617850395
