0.0350877192982456	0	0.0701754385964912	0.0175438596491228	0	0.368421052631579	1.07017543859649	0.614035087719298	0.0701754385964912	0.0175438596491228	0.157894736842105	0.403508771929825	0.596491228070175	0.333333333333333	0.0526315789473684	0.0273954895934033	0.0163770285927757	0.0088590607611894
0	0.0344827586206897	0.0689655172413793	0	0.0172413793103448	0.172413793103448	0.637931034482759	0.913793103448276	0.155172413793103	0.0517241379310345	0	0.189655172413793	0.46551724137931	0.396551724137931	0.103448275862069	0	0	0
0	0.0434782608695652	0.282608695652174	0.0652173913043478	0.0217391304347826	0	0.108695652173913	0.804347826086957	0.565217391304348	0.260869565217391	0.108695652173913	0.0652173913043478	0	0.195652173913043	0.0652173913043478	0.0452621132412751	0.0270576994141512	0.0146367090837042
0	0.0169491525423729	0.0169491525423729	0.0338983050847458	0.0169491525423729	0	0	0.101694915254237	0.508474576271186	0.542372881355932	0.186440677966102	0.135593220338983	0.0338983050847458	0.169491525423729	0.0847457627118644	0.0970450394071406	0.0580135419642393	0.0313820965947218
0.032258064516129	0	0.021505376344086	0	0.0537634408602151	0.139784946236559	0.021505376344086	0	0.172043010752688	0.462365591397849	0.408602150537634	0.268817204301075	0.182795698924731	0.021505376344086	0.043010752688172	0.0503723518330319	0.0301126009609102	0.016289240754445
0.186666666666667	0	0	0.0133333333333333	0.106666666666667	0.266666666666667	0	0.0266666666666667	0.0133333333333333	0.106666666666667	0.48	0.613333333333333	0.0933333333333333	0.04	0	0.0485813348789686	0.0290419307045222	0.0157100677498425
0.290322580645161	0.32258064516129	0.0483870967741935	0	0.0645161290322581	0.032258064516129	0.709677419354839	0.112903225806452	0	0	0.0967741935483871	0.451612903225806	0.274193548387097	0.0483870967741935	0	0	0	0
0.12	0.266666666666667	0.266666666666667	0.0133333333333333	0	0.04	0.213333333333333	0.333333333333333	0.133333333333333	0.146666666666667	0	0.04	0.226666666666667	0.173333333333333	0.106666666666667	0.013880381393991	0.00829769448700635	0.0044885907856693
0.0240963855421687	0.072289156626506	0.385542168674699	0.301204819277108	0.072289156626506	0.0240963855421687	0	0.253012048192771	0.566265060240964	0.192771084337349	0	0.0602409638554217	0.0481927710843374	0.240963855421687	0.228915662650602	0.0689838231930276	0.0412385418781942	0.0223077554107058
0.021505376344086	0.043010752688172	0.129032258064516	0.118279569892473	0.258064516129032	0.0967741935483871	0.043010752688172	0	0.161290322580645	0.462365591397849	0.150537634408602	0.0537634408602151	0.010752688172043	0.0860215053763441	0.161290322580645	0.179101695406336	0.107067025638792	0.057917300460249
0.127272727272727	0.0909090909090909	0.127272727272727	0.0909090909090909	0.163636363636364	0.418181818181818	0.127272727272727	0	0.0545454545454545	0.181818181818182	0.581818181818182	0.218181818181818	0.0363636363636364	0	0	0.0662472748349571	0.039602632778894	0.0214228196588762
0.0806451612903226	0.0483870967741935	0.032258064516129	0	0.0806451612903226	0.370967741935484	0.274193548387097	0.225806451612903	0.0161290322580645	0	0.0967741935483871	0.580645161290323	0.225806451612903	0	0	0.25186175916516	0.150563004804551	0.0814462037722251
0.0638297872340425	0	0.127659574468085	0.0851063829787234	0	0.0425531914893617	0.191489361702128	0.319148936170213	0.127659574468085	0	0.0851063829787234	0.127659574468085	0.702127659574468	0.148936170212766	0.0212765957446809	0	0	0
0.0571428571428571	0.0571428571428571	0.0857142857142857	0	0	0.0571428571428571	0.114285714285714	0.371428571428571	0.0571428571428571	0.0285714285714286	0.0285714285714286	0.114285714285714	0.2	0.514285714285714	0.285714285714286	0.0743591860392376	0.0444519347518198	0.0240460220660855
0	0.0740740740740741	0.0740740740740741	0.037037037037037	0.037037037037037	0.037037037037037	0.037037037037037	0.333333333333333	0.185185185185185	0.148148148148148	0.037037037037037	0.111111111111111	0	0.481481481481481	0.444444444444444	0.0771132299666168	0.0460983027055909	0.0249366154759405
0	0	0.05	0.075	0.05	0.1	0	0	0.125	0.125	0.2	0.25	0.125	0.2	0.125	0.221218578466732	0.132244505886664	0.0715369156466044
0	0	0.05	0.075	0.05	0.1	0	0	0.125	0.125	0.2	0.25	0.125	0.2	0.125	0.221218578466732	0.132244505886664	0.0715369156466044
0	0	0.05	0.075	0.05	0.1	0	0	0.125	0.125	0.2	0.25	0.125	0.2	0.125	0.221218578466732	0.132244505886664	0.0715369156466044
