0.0175438596491228	0	0.0701754385964912	0.0175438596491228	0.0175438596491228	0.631578947368421	0.964912280701754	0.614035087719298	0.0526315789473684	0.0350877192982456	0.192982456140351	0.43859649122807	0.526315789473684	0.280701754385965	0.087719298245614	0.0273954895934033	0.0163770285927757	0.0088590607611894
0	0.120689655172414	0.155172413793103	0	0	0.258620689655172	0.758620689655172	1.05172413793103	0.0689655172413793	0.0344827586206897	0	0.206896551724138	0.5	0.327586206896552	0.0344827586206897	0	0	0
0	0.0434782608695652	0.108695652173913	0.0869565217391304	0	0	0.130434782608696	0.630434782608696	0.478260869565217	0.391304347826087	0.152173913043478	0.0869565217391304	0.130434782608696	0.543478260869565	0.0217391304347826	0.0452621132412751	0.0270576994141512	0.0146367090837042
0	0.0847457627118644	0.0338983050847458	0.101694915254237	0.0338983050847458	0	0	0.152542372881356	0.593220338983051	0.542372881355932	0.169491525423729	0.186440677966102	0.101694915254237	0.152542372881356	0.0508474576271186	0.141156420955841	0.0843833337661663	0.045646685955959
0.032258064516129	0	0	0	0.032258064516129	0.129032258064516	0.021505376344086	0	0.21505376344086	0.419354838709677	0.397849462365591	0.311827956989247	0.172043010752688	0.021505376344086	0.032258064516129	0.0335815678886879	0.0200750673072734	0.0108594938362967
0.173333333333333	0.0266666666666667	0	0.0133333333333333	0.0133333333333333	0.2	0.0533333333333333	0.0266666666666667	0.0266666666666667	0.0533333333333333	0.44	0.706666666666667	0.173333333333333	0.0133333333333333	0	0.013880381393991	0.00829769448700635	0.0044885907856693
0.290322580645161	0.338709677419355	0.0161290322580645	0	0.032258064516129	0.0967741935483871	0.548387096774194	0.241935483870968	0.032258064516129	0	0.0806451612903226	0.387096774193548	0.274193548387097	0.129032258064516	0	0.00839539197217199	0.00501876682681836	0.00271487345907417
0.106666666666667	0.253333333333333	0.346666666666667	0.08	0	0.106666666666667	0.186666666666667	0.466666666666667	0.133333333333333	0.146666666666667	0	0.08	0.373333333333333	0.4	0.0533333333333333	0.00694019069699551	0.00414884724350318	0.00224429539283465
0.0481927710843374	0.072289156626506	0.325301204819277	0.204819277108434	0.120481927710843	0.0120481927710843	0	0.337349397590361	0.481927710843373	0.192771084337349	0	0.0240963855421687	0.0602409638554217	0.132530120481928	0.27710843373494	0.100340106462586	0.0599833336410098	0.032447644233754
0.032258064516129	0.032258064516129	0.129032258064516	0.161290322580645	0.365591397849462	0.0645161290322581	0.021505376344086	0	0.150537634408602	0.354838709677419	0.193548387096774	0.10752688172043	0.021505376344086	0.10752688172043	0.161290322580645	0.162310911461992	0.0970294919851549	0.0524875535421006
0.0545454545454545	0.0727272727272727	0.0909090909090909	0.0545454545454545	0.163636363636364	0.363636363636364	0.0363636363636364	0	0.0545454545454545	0.127272727272727	0.6	0.181818181818182	0.0363636363636364	0	0	0.0378555856199755	0.0226300758736537	0.0122416112336435
0.0483870967741935	0.0645161290322581	0	0	0.112903225806452	0.225806451612903	0.32258064516129	0.0806451612903226	0	0.0161290322580645	0.0967741935483871	0.564516129032258	0.193548387096774	0.032258064516129	1.14516129032258	0.235070975220816	0.140525471150914	0.0760164568540768
0.0425531914893617	0.0212765957446809	0.127659574468085	0.0425531914893617	0.0212765957446809	0.0425531914893617	0.297872340425532	0.276595744680851	0.0425531914893617	0.0212765957446809	0.0638297872340425	0.148936170212766	0.553191489361702	0.148936170212766	0	0.110747723888226	0.0662050092048379	0.0358132243537444
0.0285714285714286	0.0857142857142857	0.114285714285714	0.0571428571428571	0	0	0.142857142857143	0.428571428571429	0.142857142857143	0.114285714285714	0	0.257142857142857	0.314285714285714	0.942857142857143	0.314285714285714	0.0743591860392376	0.0444519347518198	0.0240460220660855
0	0.259259259259259	0.0740740740740741	0.0740740740740741	0.111111111111111	0.0740740740740741	0	0.481481481481481	0.37037037037037	0.148148148148148	0.111111111111111	0.037037037037037	0.0740740740740741	0.333333333333333	0.407407407407407	0.0963915374582709	0.0576228783819886	0.0311707693449257
0	0	0.075	0.025	0.1	0.05	0	0	0.05	0.125	0.3	0.25	0.275	0.25	0.175	0.481475729604063	0.287826277518033	0.155697992877904
0	0	0.075	0.025	0.1	0.05	0	0	0.05	0.125	0.3	0.25	0.275	0.25	0.175	0.481475729604063	0.287826277518033	0.155697992877904
0	0	0.075	0.025	0.1	0.05	0	0	0.05	0.125	0.3	0.25	0.275	0.25	0.175	0.481475729604063	0.287826277518033	0.155697992877904
