0	0	0.140350877192982	0	0	0.473684210526316	1.28070175438596	0.491228070175439	0.0175438596491228	0.12280701754386	0.298245614035088	0.368421052631579	0.842105263157895	0.385964912280702	0.192982456140351	0.0456591493223389	0.0272950476546262	0.014765101268649
0	0.0689655172413793	0.0862068965517241	0	0.0517241379310345	0.172413793103448	0.603448275862069	0.931034482758621	0.0862068965517241	0.0689655172413793	0	0.275862068965517	0.551724137931034	0.448275862068966	0.0689655172413793	0	0	0
0	0	0	0.108695652173913	0	0.0217391304347826	0.217391304347826	0.826086956521739	0.391304347826087	0.391304347826087	0.130434782608696	0.108695652173913	0.152173913043478	0.217391304347826	0	0.101839754792869	0.0608798236818401	0.0329325954383345
0	0.0677966101694915	0.0338983050847458	0.0847457627118644	0.0169491525423729	0	0	0.23728813559322	0.474576271186441	0.355932203389831	0.11864406779661	0.23728813559322	0.101694915254237	0.135593220338983	0.11864406779661	0.105867315716881	0.0632875003246247	0.0342350144669692
0.0645161290322581	0	0.032258064516129	0	0.043010752688172	0.150537634408602	0.010752688172043	0	0.129032258064516	0.440860215053763	0.462365591397849	0.258064516129032	0.150537634408602	0.010752688172043	0.0645161290322581	0.0839539197217199	0.0501876682681836	0.0271487345907417
0.173333333333333	0	0	0	0.0666666666666667	0.213333333333333	0.0133333333333333	0.08	0.0133333333333333	0.0666666666666667	0.546666666666667	0.626666666666667	0.133333333333333	0.0666666666666667	0	0	0	0
0.403225806451613	0.209677419354839	0.0483870967741935	0	0.0483870967741935	0.193548387096774	0.629032258064516	0.290322580645161	0.0161290322580645	0	0.145161290322581	0.338709677419355	0.17741935483871	0.241935483870968	0	0.025186175916516	0.0150563004804551	0.00814462037722251
0.106666666666667	0.306666666666667	0.333333333333333	0.0266666666666667	0	0.0133333333333333	0.173333333333333	0.4	0.133333333333333	0.0533333333333333	0.0266666666666667	0.0533333333333333	0.306666666666667	0.186666666666667	0.106666666666667	0	0	0
0.036144578313253	0.0843373493975904	0.337349397590361	0.265060240963855	0.0602409638554217	0.0120481927710843	0	0.36144578313253	0.493975903614458	0.240963855421687	0	0.0602409638554217	0.0120481927710843	0.180722891566265	0.192771084337349	0.0564413098852044	0.033740625173068	0.0182517998814866
0.021505376344086	0.032258064516129	0.139784946236559	0.118279569892473	0.279569892473118	0.0752688172043011	0.021505376344086	0	0.193548387096774	0.408602150537634	0.193548387096774	0.021505376344086	0.021505376344086	0.0752688172043011	0.182795698924731	0.229474047239368	0.137179626599702	0.074206541214694
0.0181818181818182	0.0545454545454545	0.0363636363636364	0.0363636363636364	0.109090909090909	0.381818181818182	0.0363636363636364	0	0.0363636363636364	0.163636363636364	0.454545454545455	0.163636363636364	0	0	0	0.0473194820249694	0.0282875948420671	0.0153020140420544
0.0806451612903226	0.0483870967741935	0.0161290322580645	0	0.0967741935483871	0.258064516129032	0.241935483870968	0.0806451612903226	0.0161290322580645	0.032258064516129	0.161290322580645	0.645161290322581	0.290322580645161	0.0483870967741935	0.032258064516129	0.0923493116938919	0.055206435095002	0.0298636080498159
0.0425531914893617	0.0638297872340425	0.0425531914893617	0	0	0.106382978723404	0.212765957446809	0.234042553191489	0	0	0.0425531914893617	0.191489361702128	0.553191489361702	0.0425531914893617	0.0851063829787234	0.0775234067217583	0.0463435064433865	0.0250692570476211
0.0285714285714286	0.142857142857143	0.0571428571428571	0.0285714285714286	0	0	0.114285714285714	0.342857142857143	0.0571428571428571	0	0	0.0285714285714286	0.228571428571429	0.742857142857143	0.171428571428571	0.0594873488313901	0.0355615478014558	0.0192368176528684
0.0740740740740741	0.037037037037037	0	0.0740740740740741	0.0740740740740741	0.111111111111111	0.185185185185185	0.185185185185185	0.148148148148148	0.259259259259259	0.592592592592593	0.111111111111111	0.0740740740740741	0.333333333333333	0.518518518518518	0.154226459933234	0.0921966054111817	0.0498732309518811
0	0	0.05	0	0	0.1	0	0.025	0.05	0.1	0.075	0.15	0.15	0.225	0.2	0.260257151137332	0.155581771631369	0.0841610772312993
0	0	0.05	0	0	0.1	0	0.025	0.05	0.1	0.075	0.15	0.15	0.225	0.2	0.260257151137332	0.155581771631369	0.0841610772312993
0	0	0.05	0	0	0.1	0	0.025	0.05	0.1	0.075	0.15	0.15	0.225	0.2	0.260257151137332	0.155581771631369	0.0841610772312993
