0	0	0.087719298245614	0	0.0526315789473684	0.578947368421053	1.10526315789474	0.421052631578947	0	0.12280701754386	0.192982456140351	0.578947368421053	0.754385964912281	0.333333333333333	0.0526315789473684	0	0	0
0	0.120689655172414	0.103448275862069	0	0	0.258620689655172	0.46551724137931	1.13793103448276	0.0344827586206897	0.0344827586206897	0	0.172413793103448	0.482758620689655	0.620689655172414	0.120689655172414	0.00897438452197695	0.00536488867694376	0.00290210611142411
0	0	0.217391304347826	0.0652173913043478	0.0434782608695652	0.0217391304347826	0.152173913043478	0.630434782608696	0.5	0.543478260869565	0.0869565217391304	0	0.0652173913043478	0.521739130434783	0.0434782608695652	0.0678931698619126	0.0405865491212267	0.0219550636255563
0	0.0508474576271186	0.0338983050847458	0.0508474576271186	0.0338983050847458	0	0	0.135593220338983	0.474576271186441	0.338983050847458	0.23728813559322	0.271186440677966	0.0677966101694915	0.101694915254237	0.0677966101694915	0.114689592026621	0.0685614586850101	0.0370879323392166
0.032258064516129	0	0.010752688172043	0	0.043010752688172	0.0967741935483871	0	0	0.182795698924731	0.32258064516129	0.462365591397849	0.258064516129032	0.182795698924731	0	0.0537634408602151	0.0559692798144799	0.0334584455121224	0.0180991563938278
0.146666666666667	0	0	0	0.08	0.226666666666667	0.04	0.0266666666666667	0.0133333333333333	0.0533333333333333	0.386666666666667	0.6	0.0533333333333333	0.0666666666666667	0	0.013880381393991	0.00829769448700635	0.0044885907856693
0.225806451612903	0.274193548387097	0.0645161290322581	0	0.0483870967741935	0.241935483870968	0.564516129032258	0.370967741935484	0.0161290322580645	0	0.0967741935483871	0.338709677419355	0.258064516129032	0.0806451612903226	0	0.025186175916516	0.0150563004804551	0.00814462037722251
0.106666666666667	0.293333333333333	0.333333333333333	0.08	0	0.08	0.266666666666667	0.52	0.106666666666667	0.133333333333333	0.0666666666666667	0.0933333333333333	0.333333333333333	0.24	0.08	0.00694019069699551	0.00414884724350318	0.00224429539283465
0.0481927710843374	0.036144578313253	0.27710843373494	0.265060240963855	0.0963855421686747	0	0	0.385542168674699	0.409638554216867	0.204819277108434	0	0.0602409638554217	0.144578313253012	0.204819277108434	0.373493975903614	0.0752550798469392	0.0449875002307573	0.0243357331753155
0.010752688172043	0.021505376344086	0.193548387096774	0.0537634408602151	0.376344086021505	0.0752688172043011	0.043010752688172	0	0.172043010752688	0.408602150537634	0.161290322580645	0.021505376344086	0.0537634408602151	0.0752688172043011	0.0967741935483871	0.184698623387784	0.110412870190004	0.0597272160996318
0.0909090909090909	0.0181818181818182	0.0727272727272727	0.0909090909090909	0.218181818181818	0.381818181818182	0	0.0545454545454545	0.0363636363636364	0.218181818181818	0.509090909090909	0.236363636363636	0.0181818181818182	0	0	0.0189277928099877	0.0113150379368268	0.00612080561682177
0.0161290322580645	0.0483870967741935	0.0161290322580645	0	0.0967741935483871	0.225806451612903	0.209677419354839	0.0483870967741935	0.0161290322580645	0	0.0967741935483871	0.516129032258065	0.129032258064516	0.112903225806452	0.0967741935483871	0.310629502970363	0.185694372592279	0.100450317985744
0.0425531914893617	0.0212765957446809	0.106382978723404	0.0212765957446809	0	0.148936170212766	0.276595744680851	0.191489361702128	0.0851063829787234	0	0.0212765957446809	0.148936170212766	0.680851063829787	0.148936170212766	0.0425531914893617	0.0775234067217583	0.0463435064433865	0.0250692570476211
0.0285714285714286	0.0857142857142857	0.0571428571428571	0	0.0285714285714286	0.0857142857142857	0.228571428571429	0.2	0.0571428571428571	0.0285714285714286	0.0571428571428571	0.0857142857142857	0.142857142857143	0.571428571428571	0.257142857142857	0.0743591860392376	0.0444519347518198	0.0240460220660855
0	0.111111111111111	0.0740740740740741	0	0.111111111111111	0.0740740740740741	0	0.185185185185185	0.222222222222222	0.259259259259259	0.111111111111111	0	0.037037037037037	0.185185185185185	0.62962962962963	0.0385566149833084	0.0230491513527954	0.0124683077379703
0	0	0.075	0.05	0.15	0.225	0	0.025	0.025	0.275	0.3	0.4	0.1	0.1	0.125	0.45545001449033	0.272268100354896	0.147281885154774
0	0	0.075	0.05	0.15	0.225	0	0.025	0.025	0.275	0.3	0.4	0.1	0.1	0.125	0.45545001449033	0.272268100354896	0.147281885154774
0	0	0.075	0.05	0.15	0.225	0	0.025	0.025	0.275	0.3	0.4	0.1	0.1	0.125	0.45545001449033	0.272268100354896	0.147281885154774
