0.0350877192982456	0	0.0350877192982456	0	0	0.578947368421053	1.10526315789474	0.526315789473684	0.0175438596491228	0.0701754385964912	0.105263157894737	0.43859649122807	0.368421052631579	0.333333333333333	0.0350877192982456	0.0273954895934033	0.0163770285927757	0.0088590607611894
0	0	0.0517241379310345	0	0.0344827586206897	0	0.293103448275862	0.879310344827586	0.293103448275862	0.120689655172414	0	0.172413793103448	0.637931034482759	0.396551724137931	0.189655172413793	0	0	0
0	0.0434782608695652	0.130434782608696	0.0434782608695652	0	0.0217391304347826	0.326086956521739	0.739130434782609	0.391304347826087	0.347826086956522	0.173913043478261	0.108695652173913	0.239130434782609	0.5	0.0434782608695652	0.0452621132412751	0.0270576994141512	0.0146367090837042
0	0.0677966101694915	0.0338983050847458	0.11864406779661	0.0338983050847458	0	0	0.186440677966102	0.372881355932203	0.406779661016949	0.152542372881356	0.23728813559322	0.11864406779661	0.135593220338983	0.0677966101694915	0.132334144646101	0.0791093754057809	0.0427937680837115
0.010752688172043	0	0.0752688172043011	0	0.043010752688172	0.204301075268817	0.021505376344086	0	0.21505376344086	0.387096774193548	0.419354838709677	0.268817204301075	0.258064516129032	0.021505376344086	0.0752688172043011	0.0951477756846158	0.0568793573706081	0.0307685658695073
0.16	0.0133333333333333	0	0.04	0.0133333333333333	0.253333333333333	0.0533333333333333	0.0266666666666667	0.0133333333333333	0.12	0.453333333333333	0.573333333333333	0.0533333333333333	0.0666666666666667	0	0.027760762787982	0.0165953889740127	0.00897718157133859
0.274193548387097	0.338709677419355	0.0161290322580645	0	0	0.161290322580645	0.564516129032258	0.32258064516129	0.0161290322580645	0	0.0645161290322581	0.370967741935484	0.274193548387097	0.145161290322581	0	0.00839539197217199	0.00501876682681836	0.00271487345907417
0.133333333333333	0.173333333333333	0.373333333333333	0.0133333333333333	0	0.04	0.2	0.466666666666667	0.0933333333333333	0.186666666666667	0.0266666666666667	0.0533333333333333	0.386666666666667	0.413333333333333	0.133333333333333	0.013880381393991	0.00829769448700635	0.0044885907856693
0.036144578313253	0.072289156626506	0.325301204819277	0.253012048192771	0.132530120481928	0.0481927710843374	0	0.301204819277108	0.493975903614458	0.228915662650602	0	0.036144578313253	0.0240963855421687	0.144578313253012	0.192771084337349	0.11915387642432	0.0712302086986991	0.0385315775275828
0.032258064516129	0.0752688172043011	0.10752688172043	0.139784946236559	0.344086021505376	0.0752688172043011	0.0537634408602151	0	0.10752688172043	0.376344086021505	0.182795698924731	0.0537634408602151	0.010752688172043	0.0752688172043011	0.150537634408602	0.268652543109504	0.160600538458187	0.0868759506903735
0.0727272727272727	0.0181818181818182	0.0909090909090909	0.0545454545454545	0.127272727272727	0.454545454545455	0.0181818181818182	0	0.0181818181818182	0.163636363636364	0.509090909090909	0.327272727272727	0	0	0	0.0662472748349571	0.039602632778894	0.0214228196588762
0.0483870967741935	0.0483870967741935	0	0	0.112903225806452	0.225806451612903	0.258064516129032	0.0967741935483871	0.0161290322580645	0	0.17741935483871	0.709677419354839	0.225806451612903	0.0483870967741935	0.0161290322580645	0.0671631357773759	0.0401501346145469	0.0217189876725934
0.0212765957446809	0.0212765957446809	0.212765957446809	0.0425531914893617	0.0212765957446809	0.0638297872340425	0.234042553191489	0.25531914893617	0.0638297872340425	0.0638297872340425	0.0851063829787234	0.212765957446809	0.872340425531915	0.234042553191489	0	0.143972041054694	0.0860665119662893	0.0465571916598677
0.0285714285714286	0.0857142857142857	0.0571428571428571	0.0571428571428571	0.0285714285714286	0.114285714285714	0.142857142857143	0.285714285714286	0.142857142857143	0	0.0571428571428571	0.114285714285714	0.142857142857143	0.542857142857143	0.0857142857142857	0.0148718372078475	0.00889038695036395	0.0048092044132171
0	0.037037037037037	0.037037037037037	0	0.0740740740740741	0.037037037037037	0.0740740740740741	0.111111111111111	0.0740740740740741	0.222222222222222	0.111111111111111	0.111111111111111	0.037037037037037	0.259259259259259	0.333333333333333	0.0963915374582709	0.0576228783819886	0.0311707693449257
0	0.075	0.075	0.05	0.05	0.025	0	0.05	0.25	0.2	0.325	0.375	0.4	0.525	0.175	0.546540017388396	0.326721720425875	0.176738262185729
0	0.075	0.075	0.05	0.05	0.025	0	0.05	0.25	0.2	0.325	0.375	0.4	0.525	0.175	0.546540017388396	0.326721720425875	0.176738262185729
0	0.075	0.075	0.05	0.05	0.025	0	0.05	0.25	0.2	0.325	0.375	0.4	0.525	0.175	0.546540017388396	0.326721720425875	0.176738262185729
