0.0175438596491228	0.0175438596491228	0.0175438596491228	0	0	0.614035087719298	1.07017543859649	0.403508771929825	0.0175438596491228	0.12280701754386	0.228070175438596	0.280701754385965	0.350877192982456	0.368421052631579	0.0350877192982456	0.0456591493223389	0.0272950476546262	0.014765101268649
0	0.137931034482759	0.0344827586206897	0	0.0172413793103448	0	0.517241379310345	1.12068965517241	0.120689655172414	0.0862068965517241	0	0.137931034482759	0.379310344827586	0.258620689655172	0.155172413793103	0	0	0
0	0.0434782608695652	0.173913043478261	0.0869565217391304	0.0217391304347826	0.0434782608695652	0.0217391304347826	0.5	0.717391304347826	0.347826086956522	0.173913043478261	0.0434782608695652	0.0652173913043478	0.630434782608696	0.0652173913043478	0.0452621132412751	0.0270576994141512	0.0146367090837042
0	0.0677966101694915	0.0338983050847458	0.0508474576271186	0.0508474576271186	0	0	0.11864406779661	0.525423728813559	0.559322033898305	0.152542372881356	0.169491525423729	0.0847457627118644	0.169491525423729	0.11864406779661	0.105867315716881	0.0632875003246247	0.0342350144669692
0.0537634408602151	0	0.032258064516129	0	0.043010752688172	0.129032258064516	0.021505376344086	0	0.204301075268817	0.408602150537634	0.354838709677419	0.225806451612903	0.21505376344086	0.021505376344086	0.0752688172043011	0.100744703666064	0.0602252019218203	0.0325784815088901
0.106666666666667	0.0133333333333333	0	0.0133333333333333	0.08	0.253333333333333	0.0533333333333333	0.08	0	0.0933333333333333	0.426666666666667	0.506666666666667	0.0666666666666667	0.0666666666666667	0	0.027760762787982	0.0165953889740127	0.00897718157133859
0.32258064516129	0.387096774193548	0.0161290322580645	0	0.0483870967741935	0.241935483870968	0.629032258064516	0.338709677419355	0.032258064516129	0	0.0967741935483871	0.274193548387097	0.161290322580645	0.0483870967741935	0	0.00839539197217199	0.00501876682681836	0.00271487345907417
0.106666666666667	0.28	0.306666666666667	0	0	0.0266666666666667	0.24	0.373333333333333	0.12	0.12	0	0.106666666666667	0.413333333333333	0.306666666666667	0.08	0.00694019069699551	0.00414884724350318	0.00224429539283465
0.036144578313253	0.132530120481928	0.313253012048193	0.313253012048193	0.0602409638554217	0.0481927710843374	0	0.228915662650602	0.55421686746988	0.168674698795181	0	0.0240963855421687	0.0602409638554217	0.132530120481928	0.228915662650602	0.0438987965773812	0.0262427084679418	0.0141958443522674
0.021505376344086	0.0537634408602151	0.204301075268817	0.118279569892473	0.32258064516129	0.032258064516129	0.010752688172043	0	0.21505376344086	0.397849462365591	0.161290322580645	0.043010752688172	0.0645161290322581	0.0752688172043011	0.21505376344086	0.151117055499096	0.0903378028827305	0.0488677222633351
0.0727272727272727	0.0727272727272727	0.0181818181818182	0.0909090909090909	0.163636363636364	0.290909090909091	0.0727272727272727	0	0.0181818181818182	0.254545454545455	0.4	0.272727272727273	0.0181818181818182	0	0	0.0662472748349571	0.039602632778894	0.0214228196588762
0.0645161290322581	0.032258064516129	0.032258064516129	0	0.0967741935483871	0.193548387096774	0.17741935483871	0.0967741935483871	0.032258064516129	0.032258064516129	0.193548387096774	0.483870967741935	0.225806451612903	0.0161290322580645	0.580645161290323	0.495328126358147	0.296107242782283	0.160177534085376
0.0638297872340425	0.0212765957446809	0.148936170212766	0	0	0.0638297872340425	0.297872340425532	0.361702127659574	0.0425531914893617	0	0	0.148936170212766	0.765957446808511	0.170212765957447	0	0.0442990895552905	0.0264820036819352	0.0143252897414978
0.0285714285714286	0.142857142857143	0	0.0285714285714286	0.0285714285714286	0.228571428571429	0.4	0.485714285714286	0.114285714285714	0	0.0571428571428571	0.0571428571428571	0.114285714285714	0.314285714285714	0.142857142857143	0.0148718372078475	0.00889038695036395	0.0048092044132171
0	0.0740740740740741	0.111111111111111	0.0740740740740741	0.111111111111111	0.037037037037037	0.037037037037037	0.148148148148148	0.296296296296296	0.259259259259259	0.296296296296296	0.148148148148148	0.0740740740740741	0.333333333333333	0.481481481481481	0.0963915374582709	0.0576228783819886	0.0311707693449257
0	0	0	0.025	0.175	0.1	0	0.05	0	0.15	0.45	0.225	0.075	0.1	0.125	0.273270008694198	0.163360860212938	0.0883691310928643
0	0	0	0.025	0.175	0.1	0	0.05	0	0.15	0.45	0.225	0.075	0.1	0.125	0.273270008694198	0.163360860212938	0.0883691310928643
0	0	0	0.025	0.175	0.1	0	0.05	0	0.15	0.45	0.225	0.075	0.1	0.125	0.273270008694198	0.163360860212938	0.0883691310928643
