0	0	0.105263157894737	0	0.0175438596491228	0.543859649122807	0.929824561403509	0.508771929824561	0	0.0350877192982456	0.12280701754386	0.43859649122807	0.701754385964912	0.333333333333333	0.0175438596491228	0.0273954895934033	0.0163770285927757	0.0088590607611894
0	0.0689655172413793	0.0862068965517241	0	0.0344827586206897	0.172413793103448	0.568965517241379	0.844827586206897	0.137931034482759	0.0862068965517241	0	0.275862068965517	0.396551724137931	0.482758620689655	0.103448275862069	0.00897438452197695	0.00536488867694376	0.00290210611142411
0	0.0434782608695652	0.0217391304347826	0.0434782608695652	0	0.0217391304347826	0	0.565217391304348	0.630434782608696	0.369565217391304	0.108695652173913	0.0869565217391304	0.0869565217391304	0.543478260869565	0.0434782608695652	0.0452621132412751	0.0270576994141512	0.0146367090837042
0	0.0508474576271186	0	0	0	0	0	0.135593220338983	0.593220338983051	0.474576271186441	0.186440677966102	0.203389830508475	0.135593220338983	0.169491525423729	0.220338983050847	0.105867315716881	0.0632875003246247	0.0342350144669692
0.043010752688172	0	0.043010752688172	0	0.032258064516129	0.0860215053763441	0.021505376344086	0	0.247311827956989	0.419354838709677	0.408602150537634	0.258064516129032	0.118279569892473	0.032258064516129	0.0537634408602151	0.0727600637588239	0.0434959791657591	0.0235289033119762
0.173333333333333	0.0133333333333333	0	0.0266666666666667	0	0.24	0.04	0	0	0.12	0.4	0.506666666666667	0.186666666666667	0.0533333333333333	0	0.027760762787982	0.0165953889740127	0.00897718157133859
0.258064516129032	0.274193548387097	0.032258064516129	0	0.0161290322580645	0.0483870967741935	0.548387096774194	0.225806451612903	0	0	0.0806451612903226	0.338709677419355	0.32258064516129	0.17741935483871	0	0.016790783944344	0.0100375336536367	0.00542974691814834
0.146666666666667	0.28	0.28	0.0133333333333333	0	0.0266666666666667	0.213333333333333	0.573333333333333	0.0533333333333333	0.0533333333333333	0.0133333333333333	0.0533333333333333	0.293333333333333	0.32	0.146666666666667	0	0	0
0.0481927710843374	0.0843373493975904	0.421686746987952	0.301204819277108	0.036144578313253	0.0120481927710843	0	0.192771084337349	0.44578313253012	0.180722891566265	0	0.0120481927710843	0.0240963855421687	0.132530120481928	0.240963855421687	0.0689838231930276	0.0412385418781942	0.0223077554107058
0.043010752688172	0.043010752688172	0.139784946236559	0.0967741935483871	0.43010752688172	0.129032258064516	0	0	0.129032258064516	0.43010752688172	0.236559139784946	0.043010752688172	0.043010752688172	0.0860215053763441	0.182795698924731	0.0895508477031679	0.0535335128193958	0.0289586502301245
0.127272727272727	0.0545454545454545	0.0363636363636364	0.0181818181818182	0.218181818181818	0.509090909090909	0.0181818181818182	0	0.0181818181818182	0.145454545454545	0.563636363636364	0.218181818181818	0.0181818181818182	0	0	0.0851750676449449	0.0509176707157208	0.027543625275698
0.0967741935483871	0.0806451612903226	0.032258064516129	0	0.0806451612903226	0.419354838709677	0.209677419354839	0.112903225806452	0.032258064516129	0.0161290322580645	0.193548387096774	0.645161290322581	0.17741935483871	0.032258064516129	0.580645161290323	0.100744703666064	0.0602252019218203	0.0325784815088901
0.0212765957446809	0.0638297872340425	0.106382978723404	0.0212765957446809	0.0425531914893617	0.0851063829787234	0.297872340425532	0.276595744680851	0.0425531914893617	0.0212765957446809	0.0425531914893617	0.191489361702128	0.638297872340426	0.319148936170213	0.0212765957446809	0.166121585832339	0.0993075138072569	0.0537198365306166
0.0857142857142857	0	0	0.0285714285714286	0.0285714285714286	0.142857142857143	0.314285714285714	0.2	0.0571428571428571	0	0.0285714285714286	0.0857142857142857	0.342857142857143	0.428571428571429	0.0571428571428571	0.0594873488313901	0.0355615478014558	0.0192368176528684
0	0.111111111111111	0.0740740740740741	0.037037037037037	0.0740740740740741	0.148148148148148	0.0740740740740741	0.222222222222222	0	0.333333333333333	0.148148148148148	0.037037037037037	0.037037037037037	0.296296296296296	0.740740740740741	0.0578349224749626	0.0345737270291931	0.0187024616069554
0	0	0.075	0.05	0.1	0.05	0	0	0.075	0.2	0.35	0.3	0.2	0.275	0.15	0.598591447615863	0.357838074752149	0.193570477631988
0	0	0.075	0.05	0.1	0.05	0	0	0.075	0.2	0.35	0.3	0.2	0.275	0.15	0.598591447615863	0.357838074752149	0.193570477631988
0	0	0.075	0.05	0.1	0.05	0	0	0.075	0.2	0.35	0.3	0.2	0.275	0.15	0.598591447615863	0.357838074752149	0.193570477631988
