0	0	0.087719298245614	0	0.0175438596491228	0.631578947368421	0.982456140350877	0.491228070175439	0.0350877192982456	0.105263157894737	0.280701754385965	0.456140350877193	0.298245614035088	0.456140350877193	0.0175438596491228	0.00913182986446777	0.00545900953092523	0.0029530202537298
0	0.0517241379310345	0.0344827586206897	0	0	0.0862068965517241	0.482758620689655	0.810344827586207	0.206896551724138	0.0517241379310345	0	0.310344827586207	0.637931034482759	0.362068965517241	0.172413793103448	0.00897438452197695	0.00536488867694376	0.00290210611142411
0	0	0.152173913043478	0.0434782608695652	0	0.0217391304347826	0.282608695652174	0.521739130434783	0.5	0.369565217391304	0.260869565217391	0.0217391304347826	0.195652173913043	0.260869565217391	0	0.135786339723825	0.0811730982424535	0.0439101272511127
0	0.0677966101694915	0	0.0338983050847458	0.0338983050847458	0	0	0.152542372881356	0.508474576271186	0.610169491525424	0.135593220338983	0.186440677966102	0.0677966101694915	0.101694915254237	0.0508474576271186	0.132334144646101	0.0791093754057809	0.0427937680837115
0.0860215053763441	0	0.021505376344086	0	0.0645161290322581	0.150537634408602	0.021505376344086	0	0.172043010752688	0.419354838709677	0.408602150537634	0.225806451612903	0.247311827956989	0.021505376344086	0.032258064516129	0.0335815678886879	0.0200750673072734	0.0108594938362967
0.12	0.0133333333333333	0	0.0133333333333333	0.0266666666666667	0.266666666666667	0.0266666666666667	0.146666666666667	0.04	0.0266666666666667	0.373333333333333	0.573333333333333	0.08	0.12	0	0.027760762787982	0.0165953889740127	0.00897718157133859
0.274193548387097	0.290322580645161	0.0967741935483871	0	0.0161290322580645	0.17741935483871	0.661290322580645	0.290322580645161	0.0161290322580645	0	0.161290322580645	0.338709677419355	0.241935483870968	0.112903225806452	0	0.00839539197217199	0.00501876682681836	0.00271487345907417
0.0533333333333333	0.266666666666667	0.36	0.04	0	0.0266666666666667	0.146666666666667	0.426666666666667	0.146666666666667	0.0933333333333333	0.0133333333333333	0.0666666666666667	0.253333333333333	0.24	0.2	0.013880381393991	0.00829769448700635	0.0044885907856693
0.0843373493975904	0.0481927710843374	0.240963855421687	0.36144578313253	0.180722891566265	0.0240963855421687	0	0.36144578313253	0.44578313253012	0.301204819277108	0	0.072289156626506	0.216867469879518	0.120481927710843	0.337349397590361	0.0940688498086741	0.0562343752884467	0.0304196664691443
0.021505376344086	0.0967741935483871	0.193548387096774	0.0752688172043011	0.333333333333333	0.0860215053763441	0.0860215053763441	0	0.182795698924731	0.387096774193548	0.150537634408602	0.0645161290322581	0.021505376344086	0.043010752688172	0.10752688172043	0.201489407332128	0.120450403843641	0.0651569630177801
0.0363636363636364	0.0363636363636364	0.0727272727272727	0.0909090909090909	0.127272727272727	0.381818181818182	0.0181818181818182	0.0363636363636364	0.0545454545454545	0.127272727272727	0.581818181818182	0.254545454545455	0	0	0	0.0283916892149816	0.0169725569052403	0.00918120842523265
0.0645161290322581	0.0483870967741935	0.0161290322580645	0	0.17741935483871	0.370967741935484	0.290322580645161	0.129032258064516	0.0161290322580645	0	0.161290322580645	0.693548387096774	0.17741935483871	0.0161290322580645	0.0161290322580645	0.285443327053848	0.170638072111824	0.0923056976085218
0	0.0212765957446809	0.0851063829787234	0.0851063829787234	0	0.127659574468085	0.340425531914894	0.212765957446809	0	0.0212765957446809	0.0425531914893617	0.0638297872340425	0.702127659574468	0.0638297872340425	0	0.0332243171664679	0.0198615027614514	0.0107439673061233
0.0857142857142857	0.114285714285714	0.0857142857142857	0.0285714285714286	0.0285714285714286	0.142857142857143	0.314285714285714	0.142857142857143	0.114285714285714	0.0285714285714286	0	0.0857142857142857	0.114285714285714	0.628571428571429	0.2	0.0148718372078475	0.00889038695036395	0.0048092044132171
0	0.111111111111111	0.148148148148148	0.0740740740740741	0.037037037037037	0.0740740740740741	0.111111111111111	0.37037037037037	0.111111111111111	0.148148148148148	0.148148148148148	0.148148148148148	0.037037037037037	0.185185185185185	0.666666666666667	0.0771132299666168	0.0460983027055909	0.0249366154759405
0	0.05	0.025	0.025	0.075	0.175	0	0	0.125	0.15	0.225	0.375	0.35	0.3	0.125	0.520514302274663	0.311163543262738	0.168322154462599
0	0.05	0.025	0.025	0.075	0.175	0	0	0.125	0.15	0.225	0.375	0.35	0.3	0.125	0.520514302274663	0.311163543262738	0.168322154462599
0	0.05	0.025	0.025	0.075	0.175	0	0	0.125	0.15	0.225	0.375	0.35	0.3	0.125	0.520514302274663	0.311163543262738	0.168322154462599
