0	0.0350877192982456	0.0350877192982456	0	0.0175438596491228	0.614035087719298	1.03508771929825	0.473684210526316	0.0175438596491228	0.0701754385964912	0.350877192982456	0.368421052631579	0.473684210526316	0.385964912280702	0.0526315789473684	0.0547909791868066	0.0327540571855514	0.0177181215223788
0	0.0517241379310345	0.0689655172413793	0	0	0.0862068965517241	0.758620689655172	1.17241379310345	0.0517241379310345	0.0689655172413793	0	0.327586206896552	0.379310344827586	0.637931034482759	0.120689655172414	0.00897438452197695	0.00536488867694376	0.00290210611142411
0	0.0217391304347826	0.108695652173913	0.0652173913043478	0.0217391304347826	0	0.217391304347826	0.739130434782609	0.456521739130435	0.369565217391304	0.173913043478261	0.0217391304347826	0.173913043478261	0.217391304347826	0	0.0678931698619126	0.0405865491212267	0.0219550636255563
0	0.0677966101694915	0.0338983050847458	0.11864406779661	0.0508474576271186	0	0	0.101694915254237	0.406779661016949	0.457627118644068	0.288135593220339	0.423728813559322	0.0847457627118644	0.0847457627118644	0.0338983050847458	0.158800973575321	0.0949312504869371	0.0513525217004538
0.043010752688172	0	0.043010752688172	0	0.032258064516129	0.129032258064516	0.032258064516129	0	0.21505376344086	0.645161290322581	0.344086021505376	0.172043010752688	0.150537634408602	0.032258064516129	0.0645161290322581	0.0895508477031679	0.0535335128193958	0.0289586502301245
0.253333333333333	0.0133333333333333	0	0.0266666666666667	0.08	0.346666666666667	0.0133333333333333	0.0266666666666667	0.04	0.0666666666666667	0.386666666666667	0.586666666666667	0.106666666666667	0.0266666666666667	0	0	0	0
0.258064516129032	0.258064516129032	0.112903225806452	0	0.0161290322580645	0.0967741935483871	0.580645161290323	0.290322580645161	0	0	0.0483870967741935	0.338709677419355	0.370967741935484	0.032258064516129	0	0.0335815678886879	0.0200750673072734	0.0108594938362967
0.12	0.24	0.346666666666667	0	0	0	0.173333333333333	0.506666666666667	0.146666666666667	0.106666666666667	0	0.0533333333333333	0.266666666666667	0.333333333333333	0.16	0.00694019069699551	0.00414884724350318	0.00224429539283465
0.036144578313253	0.0963855421686747	0.337349397590361	0.301204819277108	0.072289156626506	0	0	0.373493975903614	0.493975903614458	0.27710843373494	0	0.0843373493975904	0.0963855421686747	0.204819277108434	0.289156626506024	0.0438987965773812	0.0262427084679418	0.0141958443522674
0.010752688172043	0.021505376344086	0.150537634408602	0.0645161290322581	0.279569892473118	0.0537634408602151	0.021505376344086	0	0.139784946236559	0.365591397849462	0.172043010752688	0.0645161290322581	0.010752688172043	0.193548387096774	0.161290322580645	0.162310911461992	0.0970294919851549	0.0524875535421006
0.0727272727272727	0.0545454545454545	0.0727272727272727	0.109090909090909	0.109090909090909	0.363636363636364	0.0363636363636364	0.0363636363636364	0.0363636363636364	0.127272727272727	0.563636363636364	0.218181818181818	0	0	0	0.075711171239951	0.0452601517473074	0.0244832224672871
0.0483870967741935	0.0161290322580645	0.0483870967741935	0	0.0806451612903226	0.338709677419355	0.209677419354839	0.161290322580645	0.032258064516129	0	0.145161290322581	0.790322580645161	0.209677419354839	0.0806451612903226	0.032258064516129	0.243466367192988	0.145544237977732	0.078731330313151
0	0.0212765957446809	0.276595744680851	0	0	0.0425531914893617	0.25531914893617	0.48936170212766	0.0851063829787234	0.0212765957446809	0.0212765957446809	0.0425531914893617	0.787234042553192	0.170212765957447	0	0.0553738619441131	0.033102504602419	0.0179066121768722
0.0285714285714286	0.0857142857142857	0	0.0285714285714286	0	0.0571428571428571	0.142857142857143	0.428571428571429	0.114285714285714	0	0.0285714285714286	0.0571428571428571	0.142857142857143	0.457142857142857	0.2	0.0892310232470851	0.0533423217021837	0.0288552264793026
0	0.185185185185185	0.037037037037037	0.111111111111111	0.037037037037037	0.0740740740740741	0	0.407407407407407	0.37037037037037	0.185185185185185	0.037037037037037	0	0	0.407407407407407	0.407407407407407	0.115669844949925	0.0691474540583863	0.0374049232139108
0	0	0.05	0.025	0.125	0.075	0	0	0	0.225	0.275	0.15	0.05	0	0.175	0.286282866251065	0.171139948794506	0.0925771849544293
0	0	0.05	0.025	0.125	0.075	0	0	0	0.225	0.275	0.15	0.05	0	0.175	0.286282866251065	0.171139948794506	0.0925771849544293
0	0	0.05	0.025	0.125	0.075	0	0	0	0.225	0.275	0.15	0.05	0	0.175	0.286282866251065	0.171139948794506	0.0925771849544293
