0	0.0350877192982456	0.0701754385964912	0	0.0350877192982456	0.403508771929825	1.15789473684211	0.403508771929825	0.0701754385964912	0.140350877192982	0.175438596491228	0.385964912280702	0.403508771929825	0.508771929824561	0.0526315789473684	0.0182636597289355	0.0109180190618505	0.0059060405074596
0	0.103448275862069	0.0862068965517241	0	0.0344827586206897	0.172413793103448	0.482758620689655	1	0.103448275862069	0.0689655172413793	0	0.189655172413793	0.241379310344828	0.53448275862069	0.103448275862069	0.00897438452197695	0.00536488867694376	0.00290210611142411
0	0.0434782608695652	0.173913043478261	0.0652173913043478	0.0217391304347826	0	0.0869565217391304	0.630434782608696	0.652173913043478	0.173913043478261	0.0869565217391304	0.0869565217391304	0.173913043478261	0.521739130434783	0.0652173913043478	0.0565776415515938	0.0338221242676889	0.0182958863546303
0	0.0338983050847458	0.0169491525423729	0.0508474576271186	0	0	0	0.135593220338983	0.372881355932203	0.322033898305085	0.135593220338983	0.220338983050847	0.135593220338983	0.101694915254237	0.0508474576271186	0.132334144646101	0.0791093754057809	0.0427937680837115
0.043010752688172	0	0.032258064516129	0	0.0537634408602151	0.193548387096774	0.010752688172043	0	0.204301075268817	0.623655913978495	0.397849462365591	0.10752688172043	0.118279569892473	0.010752688172043	0.032258064516129	0.0615662077959279	0.0368042900633346	0.0199090720332106
0.146666666666667	0.0133333333333333	0	0.0133333333333333	0.0666666666666667	0.186666666666667	0.0266666666666667	0	0.0133333333333333	0.12	0.44	0.586666666666667	0.0666666666666667	0.0266666666666667	0	0	0	0
0.225806451612903	0.354838709677419	0.0161290322580645	0	0.0483870967741935	0.0806451612903226	0.645161290322581	0.161290322580645	0.0161290322580645	0	0.129032258064516	0.225806451612903	0.370967741935484	0.0806451612903226	0	0.016790783944344	0.0100375336536367	0.00542974691814834
0.0933333333333333	0.266666666666667	0.253333333333333	0.04	0	0.04	0.24	0.32	0.173333333333333	0.0666666666666667	0	0.106666666666667	0.386666666666667	0.253333333333333	0.0133333333333333	0	0	0
0.0481927710843374	0.0963855421686747	0.36144578313253	0.216867469879518	0.0963855421686747	0.0240963855421687	0	0.289156626506024	0.578313253012048	0.132530120481928	0	0.0240963855421687	0.0602409638554217	0.265060240963855	0.253012048192771	0.0501700532312928	0.0299916668205049	0.016223822116877
0.0645161290322581	0.0645161290322581	0.172043010752688	0.0967741935483871	0.279569892473118	0.118279569892473	0.0645161290322581	0	0.161290322580645	0.397849462365591	0.182795698924731	0.0645161290322581	0.010752688172043	0.0645161290322581	0.129032258064516	0.1399231995362	0.083646113780306	0.0452478909845695
0.127272727272727	0.0727272727272727	0.127272727272727	0.0909090909090909	0.127272727272727	0.527272727272727	0.0727272727272727	0	0.0363636363636364	0.127272727272727	0.618181818181818	0.218181818181818	0.0181818181818182	0	0	0.0851750676449449	0.0509176707157208	0.027543625275698
0.0806451612903226	0.0645161290322581	0.0645161290322581	0	0.129032258064516	0.306451612903226	0.129032258064516	0.129032258064516	0.0161290322580645	0.032258064516129	0.145161290322581	0.580645161290323	0.193548387096774	0.032258064516129	0.032258064516129	0.327420286914707	0.195731906245916	0.105880064903893
0	0.0425531914893617	0.148936170212766	0.0212765957446809	0.0212765957446809	0.127659574468085	0.148936170212766	0.340425531914894	0.0425531914893617	0.0425531914893617	0.0638297872340425	0.0851063829787234	0.638297872340426	0.234042553191489	0.0638297872340425	0.199345902998807	0.119169016568708	0.0644638038367399
0.0571428571428571	0.114285714285714	0.0571428571428571	0.0571428571428571	0.0285714285714286	0.114285714285714	0.228571428571429	0.342857142857143	0.142857142857143	0.0285714285714286	0.0285714285714286	0.2	0.0285714285714286	0.657142857142857	0.257142857142857	0.029743674415695	0.0177807739007279	0.00961840882643421
0	0.222222222222222	0	0.148148148148148	0.111111111111111	0.0740740740740741	0.111111111111111	0.333333333333333	0.444444444444444	0.259259259259259	0.0740740740740741	0.0740740740740741	0.037037037037037	0.296296296296296	0.333333333333333	0.0385566149833084	0.0230491513527954	0.0124683077379703
0	0.05	0.025	0.025	0.075	0.125	0	0	0.175	0.1	0.4	0.25	0.2	0.325	0.075	0.312308581364798	0.186698125957643	0.100993292677559
0	0.05	0.025	0.025	0.075	0.125	0	0	0.175	0.1	0.4	0.25	0.2	0.325	0.075	0.312308581364798	0.186698125957643	0.100993292677559
0	0.05	0.025	0.025	0.075	0.125	0	0	0.175	0.1	0.4	0.25	0.2	0.325	0.075	0.312308581364798	0.186698125957643	0.100993292677559
