0	0	0.087719298245614	0.0350877192982456	0.0175438596491228	0.421052631578947	0.912280701754386	0.473684210526316	0.087719298245614	0.0175438596491228	0.263157894736842	0.368421052631579	0.596491228070175	0.403508771929825	0.0701754385964912	0.0730546389157422	0.0436720762474019	0.0236241620298384
0	0.0344827586206897	0.0344827586206897	0	0	0	0.517241379310345	1.10344827586207	0.120689655172414	0.103448275862069	0	0.224137931034483	0.362068965517241	0.448275862068966	0.155172413793103	0.0269231535659308	0.0160946660308313	0.00870631833427234
0	0.0434782608695652	0.173913043478261	0.0652173913043478	0.0217391304347826	0	0.217391304347826	0.717391304347826	0.543478260869565	0.326086956521739	0.108695652173913	0.0217391304347826	0.217391304347826	0.41304347826087	0	0.124470811413506	0.0744086733889157	0.0402509499801866
0	0.0338983050847458	0.0169491525423729	0.0338983050847458	0.0169491525423729	0	0	0.186440677966102	0.389830508474576	0.491525423728814	0.152542372881356	0.271186440677966	0.11864406779661	0.0508474576271186	0.11864406779661	0.149978697265581	0.0896572921265517	0.0484996038282064
0.0537634408602151	0	0.032258064516129	0	0.032258064516129	0.21505376344086	0.021505376344086	0	0.161290322580645	0.473118279569892	0.526881720430108	0.236559139784946	0.139784946236559	0.021505376344086	0.043010752688172	0.0615662077959279	0.0368042900633346	0.0199090720332106
0.186666666666667	0.0133333333333333	0	0	0.0666666666666667	0.226666666666667	0.04	0.0266666666666667	0	0.106666666666667	0.28	0.64	0.0266666666666667	0.12	0	0.013880381393991	0.00829769448700635	0.0044885907856693
0.354838709677419	0.17741935483871	0.032258064516129	0	0.0483870967741935	0.0483870967741935	0.596774193548387	0.0806451612903226	0.032258064516129	0	0.0967741935483871	0.580645161290323	0.241935483870968	0.225806451612903	0	0.00839539197217199	0.00501876682681836	0.00271487345907417
0.12	0.32	0.386666666666667	0.0133333333333333	0	0.04	0.173333333333333	0.426666666666667	0.12	0.12	0.04	0.0666666666666667	0.453333333333333	0.186666666666667	0.133333333333333	0.00694019069699551	0.00414884724350318	0.00224429539283465
0.0481927710843374	0.0843373493975904	0.265060240963855	0.27710843373494	0.108433734939759	0	0	0.409638554216867	0.530120481927711	0.240963855421687	0	0.0963855421686747	0.108433734939759	0.120481927710843	0.301204819277108	0.0564413098852044	0.033740625173068	0.0182517998814866
0.032258064516129	0.0860215053763441	0.172043010752688	0.10752688172043	0.354838709677419	0.0645161290322581	0.0645161290322581	0	0.129032258064516	0.365591397849462	0.236559139784946	0.043010752688172	0.043010752688172	0.139784946236559	0.204301075268817	0.240667903202264	0.143871315702126	0.0778263724934596
0.109090909090909	0.0181818181818182	0.0363636363636364	0.0909090909090909	0.145454545454545	0.4	0	0	0.0727272727272727	0.127272727272727	0.454545454545455	0.309090909090909	0	0	0	0.113566756859926	0.0678902276209611	0.0367248337009306
0.0806451612903226	0.0483870967741935	0.0161290322580645	0	0.112903225806452	0.32258064516129	0.258064516129032	0.161290322580645	0.0161290322580645	0.0161290322580645	0.145161290322581	0.629032258064516	0.161290322580645	0	0	0.503723518330319	0.301126009609102	0.16289240754445
0.0425531914893617	0.0425531914893617	0.106382978723404	0.0638297872340425	0.0212765957446809	0.0851063829787234	0.382978723404255	0.191489361702128	0.0851063829787234	0	0.0638297872340425	0.0851063829787234	0.574468085106383	0.212765957446809	0.106382978723404	0.0221495447776452	0.0132410018409676	0.00716264487074888
0	0.114285714285714	0	0.0857142857142857	0	0.0285714285714286	0.0571428571428571	0.485714285714286	0.142857142857143	0	0	0.0857142857142857	0.171428571428571	0.714285714285714	0.2	0.0892310232470851	0.0533423217021837	0.0288552264793026
0	0.111111111111111	0.0740740740740741	0.0740740740740741	0	0.111111111111111	0	0.185185185185185	0.111111111111111	0.481481481481481	0.0740740740740741	0.0740740740740741	0	0.296296296296296	0.407407407407407	0.134948152441579	0.080672029734784	0.0436390770828959
0	0	0.025	0.05	0.05	0.025	0	0.025	0.05	0.1	0.225	0.25	0.175	0.125	0.15	0.45545001449033	0.272268100354896	0.147281885154774
0	0	0.025	0.05	0.05	0.025	0	0.025	0.05	0.1	0.225	0.25	0.175	0.125	0.15	0.45545001449033	0.272268100354896	0.147281885154774
0	0	0.025	0.05	0.05	0.025	0	0.025	0.05	0.1	0.225	0.25	0.175	0.125	0.15	0.45545001449033	0.272268100354896	0.147281885154774
