0	0.0350877192982456	0.0701754385964912	0	0	0.385964912280702	1.15789473684211	0.421052631578947	0.0350877192982456	0.12280701754386	0.192982456140351	0.368421052631579	0.649122807017544	0.298245614035088	0.0526315789473684	0.0456591493223389	0.0272950476546262	0.014765101268649
0	0.0862068965517241	0.0344827586206897	0	0	0.0862068965517241	0.517241379310345	0.827586206896552	0.0862068965517241	0.0517241379310345	0	0.258620689655172	0.53448275862069	0.551724137931034	0.0689655172413793	0.00897438452197695	0.00536488867694376	0.00290210611142411
0	0	0.0217391304347826	0.0434782608695652	0	0	0.108695652173913	0.521739130434783	0.739130434782609	0.347826086956522	0.195652173913043	0.0652173913043478	0.0869565217391304	0.41304347826087	0.0217391304347826	0.113155283103188	0.0676442485353779	0.0365917727092606
0	0.0169491525423729	0.0338983050847458	0.0338983050847458	0	0	0	0.152542372881356	0.491525423728814	0.355932203389831	0.135593220338983	0.271186440677966	0.0338983050847458	0.135593220338983	0.101694915254237	0.0970450394071406	0.0580135419642393	0.0313820965947218
0.043010752688172	0	0.021505376344086	0	0.043010752688172	0.193548387096774	0.021505376344086	0	0.139784946236559	0.505376344086022	0.32258064516129	0.301075268817204	0.150537634408602	0.021505376344086	0.043010752688172	0.0727600637588239	0.0434959791657591	0.0235289033119762
0.12	0	0	0.04	0.0666666666666667	0.253333333333333	0.0266666666666667	0.08	0	0.173333333333333	0.506666666666667	0.533333333333333	0.0533333333333333	0.0666666666666667	0	0.013880381393991	0.00829769448700635	0.0044885907856693
0.17741935483871	0.370967741935484	0.0645161290322581	0	0.0161290322580645	0.0483870967741935	0.516129032258065	0.209677419354839	0.0161290322580645	0	0.129032258064516	0.290322580645161	0.467741935483871	0.0161290322580645	0	0.025186175916516	0.0150563004804551	0.00814462037722251
0.12	0.293333333333333	0.346666666666667	0.0133333333333333	0	0.0533333333333333	0.213333333333333	0.373333333333333	0.12	0.186666666666667	0.0133333333333333	0.04	0.386666666666667	0.2	0.0666666666666667	0.00694019069699551	0.00414884724350318	0.00224429539283465
0.072289156626506	0.0481927710843374	0.337349397590361	0.228915662650602	0.108433734939759	0.0240963855421687	0	0.216867469879518	0.566265060240964	0.180722891566265	0	0	0.072289156626506	0.120481927710843	0.228915662650602	0.0501700532312928	0.0299916668205049	0.016223822116877
0.0537634408602151	0	0.236559139784946	0.118279569892473	0.268817204301075	0.0967741935483871	0	0	0.225806451612903	0.440860215053763	0.204301075268817	0.021505376344086	0.021505376344086	0.0537634408602151	0.129032258064516	0.0895508477031679	0.0535335128193958	0.0289586502301245
0.0545454545454545	0.0363636363636364	0.109090909090909	0.0545454545454545	0.218181818181818	0.327272727272727	0.0363636363636364	0.0181818181818182	0.0909090909090909	0.127272727272727	0.581818181818182	0.236363636363636	0.0545454545454545	0	0	0.0567833784299632	0.0339451138104805	0.0183624168504653
0.0645161290322581	0.0161290322580645	0.0161290322580645	0	0.0483870967741935	0.370967741935484	0.161290322580645	0.0967741935483871	0.0161290322580645	0	0.112903225806452	0.548387096774194	0.290322580645161	0.0483870967741935	0.629032258064516	0.461746558469459	0.27603217547501	0.149318040249079
0.0212765957446809	0.0638297872340425	0.170212765957447	0.0212765957446809	0.0425531914893617	0.212765957446809	0.148936170212766	0.276595744680851	0.106382978723404	0	0.0425531914893617	0.148936170212766	0.595744680851064	0.319148936170213	0.0638297872340425	0.0332243171664679	0.0198615027614514	0.0107439673061233
0.0857142857142857	0.0285714285714286	0	0	0.0285714285714286	0.0285714285714286	0.2	0.342857142857143	0.0857142857142857	0	0.0285714285714286	0.0571428571428571	0.285714285714286	0.371428571428571	0.0857142857142857	0.029743674415695	0.0177807739007279	0.00961840882643421
0.037037037037037	0.037037037037037	0.0740740740740741	0.0740740740740741	0.037037037037037	0	0.111111111111111	0.185185185185185	0.222222222222222	0.259259259259259	0.148148148148148	0	0.111111111111111	0.259259259259259	0.518518518518518	0.115669844949925	0.0691474540583863	0.0374049232139108
0	0.025	0.075	0	0.05	0.1	0	0	0.05	0.25	0.2	0.425	0.3	0.25	0.175	0.429424299376597	0.256709923191759	0.138865777431644
0	0.025	0.075	0	0.05	0.1	0	0	0.05	0.25	0.2	0.425	0.3	0.25	0.175	0.429424299376597	0.256709923191759	0.138865777431644
0	0.025	0.075	0	0.05	0.1	0	0	0.05	0.25	0.2	0.425	0.3	0.25	0.175	0.429424299376597	0.256709923191759	0.138865777431644
