0	0.0175438596491228	0.0701754385964912	0	0.0175438596491228	0.649122807017544	0.894736842105263	0.473684210526316	0	0.087719298245614	0.105263157894737	0.456140350877193	0.526315789473684	0.315789473684211	0.0350877192982456	0.0456591493223389	0.0272950476546262	0.014765101268649
0	0	0.0862068965517241	0	0.0344827586206897	0	0.551724137931034	1.03448275862069	0.103448275862069	0.0862068965517241	0	0.155172413793103	0.258620689655172	0.448275862068966	0.120689655172414	0.0179487690439539	0.0107297773538875	0.00580421222284823
0	0.0434782608695652	0.130434782608696	0.0869565217391304	0.0217391304347826	0.0652173913043478	0.130434782608696	0.695652173913043	0.347826086956522	0.304347826086957	0.195652173913043	0	0.0652173913043478	0.41304347826087	0.0434782608695652	0.0678931698619126	0.0405865491212267	0.0219550636255563
0	0.0169491525423729	0.0169491525423729	0.101694915254237	0	0	0	0.152542372881356	0.440677966101695	0.440677966101695	0.11864406779661	0.457627118644068	0.0677966101694915	0.101694915254237	0.0847457627118644	0.141156420955841	0.0843833337661663	0.045646685955959
0.021505376344086	0	0	0	0.021505376344086	0.0967741935483871	0.043010752688172	0	0.258064516129032	0.451612903225806	0.440860215053763	0.279569892473118	0.161290322580645	0.043010752688172	0.0860215053763441	0.0783569917402719	0.0468418237169714	0.0253388189513589
0.16	0.0266666666666667	0	0.0266666666666667	0.08	0.226666666666667	0.08	0.0266666666666667	0.0133333333333333	0.04	0.426666666666667	0.466666666666667	0.0666666666666667	0.0533333333333333	0	0.013880381393991	0.00829769448700635	0.0044885907856693
0.419354838709677	0.290322580645161	0	0	0.0645161290322581	0.0967741935483871	0.580645161290323	0.274193548387097	0	0	0.0645161290322581	0.435483870967742	0.258064516129032	0.112903225806452	0	0	0	0
0.0666666666666667	0.173333333333333	0.266666666666667	0.0533333333333333	0	0.0666666666666667	0.16	0.333333333333333	0.173333333333333	0.12	0.0133333333333333	0.0666666666666667	0.306666666666667	0.133333333333333	0.106666666666667	0.013880381393991	0.00829769448700635	0.0044885907856693
0.0481927710843374	0.132530120481928	0.36144578313253	0.228915662650602	0.0843373493975904	0.0240963855421687	0	0.385542168674699	0.590361445783133	0.204819277108434	0	0.0843373493975904	0.216867469879518	0.301204819277108	0.27710843373494	0.031356283269558	0.0187447917628156	0.0101398888230481
0	0.0752688172043011	0.193548387096774	0.0752688172043011	0.354838709677419	0.032258064516129	0.043010752688172	0	0.0860215053763441	0.376344086021505	0.172043010752688	0.10752688172043	0.021505376344086	0.118279569892473	0.139784946236559	0.128729343573304	0.0769544246778815	0.041628059705804
0.109090909090909	0.0363636363636364	0.0545454545454545	0.0545454545454545	0.109090909090909	0.436363636363636	0.0363636363636364	0.0181818181818182	0.0181818181818182	0.145454545454545	0.563636363636364	0.254545454545455	0	0	0	0.113566756859926	0.0678902276209611	0.0367248337009306
0.032258064516129	0.0806451612903226	0.0483870967741935	0	0.129032258064516	0.241935483870968	0.241935483870968	0.032258064516129	0.032258064516129	0.0161290322580645	0.17741935483871	0.5	0.193548387096774	0.0161290322580645	1.70967741935484	0.260257151137332	0.155581771631369	0.0841610772312993
0.0851063829787234	0	0.0638297872340425	0	0.0212765957446809	0.0212765957446809	0.191489361702128	0.212765957446809	0	0.0425531914893617	0.0425531914893617	0.234042553191489	0.765957446808511	0.0851063829787234	0	0.110747723888226	0.0662050092048379	0.0358132243537444
0.0285714285714286	0.0285714285714286	0.0571428571428571	0.0285714285714286	0.0285714285714286	0	0.2	0.485714285714286	0	0.0285714285714286	0	0.0857142857142857	0.142857142857143	0.714285714285714	0.142857142857143	0.104102860454933	0.0622327086525477	0.0336644308925197
0	0.111111111111111	0.037037037037037	0.0740740740740741	0.037037037037037	0.037037037037037	0	0.148148148148148	0.222222222222222	0.259259259259259	0.0740740740740741	0	0.0740740740740741	0.333333333333333	0.444444444444444	0.0578349224749626	0.0345737270291931	0.0187024616069554
0	0	0.05	0.025	0.075	0	0	0	0.025	0.15	0.25	0.2	0.275	0.125	0.3	0.507501444717797	0.30338445468117	0.164114100601034
0	0	0.05	0.025	0.075	0	0	0	0.025	0.15	0.25	0.2	0.275	0.125	0.3	0.507501444717797	0.30338445468117	0.164114100601034
0	0	0.05	0.025	0.075	0	0	0	0.025	0.15	0.25	0.2	0.275	0.125	0.3	0.507501444717797	0.30338445468117	0.164114100601034
