0	0	0.0526315789473684	0	0.0175438596491228	0.736842105263158	0.807017543859649	0.526315789473684	0.0175438596491228	0	0.140350877192982	0.491228070175439	0.43859649122807	0.280701754385965	0.0526315789473684	0.00913182986446777	0.00545900953092523	0.0029530202537298
0	0.0517241379310345	0.0689655172413793	0	0	0.0862068965517241	0.655172413793103	0.862068965517241	0.120689655172414	0.0517241379310345	0	0.293103448275862	0.46551724137931	0.396551724137931	0.0862068965517241	0.00897438452197695	0.00536488867694376	0.00290210611142411
0	0.0434782608695652	0	0.0217391304347826	0	0	0.108695652173913	0.543478260869565	0.760869565217391	0.239130434782609	0.0652173913043478	0.108695652173913	0.130434782608696	0.304347826086957	0.173913043478261	0.124470811413506	0.0744086733889157	0.0402509499801866
0	0.0508474576271186	0	0.101694915254237	0.0169491525423729	0	0	0.203389830508475	0.491525423728814	0.457627118644068	0.0508474576271186	0.338983050847458	0.0677966101694915	0.152542372881356	0.0847457627118644	0.123511868336361	0.0738354170453955	0.0399408502114641
0.043010752688172	0	0.021505376344086	0	0.0860215053763441	0.150537634408602	0.0537634408602151	0	0.311827956989247	0.365591397849462	0.365591397849462	0.258064516129032	0.193548387096774	0.0537634408602151	0.043010752688172	0.0559692798144799	0.0334584455121224	0.0180991563938278
0.106666666666667	0.0133333333333333	0	0	0.0933333333333333	0.213333333333333	0.0533333333333333	0.08	0	0.106666666666667	0.333333333333333	0.706666666666667	0.08	0.04	0	0.0416411441819731	0.0248930834610191	0.0134657723570079
0.338709677419355	0.32258064516129	0.0483870967741935	0	0.032258064516129	0.0645161290322581	0.548387096774194	0.145161290322581	0.0806451612903226	0	0.161290322580645	0.225806451612903	0.209677419354839	0.0967741935483871	0	0.016790783944344	0.0100375336536367	0.00542974691814834
0.08	0.293333333333333	0.28	0.0133333333333333	0	0.04	0.133333333333333	0.466666666666667	0.133333333333333	0.106666666666667	0.0133333333333333	0.08	0.44	0.333333333333333	0.08	0.013880381393991	0.00829769448700635	0.0044885907856693
0.0481927710843374	0.120481927710843	0.349397590361446	0.204819277108434	0.0602409638554217	0.0240963855421687	0	0.337349397590361	0.542168674698795	0.216867469879518	0	0.036144578313253	0.0602409638554217	0.216867469879518	0.228915662650602	0.031356283269558	0.0187447917628156	0.0101398888230481
0.0645161290322581	0.010752688172043	0.043010752688172	0.10752688172043	0.311827956989247	0.0860215053763441	0.032258064516129	0	0.0860215053763441	0.376344086021505	0.258064516129032	0.0860215053763441	0	0.0967741935483871	0.193548387096774	0.218280191276472	0.130487937497277	0.0705867099359285
0.109090909090909	0.0363636363636364	0.0545454545454545	0.145454545454545	0.109090909090909	0.272727272727273	0.0363636363636364	0	0.0727272727272727	0.0909090909090909	0.527272727272727	0.236363636363636	0.0181818181818182	0	0	0.0662472748349571	0.039602632778894	0.0214228196588762
0.145161290322581	0.0645161290322581	0.0161290322580645	0	0.032258064516129	0.467741935483871	0.274193548387097	0.112903225806452	0.032258064516129	0.032258064516129	0.112903225806452	0.67741935483871	0.338709677419355	0.0161290322580645	0.032258064516129	0.268652543109504	0.160600538458187	0.0868759506903735
0	0	0.0425531914893617	0.0425531914893617	0	0.234042553191489	0.106382978723404	0.148936170212766	0.0212765957446809	0	0	0.191489361702128	0.553191489361702	0.106382978723404	0.0212765957446809	0.0332243171664679	0.0198615027614514	0.0107439673061233
0	0.0857142857142857	0	0	0	0.142857142857143	0.257142857142857	0.2	0.0571428571428571	0	0	0.0285714285714286	0.228571428571429	0.257142857142857	0.114285714285714	0.029743674415695	0.0177807739007279	0.00961840882643421
0	0.0740740740740741	0.0740740740740741	0.111111111111111	0.111111111111111	0.037037037037037	0	0.0740740740740741	0.37037037037037	0.296296296296296	0.111111111111111	0	0.037037037037037	0.296296296296296	0.444444444444444	0.0385566149833084	0.0230491513527954	0.0124683077379703
0	0.025	0	0.1	0.1	0	0	0.075	0.1	0.175	0.475	0.075	0.25	0.3	0.075	0.260257151137332	0.155581771631369	0.0841610772312993
0	0.025	0	0.1	0.1	0	0	0.075	0.1	0.175	0.475	0.075	0.25	0.3	0.075	0.260257151137332	0.155581771631369	0.0841610772312993
0	0.025	0	0.1	0.1	0	0	0.075	0.1	0.175	0.475	0.075	0.25	0.3	0.075	0.260257151137332	0.155581771631369	0.0841610772312993
