0.0175438596491228	0	0.0175438596491228	0.0526315789473684	0	0.631578947368421	1.12280701754386	0.368421052631579	0.12280701754386	0.0175438596491228	0.228070175438596	0.280701754385965	0.263157894736842	0.403508771929825	0.0350877192982456	0.08218646878021	0.0491310857783271	0.0265771822835682
0	0.120689655172414	0.0862068965517241	0	0	0.258620689655172	0.46551724137931	1.24137931034483	0.0862068965517241	0	0	0.275862068965517	0.396551724137931	0.53448275862069	0.0862068965517241	0	0	0
0	0.0217391304347826	0.108695652173913	0.173913043478261	0	0	0.217391304347826	0.934782608695652	0.456521739130435	0.217391304347826	0.239130434782609	0.0652173913043478	0.173913043478261	0.391304347826087	0.0217391304347826	0.0565776415515938	0.0338221242676889	0.0182958863546303
0	0.0677966101694915	0	0.0847457627118644	0.0338983050847458	0	0	0.169491525423729	0.542372881355932	0.423728813559322	0.254237288135593	0.271186440677966	0.101694915254237	0.11864406779661	0.0677966101694915	0.158800973575321	0.0949312504869371	0.0513525217004538
0.0537634408602151	0	0.010752688172043	0	0.021505376344086	0.0967741935483871	0.032258064516129	0	0.161290322580645	0.397849462365591	0.494623655913978	0.247311827956989	0.204301075268817	0.032258064516129	0.0645161290322581	0.0615662077959279	0.0368042900633346	0.0199090720332106
0.146666666666667	0.0266666666666667	0	0.0133333333333333	0.0666666666666667	0.266666666666667	0.0666666666666667	0	0.0266666666666667	0.173333333333333	0.36	0.533333333333333	0.253333333333333	0	0	0.0208205720909865	0.0124465417305095	0.00673288617850395
0.338709677419355	0.241935483870968	0.0645161290322581	0	0.0483870967741935	0.193548387096774	0.612903225806452	0.258064516129032	0	0	0.112903225806452	0.548387096774194	0.32258064516129	0.0967741935483871	0	0.0503723518330319	0.0301126009609102	0.016289240754445
0.0933333333333333	0.306666666666667	0.333333333333333	0	0	0	0.226666666666667	0.386666666666667	0.0533333333333333	0.08	0	0.04	0.52	0.253333333333333	0.133333333333333	0.027760762787982	0.0165953889740127	0.00897718157133859
0.0240963855421687	0.0843373493975904	0.373493975903614	0.204819277108434	0.0963855421686747	0.0481927710843374	0	0.373493975903614	0.542168674698795	0.228915662650602	0	0.0481927710843374	0.036144578313253	0.180722891566265	0.325301204819277	0.0752550798469392	0.0449875002307573	0.0243357331753155
0	0.043010752688172	0.10752688172043	0.150537634408602	0.279569892473118	0.10752688172043	0.0537634408602151	0	0.150537634408602	0.440860215053763	0.172043010752688	0.0860215053763441	0.043010752688172	0.0860215053763441	0.21505376344086	0.162310911461992	0.0970294919851549	0.0524875535421006
0.0909090909090909	0.0181818181818182	0.0727272727272727	0.0727272727272727	0.0909090909090909	0.381818181818182	0	0.0181818181818182	0.0181818181818182	0.145454545454545	0.363636363636364	0.290909090909091	0.0181818181818182	0	0	0.075711171239951	0.0452601517473074	0.0244832224672871
0.0645161290322581	0.032258064516129	0	0	0.0483870967741935	0.387096774193548	0.225806451612903	0.0645161290322581	0.0161290322580645	0	0.17741935483871	0.629032258064516	0.306451612903226	0.0161290322580645	1.17741935483871	0.0503723518330319	0.0301126009609102	0.016289240754445
0.0638297872340425	0.106382978723404	0.0638297872340425	0.0212765957446809	0.106382978723404	0.361702127659574	0.319148936170213	0.234042553191489	0	0.0425531914893617	0.0212765957446809	0.212765957446809	1.06382978723404	0.851063829787234	0.0851063829787234	0.0110747723888226	0.00662050092048379	0.00358132243537444
0.0571428571428571	0.114285714285714	0.0857142857142857	0	0.0285714285714286	0.0285714285714286	0.257142857142857	0.257142857142857	0.114285714285714	0.0285714285714286	0	0.171428571428571	0.0857142857142857	0.828571428571429	0.257142857142857	0.0446155116235426	0.0266711608510919	0.0144276132396513
0	0.037037037037037	0.037037037037037	0.037037037037037	0.0740740740740741	0.0740740740740741	0	0	0.148148148148148	0.148148148148148	0.0740740740740741	0.0740740740740741	0.037037037037037	0.333333333333333	0.407407407407407	0.0771132299666168	0.0460983027055909	0.0249366154759405
0	0.025	0.025	0.05	0.15	0.125	0	0	0.075	0.2	0.3	0.275	0.15	0.25	0.225	0.260257151137332	0.155581771631369	0.0841610772312993
0	0.025	0.025	0.05	0.15	0.125	0	0	0.075	0.2	0.3	0.275	0.15	0.25	0.225	0.260257151137332	0.155581771631369	0.0841610772312993
0	0.025	0.025	0.05	0.15	0.125	0	0	0.075	0.2	0.3	0.275	0.15	0.25	0.225	0.260257151137332	0.155581771631369	0.0841610772312993
