0.0175438596491228	0	0.105263157894737	0.0175438596491228	0.0175438596491228	0.280701754385965	1.45614035087719	0.596491228070175	0.0526315789473684	0.105263157894737	0.228070175438596	0.385964912280702	0.807017543859649	0.350877192982456	0.157894736842105	0.0639228090512744	0.0382130667164766	0.0206711417761086
0	0.0689655172413793	0.0344827586206897	0	0.0172413793103448	0.172413793103448	0.741379310344828	0.810344827586207	0.120689655172414	0.0689655172413793	0	0.258620689655172	0.379310344827586	0.396551724137931	0.0689655172413793	0.00897438452197695	0.00536488867694376	0.00290210611142411
0	0.0652173913043478	0.108695652173913	0.0869565217391304	0.0217391304347826	0.0217391304347826	0.195652173913043	0.543478260869565	0.565217391304348	0.326086956521739	0.195652173913043	0.0217391304347826	0.108695652173913	0.717391304347826	0.0434782608695652	0.113155283103188	0.0676442485353779	0.0365917727092606
0	0.0338983050847458	0.0677966101694915	0.101694915254237	0	0	0	0.169491525423729	0.474576271186441	0.576271186440678	0.101694915254237	0.271186440677966	0.0338983050847458	0.11864406779661	0.0338983050847458	0.123511868336361	0.0738354170453955	0.0399408502114641
0.032258064516129	0	0.010752688172043	0	0.0645161290322581	0.150537634408602	0.043010752688172	0	0.182795698924731	0.473118279569892	0.451612903225806	0.225806451612903	0.21505376344086	0.043010752688172	0.0537634408602151	0.0503723518330319	0.0301126009609102	0.016289240754445
0.146666666666667	0.0133333333333333	0	0.0133333333333333	0.04	0.226666666666667	0.0533333333333333	0.0266666666666667	0.0266666666666667	0.08	0.48	0.666666666666667	0.0533333333333333	0.0666666666666667	0	0	0	0
0.387096774193548	0.274193548387097	0	0	0.0483870967741935	0.161290322580645	0.629032258064516	0.225806451612903	0	0	0.0806451612903226	0.370967741935484	0.306451612903226	0.112903225806452	0	0.016790783944344	0.0100375336536367	0.00542974691814834
0.0933333333333333	0.293333333333333	0.28	0.0533333333333333	0	0.08	0.146666666666667	0.373333333333333	0.173333333333333	0.2	0.0133333333333333	0.133333333333333	0.266666666666667	0.2	0.0266666666666667	0	0	0
0.0481927710843374	0.0602409638554217	0.349397590361446	0.253012048192771	0.156626506024096	0.0240963855421687	0	0.180722891566265	0.457831325301205	0.337349397590361	0	0.0120481927710843	0.0602409638554217	0.108433734939759	0.228915662650602	0.062712566539116	0.0374895835256311	0.0202797776460962
0.0537634408602151	0	0.204301075268817	0.0752688172043011	0.376344086021505	0.129032258064516	0.032258064516129	0	0.150537634408602	0.387096774193548	0.204301075268817	0.0645161290322581	0.010752688172043	0.0967741935483871	0.139784946236559	0.0951477756846158	0.0568793573706081	0.0307685658695073
0.0181818181818182	0.0909090909090909	0.109090909090909	0.0181818181818182	0.181818181818182	0.345454545454545	0.0545454545454545	0.0181818181818182	0	0.145454545454545	0.509090909090909	0.254545454545455	0	0	0	0.0378555856199755	0.0226300758736537	0.0122416112336435
0.032258064516129	0.0483870967741935	0.032258064516129	0	0.0967741935483871	0.17741935483871	0.258064516129032	0.0806451612903226	0.0161290322580645	0	0.17741935483871	0.451612903225806	0.241935483870968	0.032258064516129	0.032258064516129	0.260257151137332	0.155581771631369	0.0841610772312993
0	0.0638297872340425	0.0638297872340425	0.106382978723404	0.0638297872340425	0.170212765957447	0.319148936170213	0.0425531914893617	0.0638297872340425	0	0.0638297872340425	0.0425531914893617	0.702127659574468	0.382978723404255	0.0851063829787234	0	0	0
0.0285714285714286	0.0571428571428571	0.0285714285714286	0.0571428571428571	0.0285714285714286	0.142857142857143	0.257142857142857	0.171428571428571	0.0857142857142857	0	0.0857142857142857	0.0571428571428571	0.285714285714286	0.428571428571429	0.142857142857143	0.029743674415695	0.0177807739007279	0.00961840882643421
0.0740740740740741	0.0740740740740741	0.037037037037037	0	0.0740740740740741	0	0.185185185185185	0.296296296296296	0.259259259259259	0.185185185185185	0.407407407407407	0	0.148148148148148	0.481481481481481	0.37037037037037	0.115669844949925	0.0691474540583863	0.0374049232139108
0	0	0.075	0.05	0	0.05	0	0.05	0.15	0.175	0.15	0.2	0.25	0.225	0.175	0.377372869149131	0.225593568865485	0.122033561985384
0	0	0.075	0.05	0	0.05	0	0.05	0.15	0.175	0.15	0.2	0.25	0.225	0.175	0.377372869149131	0.225593568865485	0.122033561985384
0	0	0.075	0.05	0	0.05	0	0.05	0.15	0.175	0.15	0.2	0.25	0.225	0.175	0.377372869149131	0.225593568865485	0.122033561985384
