0.0350877192982456	0	0.0350877192982456	0	0	0.403508771929825	1.05263157894737	0.456140350877193	0.0175438596491228	0.0526315789473684	0.245614035087719	0.403508771929825	0.508771929824561	0.43859649122807	0.087719298245614	0.0639228090512744	0.0382130667164766	0.0206711417761086
0	0.0517241379310345	0.0517241379310345	0	0.0517241379310345	0	0.620689655172414	0.810344827586207	0.137931034482759	0.120689655172414	0	0.258620689655172	0.396551724137931	0.46551724137931	0.241379310344828	0.00897438452197695	0.00536488867694376	0.00290210611142411
0	0.0434782608695652	0.108695652173913	0.152173913043478	0.0217391304347826	0	0.152173913043478	0.58695652173913	0.565217391304348	0.41304347826087	0.0434782608695652	0.0217391304347826	0.0869565217391304	0.673913043478261	0.0869565217391304	0.0678931698619126	0.0405865491212267	0.0219550636255563
0	0.0169491525423729	0	0.0338983050847458	0	0	0	0.152542372881356	0.474576271186441	0.491525423728814	0.152542372881356	0.288135593220339	0.0677966101694915	0.152542372881356	0.152542372881356	0.211734631433761	0.126575000649249	0.0684700289339384
0.032258064516129	0	0.032258064516129	0	0.032258064516129	0.129032258064516	0.032258064516129	0	0.225806451612903	0.483870967741935	0.419354838709677	0.290322580645161	0.129032258064516	0.032258064516129	0.043010752688172	0.0615662077959279	0.0368042900633346	0.0199090720332106
0.186666666666667	0.04	0	0.0133333333333333	0.0266666666666667	0.32	0.04	0.0533333333333333	0	0.0666666666666667	0.466666666666667	0.733333333333333	0.0933333333333333	0.0266666666666667	0	0.013880381393991	0.00829769448700635	0.0044885907856693
0.258064516129032	0.306451612903226	0.0483870967741935	0	0.032258064516129	0.161290322580645	0.5	0.32258064516129	0.0161290322580645	0	0.0645161290322581	0.338709677419355	0.32258064516129	0.145161290322581	0	0.00839539197217199	0.00501876682681836	0.00271487345907417
0.0533333333333333	0.306666666666667	0.266666666666667	0.0133333333333333	0	0	0.186666666666667	0.386666666666667	0.0533333333333333	0.186666666666667	0.0266666666666667	0.0533333333333333	0.426666666666667	0.306666666666667	0.133333333333333	0.013880381393991	0.00829769448700635	0.0044885907856693
0.0120481927710843	0.072289156626506	0.385542168674699	0.265060240963855	0.072289156626506	0.0120481927710843	0	0.373493975903614	0.518072289156627	0.228915662650602	0	0.0602409638554217	0.120481927710843	0.265060240963855	0.337349397590361	0.0376275399234696	0.0224937501153787	0.0121678665876577
0.021505376344086	0.032258064516129	0.182795698924731	0.129032258064516	0.268817204301075	0.0860215053763441	0.0537634408602151	0	0.139784946236559	0.483870967741935	0.161290322580645	0.010752688172043	0.021505376344086	0.0752688172043011	0.129032258064516	0.16790783944344	0.100375336536367	0.0542974691814834
0.0545454545454545	0.0181818181818182	0.0909090909090909	0.0545454545454545	0.236363636363636	0.4	0.0545454545454545	0.0363636363636364	0	0.218181818181818	0.527272727272727	0.218181818181818	0	0	0	0.0283916892149816	0.0169725569052403	0.00918120842523265
0.0483870967741935	0.0806451612903226	0.032258064516129	0	0.0806451612903226	0.370967741935484	0.225806451612903	0.0483870967741935	0.0483870967741935	0.0161290322580645	0.209677419354839	0.564516129032258	0.112903225806452	0	0	0.0419769598608599	0.0250938341340918	0.0135743672953709
0.0425531914893617	0.0425531914893617	0.106382978723404	0.0638297872340425	0.0638297872340425	0.297872340425532	0.234042553191489	0.25531914893617	0.0425531914893617	0	0.0638297872340425	0.191489361702128	0.74468085106383	0.340425531914894	0.0425531914893617	0	0	0
0.0285714285714286	0.0285714285714286	0.0571428571428571	0.0857142857142857	0.0285714285714286	0	0.171428571428571	0.257142857142857	0.114285714285714	0.0285714285714286	0	0.171428571428571	0.228571428571429	0.8	0.171428571428571	0	0	0
0	0.111111111111111	0.037037037037037	0.111111111111111	0.111111111111111	0.037037037037037	0.0740740740740741	0.148148148148148	0.37037037037037	0.296296296296296	0.0740740740740741	0.0740740740740741	0.037037037037037	0.333333333333333	0.37037037037037	0.0192783074916542	0.0115245756763977	0.00623415386898513
0	0	0.025	0.075	0.1	0.05	0	0.025	0.05	0.175	0.375	0.15	0.2	0.075	0.225	0.41641144181973	0.248930834610191	0.134657723570079
0	0	0.025	0.075	0.1	0.05	0	0.025	0.05	0.175	0.375	0.15	0.2	0.075	0.225	0.41641144181973	0.248930834610191	0.134657723570079
0	0	0.025	0.075	0.1	0.05	0	0.025	0.05	0.175	0.375	0.15	0.2	0.075	0.225	0.41641144181973	0.248930834610191	0.134657723570079
