0.0175438596491228	0	0.0350877192982456	0.0350877192982456	0	0.578947368421053	0.929824561403509	0.456140350877193	0.0701754385964912	0.0701754385964912	0.175438596491228	0.245614035087719	0.491228070175439	0.421052631578947	0.087719298245614	0.0365273194578711	0.0218360381237009	0.0118120810149192
0	0	0.0344827586206897	0	0.0172413793103448	0	0.551724137931034	1.17241379310345	0.189655172413793	0.0862068965517241	0	0.103448275862069	0.396551724137931	0.482758620689655	0.0689655172413793	0	0	0
0	0.0434782608695652	0.217391304347826	0.130434782608696	0.0217391304347826	0.0217391304347826	0.0652173913043478	0.565217391304348	0.739130434782609	0.434782608695652	0.0434782608695652	0	0.0652173913043478	0.652173913043478	0.152173913043478	0.0678931698619126	0.0405865491212267	0.0219550636255563
0	0.101694915254237	0	0.0169491525423729	0.0169491525423729	0	0	0.254237288135593	0.542372881355932	0.745762711864407	0.0677966101694915	0.11864406779661	0.186440677966102	0.288135593220339	0.0847457627118644	0.105867315716881	0.0632875003246247	0.0342350144669692
0.0752688172043011	0	0.0537634408602151	0	0.032258064516129	0.182795698924731	0.021505376344086	0	0.247311827956989	0.376344086021505	0.462365591397849	0.161290322580645	0.139784946236559	0.021505376344086	0.032258064516129	0.0783569917402719	0.0468418237169714	0.0253388189513589
0.133333333333333	0	0	0	0.0266666666666667	0.186666666666667	0.0533333333333333	0.0266666666666667	0.0266666666666667	0.08	0.56	0.6	0.04	0.04	0	0	0	0
0.258064516129032	0.225806451612903	0.112903225806452	0	0.0161290322580645	0.0806451612903226	0.596774193548387	0.241935483870968	0	0	0.0645161290322581	0.435483870967742	0.274193548387097	0.225806451612903	0	0.0335815678886879	0.0200750673072734	0.0108594938362967
0.04	0.333333333333333	0.48	0.04	0	0.0533333333333333	0.2	0.36	0.16	0.213333333333333	0.0133333333333333	0.0533333333333333	0.44	0.0666666666666667	0.106666666666667	0	0	0
0.072289156626506	0.0843373493975904	0.240963855421687	0.253012048192771	0.132530120481928	0.120481927710843	0	0.578313253012048	0.506024096385542	0.289156626506024	0	0.072289156626506	0.144578313253012	0.132530120481928	0.397590361445783	0.062712566539116	0.0374895835256311	0.0202797776460962
0.021505376344086	0.0645161290322581	0.172043010752688	0.10752688172043	0.311827956989247	0.118279569892473	0.0752688172043011	0	0.139784946236559	0.376344086021505	0.204301075268817	0.032258064516129	0.043010752688172	0.0645161290322581	0.182795698924731	0.134326271554752	0.0803002692290937	0.0434379753451867
0.0545454545454545	0.0545454545454545	0.0545454545454545	0.0181818181818182	0.181818181818182	0.563636363636364	0.0363636363636364	0	0.0545454545454545	0.145454545454545	0.690909090909091	0.181818181818182	0.0545454545454545	0	0	0.141958446074908	0.0848627845262013	0.0459060421261633
0.0806451612903226	0.0161290322580645	0.032258064516129	0	0.032258064516129	0.387096774193548	0.17741935483871	0.145161290322581	0.0161290322580645	0	0.0645161290322581	0.725806451612903	0.209677419354839	0.0483870967741935	1.75806451612903	0.29383871902602	0.175656838938643	0.095020571067596
0	0	0.127659574468085	0.0425531914893617	0	0.0212765957446809	0.191489361702128	0.382978723404255	0.0851063829787234	0	0.0638297872340425	0.148936170212766	0.51063829787234	0.276595744680851	0.0212765957446809	0.177196358221162	0.105928014727741	0.057301158965991
0.0285714285714286	0.0285714285714286	0.0571428571428571	0	0	0.0571428571428571	0.2	0.285714285714286	0.171428571428571	0	0	0.0285714285714286	0.142857142857143	0.771428571428571	0.0857142857142857	0.029743674415695	0.0177807739007279	0.00961840882643421
0	0.111111111111111	0.0740740740740741	0.037037037037037	0.037037037037037	0	0.037037037037037	0.185185185185185	0.185185185185185	0.259259259259259	0	0	0	0.333333333333333	0.481481481481481	0.115669844949925	0.0691474540583863	0.0374049232139108
0	0	0.075	0	0.025	0.025	0	0.025	0.05	0.125	0.175	0.125	0.125	0.175	0.225	0.299295723807931	0.178919037376074	0.0967852388159942
0	0	0.075	0	0.025	0.025	0	0.025	0.05	0.125	0.175	0.125	0.125	0.175	0.225	0.299295723807931	0.178919037376074	0.0967852388159942
0	0	0.075	0	0.025	0.025	0	0.025	0.05	0.125	0.175	0.125	0.125	0.175	0.225	0.299295723807931	0.178919037376074	0.0967852388159942
