0.0350877192982456	0.0350877192982456	0.0350877192982456	0	0	0.526315789473684	1.24561403508772	0.421052631578947	0.0350877192982456	0.0526315789473684	0.280701754385965	0.333333333333333	0.280701754385965	0.473684210526316	0.0701754385964912	0.00913182986446777	0.00545900953092523	0.0029530202537298
0	0.0517241379310345	0.0172413793103448	0	0.0517241379310345	0.103448275862069	0.448275862068965	0.896551724137931	0.137931034482759	0.120689655172414	0	0.224137931034483	0.551724137931034	0.46551724137931	0.103448275862069	0.00897438452197695	0.00536488867694376	0.00290210611142411
0	0	0	0.0434782608695652	0	0.0434782608695652	0.0869565217391304	0.869565217391304	0.456521739130435	0.260869565217391	0.0869565217391304	0.0217391304347826	0.195652173913043	0.41304347826087	0.0434782608695652	0.0792086981722313	0.0473509739747645	0.0256142408964824
0	0.0338983050847458	0	0.0677966101694915	0.0169491525423729	0	0	0.101694915254237	0.440677966101695	0.644067796610169	0.11864406779661	0.271186440677966	0.0677966101694915	0.0847457627118644	0	0.149978697265581	0.0896572921265517	0.0484996038282064
0.032258064516129	0	0.043010752688172	0	0.021505376344086	0.182795698924731	0.043010752688172	0	0.247311827956989	0.537634408602151	0.419354838709677	0.204301075268817	0.193548387096774	0.043010752688172	0.032258064516129	0.0335815678886879	0.0200750673072734	0.0108594938362967
0.133333333333333	0.0133333333333333	0	0.0266666666666667	0.0666666666666667	0.28	0.0533333333333333	0.0533333333333333	0	0.0933333333333333	0.466666666666667	0.586666666666667	0.0533333333333333	0.0266666666666667	0	0.027760762787982	0.0165953889740127	0.00897718157133859
0.258064516129032	0.306451612903226	0.032258064516129	0	0.032258064516129	0.0483870967741935	0.516129032258065	0.274193548387097	0.0483870967741935	0	0.241935483870968	0.387096774193548	0.32258064516129	0.0483870967741935	0	0.00839539197217199	0.00501876682681836	0.00271487345907417
0.16	0.28	0.32	0.0133333333333333	0	0.04	0.226666666666667	0.466666666666667	0.08	0.133333333333333	0.0533333333333333	0.0666666666666667	0.28	0.32	0.173333333333333	0.00694019069699551	0.00414884724350318	0.00224429539283465
0.072289156626506	0.0481927710843373	0.265060240963855	0.349397590361446	0.0481927710843373	0.0120481927710843	0	0.325301204819277	0.457831325301205	0.253012048192771	0	0.072289156626506	0.180722891566265	0.108433734939759	0.180722891566265	0.0125425133078232	0.00749791670512622	0.00405595552921924
0.032258064516129	0.0860215053763441	0.182795698924731	0.043010752688172	0.387096774193548	0.118279569892473	0.053763440860215	0	0.172043010752688	0.311827956989247	0.161290322580645	0.0860215053763441	0.032258064516129	0.0967741935483871	0.193548387096774	0.117535487610408	0.070262735575457	0.0380082284270384
0.0909090909090909	0.0545454545454545	0.109090909090909	0.0727272727272727	0.218181818181818	0.363636363636364	0.0727272727272727	0	0.0545454545454545	0.181818181818182	0.472727272727273	0.254545454545455	0.0363636363636364	0	0	0.0567833784299632	0.0339451138104805	0.0183624168504653
0.0161290322580645	0.0645161290322581	0.0483870967741935	0	0.112903225806452	0.338709677419355	0.145161290322581	0.112903225806452	0.032258064516129	0	0.161290322580645	0.596774193548387	0.241935483870968	0.032258064516129	1.2258064516129	0.25186175916516	0.150563004804551	0.0814462037722251
0.0638297872340425	0.0425531914893617	0.106382978723404	0.0851063829787234	0	0.0212765957446808	0.425531914893617	0.276595744680851	0.148936170212766	0	0.0851063829787234	0.0851063829787234	0.617021276595745	0.191489361702128	0	0.0221495447776452	0.0132410018409676	0.00716264487074888
0.0857142857142857	0.0285714285714286	0.0571428571428571	0.0285714285714286	0	0.0571428571428571	0.0571428571428571	0.371428571428571	0.0857142857142857	0.0285714285714286	0.0571428571428571	0.142857142857143	0.0857142857142857	0.628571428571428	0.257142857142857	0.0148718372078475	0.00889038695036395	0.0048092044132171
0.037037037037037	0	0.0740740740740741	0.037037037037037	0.037037037037037	0.0740740740740741	0.111111111111111	0.037037037037037	0.296296296296296	0.222222222222222	0.333333333333333	0	0.037037037037037	0.37037037037037	0.481481481481481	0.0963915374582709	0.0576228783819886	0.0311707693449257
0	0.025	0	0.05	0.1	0.05	0	0.075	0.1	0.2	0.25	0.275	0.4	0.225	0.2	0.546540017388396	0.326721720425875	0.176738262185729
0	0.025	0	0.05	0.1	0.05	0	0.075	0.1	0.2	0.25	0.275	0.4	0.225	0.2	0.546540017388396	0.326721720425875	0.176738262185729
0	0.025	0	0.05	0.1	0.05	0	0.075	0.1	0.2	0.25	0.275	0.4	0.225	0.2	0.546540017388396	0.326721720425875	0.176738262185729
