0.0175438596491228	0	0.0526315789473684	0.0526315789473684	0	0.508771929824561	0.824561403508772	0.789473684210526	0.105263157894737	0.0175438596491228	0.175438596491228	0.508771929824561	0.578947368421053	0.421052631578947	0.140350877192982	0.00913182986446777	0.00545900953092523	0.0029530202537298
0	0.0862068965517241	0.0517241379310345	0	0	0.258620689655172	0.53448275862069	0.706896551724138	0.155172413793103	0.0172413793103448	0	0.344827586206897	0.46551724137931	0.517241379310345	0.0689655172413793	0.00897438452197695	0.00536488867694376	0.00290210611142411
0	0.0869565217391304	0.195652173913043	0.108695652173913	0	0	0.0434782608695652	0.58695652173913	0.521739130434783	0.369565217391304	0.130434782608696	0.0217391304347826	0.0217391304347826	1.04347826086957	0.108695652173913	0.0565776415515938	0.0338221242676889	0.0182958863546303
0	0.0508474576271186	0.0338983050847458	0.0338983050847458	0.0169491525423729	0	0	0.11864406779661	0.355932203389831	0.559322033898305	0.203389830508475	0.23728813559322	0.0847457627118644	0.0847457627118644	0.0677966101694915	0.158800973575321	0.0949312504869371	0.0513525217004538
0.043010752688172	0	0.043010752688172	0	0.0645161290322581	0.0860215053763441	0.032258064516129	0	0.182795698924731	0.408602150537634	0.397849462365591	0.344086021505376	0.118279569892473	0.032258064516129	0.043010752688172	0.0671631357773759	0.0401501346145469	0.0217189876725934
0.0933333333333333	0.0133333333333333	0	0.0266666666666667	0.0933333333333333	0.146666666666667	0.0266666666666667	0.0533333333333333	0	0.0666666666666667	0.426666666666667	0.506666666666667	0.0933333333333333	0.08	0	0.013880381393991	0.00829769448700635	0.0044885907856693
0.161290322580645	0.435483870967742	0.032258064516129	0	0	0.032258064516129	0.693548387096774	0.145161290322581	0.0161290322580645	0	0.0161290322580645	0.209677419354839	0.241935483870968	0.0806451612903226	0	0.00839539197217199	0.00501876682681836	0.00271487345907417
0.0533333333333333	0.186666666666667	0.36	0.0266666666666667	0	0.0666666666666667	0.133333333333333	0.453333333333333	0.106666666666667	0.12	0.0133333333333333	0.106666666666667	0.44	0.253333333333333	0.133333333333333	0	0	0
0	0.072289156626506	0.349397590361446	0.313253012048193	0.120481927710843	0	0	0.216867469879518	0.457831325301205	0.180722891566265	0	0.036144578313253	0.072289156626506	0.156626506024096	0.204819277108434	0.0438987965773812	0.0262427084679418	0.0141958443522674
0.032258064516129	0.032258064516129	0.193548387096774	0.0537634408602151	0.268817204301075	0.0752688172043011	0.032258064516129	0	0.161290322580645	0.32258064516129	0.225806451612903	0.0645161290322581	0.032258064516129	0.10752688172043	0.204301075268817	0.179101695406336	0.107067025638792	0.057917300460249
0.0363636363636364	0	0.0181818181818182	0.0181818181818182	0.0909090909090909	0.472727272727273	0.0181818181818182	0	0.0181818181818182	0.127272727272727	0.581818181818182	0.2	0	0	0	0.0851750676449449	0.0509176707157208	0.027543625275698
0.0161290322580645	0.0645161290322581	0.0161290322580645	0	0.0806451612903226	0.387096774193548	0.193548387096774	0.112903225806452	0	0	0.129032258064516	0.661290322580645	0.241935483870968	0.0161290322580645	1.17741935483871	0.444955774525115	0.265994641821373	0.143888293330931
0	0.0212765957446809	0.148936170212766	0.0638297872340425	0.0212765957446809	0.0851063829787234	0.382978723404255	0.276595744680851	0.0851063829787234	0.0425531914893617	0.0425531914893617	0.127659574468085	0.680851063829787	0.127659574468085	0.0212765957446809	0.0442990895552905	0.0264820036819352	0.0143252897414978
0.0285714285714286	0	0.114285714285714	0	0	0.0857142857142857	0.0857142857142857	0.342857142857143	0.0571428571428571	0.0285714285714286	0.0285714285714286	0.0857142857142857	0.228571428571429	0.828571428571429	0.342857142857143	0.0594873488313901	0.0355615478014558	0.0192368176528684
0	0.185185185185185	0.037037037037037	0.0740740740740741	0.037037037037037	0.111111111111111	0.0740740740740741	0.481481481481481	0.444444444444444	0.148148148148148	0.111111111111111	0.148148148148148	0	0.333333333333333	0.296296296296296	0.0771132299666168	0.0460983027055909	0.0249366154759405
0	0	0.025	0.075	0.05	0.1	0	0	0.125	0.2	0.2	0.375	0.325	0.075	0.25	0.559552874945263	0.334500809007444	0.180946316047294
0	0	0.025	0.075	0.05	0.1	0	0	0.125	0.2	0.2	0.375	0.325	0.075	0.25	0.559552874945263	0.334500809007444	0.180946316047294
0	0	0.025	0.075	0.05	0.1	0	0	0.125	0.2	0.2	0.375	0.325	0.075	0.25	0.559552874945263	0.334500809007444	0.180946316047294
