0.0350877192982456	0.0175438596491228	0.087719298245614	0	0.0175438596491228	0.473684210526316	1.14035087719298	0.543859649122807	0	0.140350877192982	0.210526315789474	0.403508771929825	0.631578947368421	0.368421052631579	0.105263157894737	0.0365273194578711	0.0218360381237009	0.0118120810149192
0	0.103448275862069	0.0862068965517241	0	0.0172413793103448	0.172413793103448	0.5	0.982758620689655	0.120689655172414	0.0689655172413793	0	0.172413793103448	0.637931034482759	0.431034482758621	0.120689655172414	0.0179487690439539	0.0107297773538875	0.00580421222284823
0	0.0434782608695652	0.152173913043478	0.130434782608696	0.0217391304347826	0.0434782608695652	0.0869565217391304	0.804347826086957	0.304347826086957	0.282608695652174	0.195652173913043	0.0652173913043478	0.217391304347826	0.41304347826087	0.0217391304347826	0.0565776415515938	0.0338221242676889	0.0182958863546303
0	0.0508474576271186	0.0169491525423729	0.0677966101694915	0.0338983050847458	0	0	0.0847457627118644	0.355932203389831	0.576271186440678	0.169491525423729	0.220338983050847	0.101694915254237	0.101694915254237	0.11864406779661	0.0882227630974005	0.0527395836038539	0.0285291787224743
0.043010752688172	0	0.032258064516129	0	0.0537634408602151	0.172043010752688	0.010752688172043	0	0.10752688172043	0.473118279569892	0.483870967741935	0.311827956989247	0.182795698924731	0.010752688172043	0.0967741935483871	0.0951477756846158	0.0568793573706081	0.0307685658695073
0.16	0.0133333333333333	0	0.0133333333333333	0.0533333333333333	0.226666666666667	0.0533333333333333	0	0	0.146666666666667	0.32	0.4	0.0933333333333333	0	0	0	0	0
0.209677419354839	0.241935483870968	0.0806451612903226	0	0	0.032258064516129	0.564516129032258	0.193548387096774	0.032258064516129	0	0.129032258064516	0.290322580645161	0.354838709677419	0.032258064516129	0	0.016790783944344	0.0100375336536367	0.00542974691814834
0.0133333333333333	0.213333333333333	0.266666666666667	0.04	0	0.04	0.186666666666667	0.426666666666667	0.106666666666667	0.106666666666667	0.0133333333333333	0.04	0.32	0.213333333333333	0.213333333333333	0.027760762787982	0.0165953889740127	0.00897718157133859
0.036144578313253	0.144578313253012	0.349397590361446	0.313253012048193	0.0481927710843374	0.0602409638554217	0	0.27710843373494	0.566265060240964	0.156626506024096	0	0.0240963855421687	0.180722891566265	0.349397590361446	0.228915662650602	0.062712566539116	0.0374895835256311	0.0202797776460962
0.021505376344086	0.0860215053763441	0.129032258064516	0.10752688172043	0.32258064516129	0.0645161290322581	0.021505376344086	0	0.204301075268817	0.344086021505376	0.139784946236559	0.0645161290322581	0.043010752688172	0.118279569892473	0.236559139784946	0.151117055499096	0.0903378028827305	0.0488677222633351
0.0909090909090909	0.145454545454545	0.109090909090909	0.0545454545454545	0.127272727272727	0.345454545454545	0.0909090909090909	0	0.0363636363636364	0.2	0.436363636363636	0.272727272727273	0.0363636363636364	0	0	0.113566756859926	0.0678902276209611	0.0367248337009306
0.129032258064516	0.0161290322580645	0.032258064516129	0	0.0483870967741935	0.290322580645161	0.241935483870968	0.0806451612903226	0.032258064516129	0	0.129032258064516	0.645161290322581	0.17741935483871	0.0967741935483871	0.032258064516129	0.268652543109504	0.160600538458187	0.0868759506903735
0.0638297872340425	0.0425531914893617	0.106382978723404	0.0425531914893617	0.0212765957446809	0.106382978723404	0.340425531914894	0.25531914893617	0	0.0638297872340425	0.0212765957446809	0.0638297872340425	0.872340425531915	0.170212765957447	0.0851063829787234	0.0553738619441131	0.033102504602419	0.0179066121768722
0.0571428571428571	0.0285714285714286	0	0	0.0285714285714286	0	0.114285714285714	0.6	0.0285714285714286	0	0	0	0.142857142857143	0.485714285714286	0.228571428571429	0.0594873488313901	0.0355615478014558	0.0192368176528684
0.037037037037037	0.111111111111111	0.111111111111111	0.0740740740740741	0.037037037037037	0.0740740740740741	0.0740740740740741	0.333333333333333	0.148148148148148	0.333333333333333	0.185185185185185	0.037037037037037	0.111111111111111	0.148148148148148	0.888888888888889	0.0963915374582709	0.0576228783819886	0.0311707693449257
0	0.025	0.175	0.025	0.025	0	0	0	0.1	0.1	0.275	0.45	0.35	0.35	0.25	0.624617162729596	0.373396251915286	0.201986585355118
0	0.025	0.175	0.025	0.025	0	0	0	0.1	0.1	0.275	0.45	0.35	0.35	0.25	0.624617162729596	0.373396251915286	0.201986585355118
0	0.025	0.175	0.025	0.025	0	0	0	0.1	0.1	0.275	0.45	0.35	0.35	0.25	0.624617162729596	0.373396251915286	0.201986585355118
