0	0.0175438596491228	0.087719298245614	0.0350877192982456	0	0.473684210526316	1.01754385964912	0.684210526315789	0.087719298245614	0.0526315789473684	0.245614035087719	0.263157894736842	0.543859649122807	0.315789473684211	0.0526315789473684	0.0365273194578711	0.0218360381237009	0.0118120810149192
0	0.0517241379310345	0.0517241379310345	0	0.0517241379310345	0.0862068965517241	0.672413793103448	0.568965517241379	0.0344827586206897	0.189655172413793	0	0.327586206896552	0.344827586206897	0.258620689655172	0.155172413793103	0.0358975380879078	0.0214595547077751	0.0116084244456965
0	0	0.0869565217391304	0.152173913043478	0.0217391304347826	0	0.0652173913043478	0.5	0.760869565217391	0.282608695652174	0.0652173913043478	0.0434782608695652	0.239130434782609	0.282608695652174	0.0652173913043478	0.124470811413506	0.0744086733889157	0.0402509499801866
0	0.0847457627118644	0.0169491525423729	0.0508474576271186	0.0508474576271186	0	0	0.152542372881356	0.338983050847458	0.576271186440678	0.135593220338983	0.355932203389831	0.0508474576271186	0.101694915254237	0.11864406779661	0.149978697265581	0.0896572921265517	0.0484996038282064
0.032258064516129	0	0.010752688172043	0	0.021505376344086	0.150537634408602	0.021505376344086	0	0.290322580645161	0.344086021505376	0.301075268817204	0.344086021505376	0.10752688172043	0.021505376344086	0.032258064516129	0.0447754238515839	0.0267667564096979	0.0144793251150622
0.146666666666667	0.0133333333333333	0	0.0266666666666667	0.12	0.266666666666667	0.0533333333333333	0.0266666666666667	0.0266666666666667	0.0933333333333333	0.386666666666667	0.466666666666667	0.133333333333333	0.04	0	0.013880381393991	0.00829769448700635	0.0044885907856693
0.258064516129032	0.387096774193548	0.0483870967741935	0	0.0806451612903226	0.0967741935483871	0.596774193548387	0.258064516129032	0.032258064516129	0	0.209677419354839	0.338709677419355	0.193548387096774	0.112903225806452	0	0	0	0
0.2	0.306666666666667	0.213333333333333	0.0133333333333333	0	0.0533333333333333	0.253333333333333	0.413333333333333	0.08	0.0666666666666667	0	0.106666666666667	0.306666666666667	0.213333333333333	0.08	0.00694019069699551	0.00414884724350318	0.00224429539283465
0.0240963855421687	0.0843373493975904	0.36144578313253	0.240963855421687	0.072289156626506	0.036144578313253	0	0.265060240963855	0.506024096385542	0.168674698795181	0	0.0240963855421687	0.0602409638554217	0.216867469879518	0.240963855421687	0.0877975931547624	0.0524854169358836	0.0283916887045347
0.0537634408602151	0.032258064516129	0.225806451612903	0.0860215053763441	0.258064516129032	0.0645161290322581	0.043010752688172	0	0.172043010752688	0.333333333333333	0.161290322580645	0.0752688172043011	0.021505376344086	0.10752688172043	0.161290322580645	0.0503723518330319	0.0301126009609102	0.016289240754445
0.0727272727272727	0.0727272727272727	0.0545454545454545	0.0363636363636364	0.145454545454545	0.472727272727273	0.0181818181818182	0.0363636363636364	0.0363636363636364	0.2	0.490909090909091	0.2	0.0181818181818182	0	0	0.0567833784299632	0.0339451138104805	0.0183624168504653
0.0483870967741935	0.112903225806452	0	0	0.0967741935483871	0.354838709677419	0.290322580645161	0.0483870967741935	0	0.0161290322580645	0.0806451612903226	0.596774193548387	0.161290322580645	0.0161290322580645	0.0161290322580645	0.0503723518330319	0.0301126009609102	0.016289240754445
0.0638297872340425	0.0425531914893617	0.170212765957447	0.0212765957446809	0.0425531914893617	0.0638297872340425	0.276595744680851	0.361702127659574	0	0	0.127659574468085	0.0638297872340425	0.574468085106383	0.25531914893617	0.0212765957446809	0.0996729514994036	0.0595845082843541	0.0322319019183699
0.0285714285714286	0.0857142857142857	0	0.0571428571428571	0	0	0.0857142857142857	0.4	0.228571428571429	0	0.0285714285714286	0.0857142857142857	0.0571428571428571	0.628571428571429	0.171428571428571	0.0594873488313901	0.0355615478014558	0.0192368176528684
0	0.037037037037037	0.0740740740740741	0.111111111111111	0.148148148148148	0.0740740740740741	0	0.148148148148148	0.296296296296296	0.259259259259259	0.148148148148148	0.0740740740740741	0	0.333333333333333	0.481481481481481	0.0963915374582709	0.0576228783819886	0.0311707693449257
0	0.075	0.05	0.075	0.075	0.05	0	0	0.325	0.275	0.15	0.175	0.35	0.425	0.1	0.273270008694198	0.163360860212938	0.0883691310928643
0	0.075	0.05	0.075	0.075	0.05	0	0	0.325	0.275	0.15	0.175	0.35	0.425	0.1	0.273270008694198	0.163360860212938	0.0883691310928643
0	0.075	0.05	0.075	0.075	0.05	0	0	0.325	0.275	0.15	0.175	0.35	0.425	0.1	0.273270008694198	0.163360860212938	0.0883691310928643
