0	0.0350877192982456	0.0175438596491228	0.0175438596491228	0	0.491228070175439	1.01754385964912	0.543859649122807	0.087719298245614	0.0175438596491228	0.210526315789474	0.403508771929825	0.578947368421053	0.192982456140351	0.087719298245614	0.0730546389157422	0.0436720762474019	0.0236241620298384
0	0.0862068965517241	0.0344827586206897	0	0.0517241379310345	0.0862068965517241	0.396551724137931	0.982758620689655	0.155172413793103	0.120689655172414	0	0.172413793103448	0.517241379310345	0.603448275862069	0.0862068965517241	0	0	0
0	0	0.108695652173913	0.0652173913043478	0	0.0652173913043478	0.108695652173913	0.673913043478261	0.58695652173913	0.282608695652174	0.108695652173913	0.0652173913043478	0.195652173913043	0.326086956521739	0.0217391304347826	0.0678931698619126	0.0405865491212267	0.0219550636255563
0	0.0847457627118644	0.0169491525423729	0.0508474576271186	0.0508474576271186	0	0	0.203389830508475	0.423728813559322	0.644067796610169	0.220338983050847	0.203389830508475	0.101694915254237	0.186440677966102	0.11864406779661	0.185267802504541	0.110753125568093	0.0599112753171961
0.043010752688172	0	0.032258064516129	0	0.043010752688172	0.118279569892473	0.032258064516129	0	0.258064516129032	0.376344086021505	0.505376344086022	0.161290322580645	0.182795698924731	0.021505376344086	0.0645161290322581	0.0839539197217199	0.0501876682681836	0.0271487345907417
0.173333333333333	0	0	0	0.0666666666666667	0.226666666666667	0.0266666666666667	0.08	0.0133333333333333	0.08	0.44	0.68	0.08	0.0666666666666667	0	0.0416411441819731	0.0248930834610191	0.0134657723570079
0.354838709677419	0.258064516129032	0.032258064516129	0	0.032258064516129	0.145161290322581	0.580645161290323	0.32258064516129	0.032258064516129	0	0.145161290322581	0.354838709677419	0.306451612903226	0.161290322580645	0	0	0	0
0.0266666666666667	0.16	0.346666666666667	0.04	0	0.0266666666666667	0.173333333333333	0.346666666666667	0.2	0.12	0	0.0133333333333333	0.28	0.133333333333333	0.12	0	0	0
0.036144578313253	0.0602409638554217	0.265060240963855	0.192771084337349	0.132530120481928	0	0	0.240963855421687	0.469879518072289	0.180722891566265	0	0.0240963855421687	0.180722891566265	0.120481927710843	0.409638554216867	0.0564413098852044	0.033740625173068	0.0182517998814866
0.0752688172043011	0.0645161290322581	0.0967741935483871	0.139784946236559	0.258064516129032	0.129032258064516	0	0	0.129032258064516	0.344086021505376	0.193548387096774	0.043010752688172	0.010752688172043	0.0752688172043011	0.21505376344086	0.0559692798144799	0.0334584455121224	0.0180991563938278
0.0545454545454545	0.0727272727272727	0.0545454545454545	0.0545454545454545	0.2	0.345454545454545	0.0181818181818182	0.0181818181818182	0.0363636363636364	0.163636363636364	0.509090909090909	0.236363636363636	0.0181818181818182	0	0	0.0567833784299632	0.0339451138104805	0.0183624168504653
0.032258064516129	0.0483870967741935	0.0483870967741935	0	0.0806451612903226	0.435483870967742	0.145161290322581	0.0483870967741935	0	0	0.0806451612903226	0.82258064516129	0.145161290322581	0.0161290322580645	0.580645161290323	0.268652543109504	0.160600538458187	0.0868759506903735
0.0638297872340425	0	0.0851063829787234	0.0851063829787234	0.0212765957446809	0.127659574468085	0.148936170212766	0.212765957446809	0.170212765957447	0.0212765957446809	0.0638297872340425	0.212765957446809	0.659574468085106	0.127659574468085	0.0212765957446809	0.121822496277049	0.0728255101253217	0.0393945467891188
0.0571428571428571	0.0285714285714286	0.0285714285714286	0	0.0571428571428571	0.0571428571428571	0.314285714285714	0.142857142857143	0.0857142857142857	0	0	0.0857142857142857	0.171428571428571	0.542857142857143	0.257142857142857	0.0446155116235426	0.0266711608510919	0.0144276132396513
0	0.333333333333333	0.148148148148148	0.148148148148148	0.037037037037037	0.037037037037037	0	0.518518518518518	0.481481481481481	0.37037037037037	0.0740740740740741	0	0.037037037037037	0.407407407407407	0.740740740740741	0.0192783074916542	0.0115245756763977	0.00623415386898513
0	0	0	0.1	0.1	0.075	0	0	0.15	0.2	0.175	0.275	0.325	0.1	0.175	0.49448858716093	0.295605366099601	0.159906046739469
0	0	0	0.1	0.1	0.075	0	0	0.15	0.2	0.175	0.275	0.325	0.1	0.175	0.49448858716093	0.295605366099601	0.159906046739469
0	0	0	0.1	0.1	0.075	0	0	0.15	0.2	0.175	0.275	0.325	0.1	0.175	0.49448858716093	0.295605366099601	0.159906046739469
