0	0.0350877192982456	0.087719298245614	0.0175438596491228	0	0.350877192982456	1.12280701754386	0.596491228070175	0.0350877192982456	0.0526315789473684	0.280701754385965	0.385964912280702	0.859649122807018	0.280701754385965	0.192982456140351	0.0365273194578711	0.0218360381237009	0.0118120810149192
0	0.0172413793103448	0.0862068965517241	0	0	0.0862068965517241	0.706896551724138	1.13793103448276	0.0689655172413793	0.0344827586206897	0	0.189655172413793	0.46551724137931	0.5	0.103448275862069	0.0179487690439539	0.0107297773538875	0.00580421222284823
0	0	0.195652173913043	0.0652173913043478	0	0.0434782608695652	0.195652173913043	0.543478260869565	0.608695652173913	0.369565217391304	0.217391304347826	0.0217391304347826	0.173913043478261	0.260869565217391	0.0434782608695652	0.113155283103188	0.0676442485353779	0.0365917727092606
0	0.0169491525423729	0.0169491525423729	0.0169491525423729	0	0	0	0.0847457627118644	0.559322033898305	0.627118644067797	0.203389830508475	0.186440677966102	0.0677966101694915	0.0847457627118644	0.0508474576271186	0.158800973575321	0.0949312504869371	0.0513525217004538
0.0967741935483871	0	0.032258064516129	0	0.0860215053763441	0.21505376344086	0.032258064516129	0	0.225806451612903	0.505376344086022	0.301075268817204	0.118279569892473	0.118279569892473	0.032258064516129	0.032258064516129	0.0559692798144799	0.0334584455121224	0.0180991563938278
0.173333333333333	0.0266666666666667	0	0.0266666666666667	0.04	0.266666666666667	0.146666666666667	0.0266666666666667	0	0.106666666666667	0.4	0.56	0.0533333333333333	0.0133333333333333	0	0.013880381393991	0.00829769448700635	0.0044885907856693
0.225806451612903	0.306451612903226	0.0806451612903226	0	0.032258064516129	0.032258064516129	0.596774193548387	0.241935483870968	0	0	0.0645161290322581	0.306451612903226	0.338709677419355	0.0483870967741935	0	0.016790783944344	0.0100375336536367	0.00542974691814834
0.12	0.373333333333333	0.266666666666667	0.0266666666666667	0	0.0266666666666667	0.293333333333333	0.453333333333333	0.0933333333333333	0.08	0	0.0533333333333333	0.32	0.146666666666667	0.186666666666667	0.013880381393991	0.00829769448700635	0.0044885907856693
0.0240963855421687	0.0963855421686747	0.325301204819277	0.325301204819277	0.072289156626506	0.036144578313253	0	0.421686746987952	0.481927710843373	0.180722891566265	0	0.0602409638554217	0.0963855421686747	0.216867469879518	0.240963855421687	0.0564413098852044	0.033740625173068	0.0182517998814866
0.010752688172043	0.032258064516129	0.161290322580645	0.182795698924731	0.247311827956989	0.043010752688172	0.043010752688172	0	0.204301075268817	0.268817204301075	0.150537634408602	0.129032258064516	0.0645161290322581	0.043010752688172	0.204301075268817	0.134326271554752	0.0803002692290937	0.0434379753451867
0.0727272727272727	0.0545454545454545	0.109090909090909	0.0363636363636364	0.181818181818182	0.290909090909091	0	0.0545454545454545	0.0181818181818182	0.218181818181818	0.490909090909091	0.290909090909091	0.0181818181818182	0	0	0.0283916892149816	0.0169725569052403	0.00918120842523265
0.0161290322580645	0.0806451612903226	0.032258064516129	0	0.032258064516129	0.17741935483871	0.161290322580645	0.0645161290322581	0.0161290322580645	0	0.0967741935483871	0.661290322580645	0.161290322580645	0.032258064516129	0.580645161290323	0.29383871902602	0.175656838938643	0.095020571067596
0	0.0212765957446809	0.25531914893617	0.106382978723404	0.127659574468085	0.170212765957447	0.212765957446809	0.191489361702128	0.0638297872340425	0.170212765957447	0.0638297872340425	0.382978723404255	0.978723404255319	0.468085106382979	0.127659574468085	0.0885981791105809	0.0529640073638703	0.0286505794829955
0.0571428571428571	0.0285714285714286	0.0285714285714286	0.0285714285714286	0	0.114285714285714	0.114285714285714	0.285714285714286	0.0571428571428571	0	0	0.114285714285714	0.171428571428571	0.771428571428571	0.171428571428571	0.104102860454933	0.0622327086525477	0.0336644308925197
0	0.259259259259259	0.037037037037037	0.037037037037037	0.037037037037037	0.0740740740740741	0	0.407407407407407	0.407407407407407	0.185185185185185	0	0.037037037037037	0	0.37037037037037	0.481481481481481	0	0	0
0	0	0.025	0.025	0.075	0.025	0	0.025	0.05	0.275	0.125	0.325	0.25	0.125	0.35	0.403398584262864	0.241151746028622	0.130449669708514
0	0	0.025	0.025	0.075	0.025	0	0.025	0.05	0.275	0.125	0.325	0.25	0.125	0.35	0.403398584262864	0.241151746028622	0.130449669708514
0	0	0.025	0.025	0.075	0.025	0	0.025	0.05	0.275	0.125	0.325	0.25	0.125	0.35	0.403398584262864	0.241151746028622	0.130449669708514
