0	0.0701754385964912	0.0526315789473684	0	0.0175438596491228	0.403508771929825	1.12280701754386	0.543859649122807	0.0350877192982456	0.0175438596491228	0.105263157894737	0.350877192982456	0.596491228070175	0.333333333333333	0.105263157894737	0.0182636597289355	0.0109180190618505	0.0059060405074596
0	0.0689655172413793	0.103448275862069	0	0.0172413793103448	0.172413793103448	0.517241379310345	0.758620689655172	0.0344827586206897	0.0689655172413793	0	0.293103448275862	0.53448275862069	0.224137931034483	0.0689655172413793	0.0179487690439539	0.0107297773538875	0.00580421222284823
0	0.0217391304347826	0.0869565217391304	0.0652173913043478	0.0217391304347826	0	0.0869565217391304	0.695652173913043	0.478260869565217	0.260869565217391	0.282608695652174	0.0434782608695652	0.0434782608695652	0.5	0.217391304347826	0.0678931698619126	0.0405865491212267	0.0219550636255563
0	0.0677966101694915	0.0169491525423729	0.0338983050847458	0.0169491525423729	0	0	0.23728813559322	0.389830508474576	0.457627118644068	0.203389830508475	0.203389830508475	0.101694915254237	0.11864406779661	0.135593220338983	0.132334144646101	0.0791093754057809	0.0427937680837115
0.0967741935483871	0	0.032258064516129	0	0.118279569892473	0.10752688172043	0.032258064516129	0	0.182795698924731	0.268817204301075	0.505376344086022	0.301075268817204	0.172043010752688	0.032258064516129	0.043010752688172	0.0615662077959279	0.0368042900633346	0.0199090720332106
0.08	0.0266666666666667	0	0.0533333333333333	0.16	0.253333333333333	0.04	0.0533333333333333	0.0266666666666667	0.04	0.426666666666667	0.493333333333333	0.0666666666666667	0.0266666666666667	0	0	0	0
0.306451612903226	0.241935483870968	0.032258064516129	0	0.0161290322580645	0.032258064516129	0.580645161290323	0.274193548387097	0.0161290322580645	0	0.0645161290322581	0.419354838709677	0.241935483870968	0.112903225806452	0	0.016790783944344	0.0100375336536367	0.00542974691814834
0.173333333333333	0.293333333333333	0.253333333333333	0.04	0	0.0533333333333333	0.173333333333333	0.533333333333333	0.106666666666667	0.146666666666667	0.0266666666666667	0.04	0.386666666666667	0.266666666666667	0.106666666666667	0	0	0
0.0602409638554217	0.0963855421686747	0.289156626506024	0.27710843373494	0.144578313253012	0.0120481927710843	0	0.518072289156627	0.397590361445783	0.325301204819277	0	0.0602409638554217	0.072289156626506	0.156626506024096	0.253012048192771	0.106611363116497	0.0637322919935729	0.0344756219983636
0.021505376344086	0.032258064516129	0.204301075268817	0.129032258064516	0.279569892473118	0.043010752688172	0.032258064516129	0	0.193548387096774	0.354838709677419	0.139784946236559	0.032258064516129	0.021505376344086	0.0752688172043011	0.311827956989247	0.0951477756846158	0.0568793573706081	0.0307685658695073
0.0727272727272727	0.0727272727272727	0.0909090909090909	0.0545454545454545	0.2	0.4	0.0363636363636364	0.0181818181818182	0.0363636363636364	0.254545454545455	0.436363636363636	0.254545454545455	0	0	0	0.104102860454933	0.0622327086525477	0.0336644308925197
0.0967741935483871	0.032258064516129	0.0161290322580645	0	0.0967741935483871	0.274193548387097	0.193548387096774	0.0967741935483871	0.0161290322580645	0.0161290322580645	0.161290322580645	0.67741935483871	0.145161290322581	0.0645161290322581	0.612903225806452	0.0839539197217199	0.0501876682681836	0.0271487345907417
0.0212765957446809	0.0638297872340425	0.148936170212766	0.0425531914893617	0.0425531914893617	0.148936170212766	0.319148936170213	0.446808510638298	0	0.0638297872340425	0.0212765957446809	0.25531914893617	0.872340425531915	0.404255319148936	0.0425531914893617	0.0664486343329357	0.0397230055229028	0.0214879346122466
0.0857142857142857	0	0.0857142857142857	0.0285714285714286	0	0.114285714285714	0.114285714285714	0.742857142857143	0	0.0285714285714286	0.0571428571428571	0.0857142857142857	0.171428571428571	0.628571428571429	0.142857142857143	0.0148718372078475	0.00889038695036395	0.0048092044132171
0	0.111111111111111	0.037037037037037	0.0740740740740741	0.037037037037037	0.0740740740740741	0.037037037037037	0.037037037037037	0.407407407407407	0.148148148148148	0.111111111111111	0	0	0.148148148148148	0.481481481481481	0.0963915374582709	0.0576228783819886	0.0311707693449257
0	0	0	0.05	0.125	0.075	0	0	0.05	0.3	0.2	0.1	0.175	0.075	0.05	0.364360011592264	0.217814480283917	0.117825508123819
0	0	0	0.05	0.125	0.075	0	0	0.05	0.3	0.2	0.1	0.175	0.075	0.05	0.364360011592264	0.217814480283917	0.117825508123819
0	0	0	0.05	0.125	0.075	0	0	0.05	0.3	0.2	0.1	0.175	0.075	0.05	0.364360011592264	0.217814480283917	0.117825508123819
