0	0	0.0701754385964912	0.0175438596491228	0	0.508771929824561	0.964912280701754	0.596491228070175	0.0526315789473684	0.0350877192982456	0.263157894736842	0.280701754385965	0.614035087719298	0.192982456140351	0.087719298245614	0.0456591493223389	0.0272950476546262	0.014765101268649
0	0.0517241379310345	0.0689655172413793	0	0.0172413793103448	0.0862068965517241	0.672413793103448	0.827586206896552	0.189655172413793	0.0689655172413793	0	0.241379310344828	0.396551724137931	0.517241379310345	0.137931034482759	0	0	0
0	0.0434782608695652	0.260869565217391	0.0434782608695652	0.0434782608695652	0	0.130434782608696	0.478260869565217	0.608695652173913	0.369565217391304	0.195652173913043	0.0652173913043478	0.0869565217391304	0.282608695652174	0.0869565217391304	0.0452621132412751	0.0270576994141512	0.0146367090837042
0	0.0338983050847458	0.0338983050847458	0.11864406779661	0	0	0	0.186440677966102	0.474576271186441	0.576271186440678	0.0677966101694915	0.271186440677966	0.0677966101694915	0.0847457627118644	0	0.141156420955841	0.0843833337661663	0.045646685955959
0.043010752688172	0	0	0	0.0645161290322581	0.139784946236559	0.043010752688172	0	0.161290322580645	0.419354838709677	0.408602150537634	0.258064516129032	0.279569892473118	0.043010752688172	0.043010752688172	0.0503723518330319	0.0301126009609102	0.016289240754445
0.0933333333333333	0	0	0.0133333333333333	0.12	0.173333333333333	0.08	0.08	0	0.106666666666667	0.36	0.506666666666667	0.0266666666666667	0.146666666666667	0	0.013880381393991	0.00829769448700635	0.0044885907856693
0.354838709677419	0.258064516129032	0.0483870967741935	0	0.0161290322580645	0.0806451612903226	0.596774193548387	0.129032258064516	0.0161290322580645	0	0.0483870967741935	0.370967741935484	0.290322580645161	0.193548387096774	0	0.025186175916516	0.0150563004804551	0.00814462037722251
0.0666666666666667	0.266666666666667	0.32	0.0266666666666667	0	0.04	0.226666666666667	0.36	0.16	0.0533333333333333	0.0133333333333333	0.0666666666666667	0.346666666666667	0.0933333333333333	0.0533333333333333	0.00694019069699551	0.00414884724350318	0.00224429539283465
0.0963855421686747	0.0602409638554217	0.433734939759036	0.253012048192771	0.0843373493975904	0.036144578313253	0	0.313253012048193	0.566265060240964	0.265060240963855	0	0.072289156626506	0.120481927710843	0.144578313253012	0.216867469879518	0.0815263365008509	0.0487364585833205	0.0263637109399251
0.021505376344086	0.043010752688172	0.172043010752688	0.161290322580645	0.301075268817204	0.0860215053763441	0.0860215053763441	0	0.139784946236559	0.311827956989247	0.268817204301075	0.0537634408602151	0.021505376344086	0.032258064516129	0.161290322580645	0.0671631357773759	0.0401501346145469	0.0217189876725934
0.0727272727272727	0.0545454545454545	0.0727272727272727	0.0909090909090909	0.109090909090909	0.418181818181818	0.0545454545454545	0.0181818181818182	0.0545454545454545	0.163636363636364	0.490909090909091	0.163636363636364	0.0181818181818182	0	0	0.0946389640499388	0.0565751896841342	0.0306040280841088
0.0645161290322581	0.032258064516129	0.032258064516129	0	0.0161290322580645	0.467741935483871	0.290322580645161	0.0967741935483871	0	0	0.145161290322581	0.854838709677419	0.225806451612903	0.0645161290322581	1.16129032258065	0.0419769598608599	0.0250938341340918	0.0135743672953709
0.0425531914893617	0.0638297872340425	0.0425531914893617	0.0425531914893617	0.0638297872340425	0.170212765957447	0.212765957446809	0.127659574468085	0.0851063829787234	0.0638297872340425	0.0638297872340425	0.148936170212766	0.787234042553192	0.319148936170213	0.0425531914893617	0.110747723888226	0.0662050092048379	0.0358132243537444
0.0285714285714286	0.0857142857142857	0.0857142857142857	0.0285714285714286	0	0.0857142857142857	0.0571428571428571	0.428571428571429	0.257142857142857	0.0285714285714286	0.0285714285714286	0.114285714285714	0.2	0.685714285714286	0.142857142857143	0.029743674415695	0.0177807739007279	0.00961840882643421
0	0	0.037037037037037	0	0.148148148148148	0	0	0.0740740740740741	0.111111111111111	0.222222222222222	0.111111111111111	0	0.037037037037037	0.407407407407407	0.37037037037037	0.115669844949925	0.0691474540583863	0.0374049232139108
0	0	0.075	0.05	0.075	0.05	0	0	0.05	0.175	0.225	0.225	0.2	0.175	0.175	0.312308581364798	0.186698125957643	0.100993292677559
0	0	0.075	0.05	0.075	0.05	0	0	0.05	0.175	0.225	0.225	0.2	0.175	0.175	0.312308581364798	0.186698125957643	0.100993292677559
0	0	0.075	0.05	0.075	0.05	0	0	0.05	0.175	0.225	0.225	0.2	0.175	0.175	0.312308581364798	0.186698125957643	0.100993292677559
