0.0175438596491228	0	0.0701754385964912	0.0350877192982456	0.0175438596491228	0.368421052631579	0.982456140350877	0.578947368421053	0.087719298245614	0.12280701754386	0.298245614035088	0.350877192982456	0.43859649122807	0.280701754385965	0.0526315789473684	0.0456591493223389	0.0272950476546262	0.014765101268649
0	0.0172413793103448	0.0517241379310345	0	0.0344827586206897	0.0862068965517241	0.551724137931034	0.879310344827586	0.0862068965517241	0.103448275862069	0	0.206896551724138	0.413793103448276	0.655172413793103	0.0862068965517241	0	0	0
0	0.0434782608695652	0.282608695652174	0.0217391304347826	0	0.0217391304347826	0.195652173913043	0.652173913043478	0.543478260869565	0.369565217391304	0.195652173913043	0.0869565217391304	0.108695652173913	0.347826086956522	0.0217391304347826	0.0339465849309563	0.0202932745606134	0.0109775318127782
0	0.0338983050847458	0.0508474576271186	0.0677966101694915	0.0169491525423729	0	0	0.11864406779661	0.474576271186441	0.491525423728814	0.288135593220339	0.203389830508475	0.101694915254237	0.135593220338983	0.135593220338983	0.202912355124021	0.121301042288864	0.065617111061691
0.043010752688172	0	0.043010752688172	0	0.032258064516129	0.225806451612903	0.021505376344086	0	0.193548387096774	0.591397849462366	0.311827956989247	0.21505376344086	0.0752688172043011	0.021505376344086	0.021505376344086	0.0615662077959279	0.0368042900633346	0.0199090720332106
0.12	0.0133333333333333	0	0.0133333333333333	0	0.36	0.04	0.08	0.0266666666666667	0.08	0.413333333333333	0.64	0.106666666666667	0.0666666666666667	0	0	0	0
0.306451612903226	0.258064516129032	0.0806451612903226	0	0.0161290322580645	0.0161290322580645	0.596774193548387	0.225806451612903	0	0	0.032258064516129	0.225806451612903	0.209677419354839	0.161290322580645	0	0.016790783944344	0.0100375336536367	0.00542974691814834
0.12	0.28	0.333333333333333	0.04	0	0.0666666666666667	0.306666666666667	0.36	0.133333333333333	0.186666666666667	0.0266666666666667	0.0933333333333333	0.32	0.266666666666667	0.0666666666666667	0.00694019069699551	0.00414884724350318	0.00224429539283465
0.036144578313253	0.0602409638554217	0.325301204819277	0.289156626506024	0.132530120481928	0	0	0.301204819277108	0.421686746987952	0.301204819277108	0	0.072289156626506	0.120481927710843	0.132530120481928	0.385542168674699	0.100340106462586	0.0599833336410098	0.032447644233754
0.021505376344086	0.032258064516129	0.118279569892473	0.0967741935483871	0.225806451612903	0.0645161290322581	0.043010752688172	0	0.0967741935483871	0.397849462365591	0.247311827956989	0.0537634408602151	0	0.129032258064516	0.204301075268817	0.128729343573304	0.0769544246778815	0.041628059705804
0.0909090909090909	0.109090909090909	0.0909090909090909	0.0363636363636364	0.109090909090909	0.418181818181818	0.0727272727272727	0.0181818181818182	0.0181818181818182	0.0909090909090909	0.618181818181818	0.218181818181818	0.0181818181818182	0	0	0.075711171239951	0.0452601517473074	0.0244832224672871
0.0645161290322581	0.0483870967741935	0.0161290322580645	0	0.0806451612903226	0.241935483870968	0.225806451612903	0.0806451612903226	0	0.0483870967741935	0.145161290322581	0.596774193548387	0.161290322580645	0.032258064516129	0.032258064516129	0.0923493116938919	0.055206435095002	0.0298636080498159
0	0.0212765957446809	0.0851063829787234	0.0212765957446809	0.0212765957446809	0.127659574468085	0.276595744680851	0.191489361702128	0	0.0425531914893617	0.0425531914893617	0.106382978723404	0.638297872340426	0.148936170212766	0	0.0996729514994036	0.0595845082843541	0.0322319019183699
0.0857142857142857	0.0285714285714286	0.171428571428571	0.0571428571428571	0	0.0571428571428571	0.228571428571429	0.314285714285714	0.228571428571429	0.0857142857142857	0	0.171428571428571	0.228571428571429	0.942857142857143	0.257142857142857	0.0446155116235426	0.0266711608510919	0.0144276132396513
0	0.037037037037037	0.148148148148148	0	0.0740740740740741	0.037037037037037	0	0.37037037037037	0.0740740740740741	0.222222222222222	0.0740740740740741	0	0	0.333333333333333	0.555555555555556	0.134948152441579	0.080672029734784	0.0436390770828959
0	0	0.075	0	0.025	0.05	0	0	0.05	0.15	0.025	0.15	0.025	0.025	0.2	0.442437156933464	0.264489011773328	0.143073831293209
0	0	0.075	0	0.025	0.05	0	0	0.05	0.15	0.025	0.15	0.025	0.025	0.2	0.442437156933464	0.264489011773328	0.143073831293209
0	0	0.075	0	0.025	0.05	0	0	0.05	0.15	0.025	0.15	0.025	0.025	0.2	0.442437156933464	0.264489011773328	0.143073831293209
