0	0.0175438596491228	0.0701754385964912	0.0350877192982456	0	0.508771929824561	1.15789473684211	0.333333333333333	0.0701754385964912	0.0701754385964912	0.192982456140351	0.280701754385965	0.649122807017544	0.43859649122807	0.087719298245614	0.0639228090512744	0.0382130667164766	0.0206711417761086
0	0.0862068965517241	0.0517241379310345	0	0.0517241379310345	0.0862068965517241	0.344827586206897	1.22413793103448	0.103448275862069	0.137931034482759	0	0.0862068965517241	0.431034482758621	0.327586206896552	0.189655172413793	0.0269231535659308	0.0160946660308313	0.00870631833427234
0	0	0.130434782608696	0.195652173913043	0	0.0217391304347826	0.0434782608695652	0.782608695652174	0.565217391304348	0.369565217391304	0.0434782608695652	0.0434782608695652	0.130434782608696	0.326086956521739	0.0217391304347826	0.169732924654781	0.101466372803067	0.0548876590638909
0	0.0677966101694915	0.0169491525423729	0.0338983050847458	0	0	0	0.152542372881356	0.491525423728814	0.661016949152542	0.186440677966102	0.288135593220339	0.11864406779661	0.203389830508475	0.0508474576271186	0.141156420955841	0.0843833337661663	0.045646685955959
0.0752688172043011	0	0	0	0.0752688172043011	0.0860215053763441	0.032258064516129	0	0.247311827956989	0.354838709677419	0.419354838709677	0.32258064516129	0.150537634408602	0.032258064516129	0.043010752688172	0.0615662077959279	0.0368042900633346	0.0199090720332106
0.133333333333333	0.0266666666666667	0	0.0133333333333333	0.0933333333333333	0.28	0.0533333333333333	0	0.0133333333333333	0.0666666666666667	0.413333333333333	0.573333333333333	0.0666666666666667	0.0266666666666667	0	0.013880381393991	0.00829769448700635	0.0044885907856693
0.338709677419355	0.225806451612903	0.0483870967741935	0	0.0645161290322581	0.112903225806452	0.596774193548387	0.274193548387097	0.0645161290322581	0	0.161290322580645	0.435483870967742	0.161290322580645	0.145161290322581	0	0.00839539197217199	0.00501876682681836	0.00271487345907417
0.0666666666666667	0.213333333333333	0.373333333333333	0.08	0	0.133333333333333	0.146666666666667	0.306666666666667	0.226666666666667	0.24	0.0133333333333333	0.106666666666667	0.546666666666667	0.2	0.213333333333333	0.027760762787982	0.0165953889740127	0.00897718157133859
0.036144578313253	0.0963855421686747	0.385542168674699	0.36144578313253	0.072289156626506	0.0240963855421687	0	0.216867469879518	0.457831325301205	0.204819277108434	0	0.0240963855421687	0.108433734939759	0.120481927710843	0.216867469879518	0.031356283269558	0.0187447917628156	0.0101398888230481
0.021505376344086	0.021505376344086	0.118279569892473	0.118279569892473	0.387096774193548	0.0537634408602151	0.021505376344086	0	0.139784946236559	0.376344086021505	0.204301075268817	0.0860215053763441	0.021505376344086	0.129032258064516	0.268817204301075	0.128729343573304	0.0769544246778815	0.041628059705804
0.0363636363636364	0.0727272727272727	0.0909090909090909	0.0363636363636364	0.0909090909090909	0.418181818181818	0.0545454545454545	0.0363636363636364	0.0363636363636364	0.0909090909090909	0.636363636363636	0.2	0.0181818181818182	0	0	0.0567833784299632	0.0339451138104805	0.0183624168504653
0.032258064516129	0.0483870967741935	0.0483870967741935	0	0.0483870967741935	0.32258064516129	0.225806451612903	0.129032258064516	0.032258064516129	0.0161290322580645	0.145161290322581	0.548387096774194	0.225806451612903	0.0161290322580645	0.0161290322580645	0.268652543109504	0.160600538458187	0.0868759506903735
0.0638297872340425	0.0425531914893617	0.212765957446809	0	0.0425531914893617	0.191489361702128	0.297872340425532	0.382978723404255	0.0425531914893617	0.0212765957446809	0.0212765957446809	0.191489361702128	0.872340425531915	0.425531914893617	0.0425531914893617	0.143972041054694	0.0860665119662893	0.0465571916598677
0.0571428571428571	0.0571428571428571	0.0285714285714286	0.0285714285714286	0.0285714285714286	0.0285714285714286	0.171428571428571	0.285714285714286	0.0285714285714286	0	0	0.0571428571428571	0.171428571428571	0.485714285714286	0.171428571428571	0.029743674415695	0.0177807739007279	0.00961840882643421
0.037037037037037	0.0740740740740741	0.037037037037037	0	0	0.111111111111111	0.0740740740740741	0.185185185185185	0.259259259259259	0.0740740740740741	0.259259259259259	0	0.037037037037037	0.296296296296296	0.666666666666667	0.115669844949925	0.0691474540583863	0.0374049232139108
0	0.025	0.05	0.075	0.075	0.15	0	0	0.125	0.225	0.275	0.3	0.25	0.275	0.15	0.390385726705997	0.233372657447054	0.126241615846949
0	0.025	0.05	0.075	0.075	0.15	0	0	0.125	0.225	0.275	0.3	0.25	0.275	0.15	0.390385726705997	0.233372657447054	0.126241615846949
0	0.025	0.05	0.075	0.075	0.15	0	0	0.125	0.225	0.275	0.3	0.25	0.275	0.15	0.390385726705997	0.233372657447054	0.126241615846949
