0.0350877192982456	0.0350877192982456	0.0175438596491228	0.0526315789473684	0.0526315789473684	0.280701754385965	1.08771929824561	0.315789473684211	0.12280701754386	0.0526315789473684	0.228070175438596	0.315789473684211	0.56140350877193	0.368421052631579	0.0701754385964912	0	0	0
0	0.0172413793103448	0.0862068965517241	0	0.0172413793103448	0.0862068965517241	0.448275862068966	0.913793103448276	0.0862068965517241	0.172413793103448	0	0.155172413793103	0.431034482758621	0.379310344827586	0.189655172413793	0.0179487690439539	0.0107297773538875	0.00580421222284823
0	0.0217391304347826	0.173913043478261	0.0652173913043478	0	0	0.173913043478261	0.695652173913043	0.41304347826087	0.304347826086957	0.0869565217391304	0.0869565217391304	0.282608695652174	0.434782608695652	0.0217391304347826	0.0565776415515938	0.0338221242676889	0.0182958863546303
0	0.0508474576271186	0.0169491525423729	0.0508474576271186	0.0169491525423729	0	0	0.11864406779661	0.474576271186441	0.508474576271186	0.186440677966102	0.203389830508475	0.0847457627118644	0.101694915254237	0.0847457627118644	0.114689592026621	0.0685614586850101	0.0370879323392166
0.0537634408602151	0	0.032258064516129	0	0.0537634408602151	0.0967741935483871	0.021505376344086	0	0.118279569892473	0.473118279569892	0.548387096774194	0.268817204301075	0.172043010752688	0.021505376344086	0.0537634408602151	0.0559692798144799	0.0334584455121224	0.0180991563938278
0.133333333333333	0.0133333333333333	0	0	0.08	0.24	0.04	0.04	0.0133333333333333	0.04	0.253333333333333	0.573333333333333	0.24	0.133333333333333	0	0.013880381393991	0.00829769448700635	0.0044885907856693
0.209677419354839	0.338709677419355	0.032258064516129	0	0.0161290322580645	0.193548387096774	0.693548387096774	0.306451612903226	0.032258064516129	0	0.0967741935483871	0.161290322580645	0.258064516129032	0.032258064516129	0	0.00839539197217199	0.00501876682681836	0.00271487345907417
0.0933333333333333	0.186666666666667	0.413333333333333	0	0	0.0133333333333333	0.2	0.36	0.146666666666667	0.04	0.0133333333333333	0.0533333333333333	0.36	0.16	0.0933333333333333	0.00694019069699551	0.00414884724350318	0.00224429539283465
0.036144578313253	0.0602409638554217	0.325301204819277	0.337349397590361	0.120481927710843	0	0	0.349397590361446	0.373493975903614	0.27710843373494	0	0.072289156626506	0.036144578313253	0.036144578313253	0.253012048192771	0.0376275399234696	0.0224937501153787	0.0121678665876577
0.021505376344086	0.021505376344086	0.150537634408602	0.118279569892473	0.290322580645161	0.10752688172043	0.032258064516129	0	0.0860215053763441	0.247311827956989	0.268817204301075	0.129032258064516	0.032258064516129	0.0537634408602151	0.139784946236559	0.207086335313576	0.123796248394853	0.0669668786571629
0.109090909090909	0.0727272727272727	0.0545454545454545	0.0181818181818182	0.127272727272727	0.436363636363636	0.0181818181818182	0.0181818181818182	0.0363636363636364	0.181818181818182	0.418181818181818	0.254545454545455	0.0363636363636364	0	0	0.075711171239951	0.0452601517473074	0.0244832224672871
0	0.0645161290322581	0.0161290322580645	0	0.0645161290322581	0.225806451612903	0.354838709677419	0.0806451612903226	0	0.0645161290322581	0.129032258064516	0.532258064516129	0.290322580645161	0.032258064516129	0.0483870967741935	0.29383871902602	0.175656838938643	0.095020571067596
0.0212765957446809	0	0.0425531914893617	0	0.0425531914893617	0.127659574468085	0.234042553191489	0.148936170212766	0	0.0638297872340425	0.106382978723404	0.234042553191489	0.659574468085106	0.127659574468085	0.0212765957446809	0.0553738619441131	0.033102504602419	0.0179066121768722
0.0571428571428571	0.0571428571428571	0	0	0.0571428571428571	0	0.2	0.485714285714286	0.0857142857142857	0	0	0.0571428571428571	0.142857142857143	0.857142857142857	0.171428571428571	0.104102860454933	0.0622327086525477	0.0336644308925197
0	0.222222222222222	0.148148148148148	0	0.0740740740740741	0.148148148148148	0.037037037037037	0.555555555555556	0.407407407407407	0.259259259259259	0.222222222222222	0.0740740740740741	0.037037037037037	0.37037037037037	0.333333333333333	0.0578349224749626	0.0345737270291931	0.0187024616069554
0	0.05	0.1	0.075	0.15	0.05	0	0	0.15	0.35	0.4	0.325	0.2	0.375	0.1	0.429424299376597	0.256709923191759	0.138865777431644
0	0.05	0.1	0.075	0.15	0.05	0	0	0.15	0.35	0.4	0.325	0.2	0.375	0.1	0.429424299376597	0.256709923191759	0.138865777431644
0	0.05	0.1	0.075	0.15	0.05	0	0	0.15	0.35	0.4	0.325	0.2	0.375	0.1	0.429424299376597	0.256709923191759	0.138865777431644
