0.0175438596491228	0	0.087719298245614	0.0350877192982456	0.0526315789473684	0.43859649122807	1.21052631578947	0.421052631578947	0.0701754385964912	0.12280701754386	0.087719298245614	0.543859649122807	0.56140350877193	0.456140350877193	0.087719298245614	0	0	0
0	0.0689655172413793	0.0344827586206897	0	0	0.0862068965517241	0.603448275862069	0.913793103448276	0.0689655172413793	0.0517241379310345	0	0.241379310344828	0.53448275862069	0.275862068965517	0.137931034482759	0.00897438452197695	0.00536488867694376	0.00290210611142411
0	0.0217391304347826	0.0869565217391304	0.0652173913043478	0.0217391304347826	0.0434782608695652	0.195652173913043	0.630434782608696	0.434782608695652	0.304347826086956	0.173913043478261	0.108695652173913	0.217391304347826	0.217391304347826	0.0869565217391304	0.0905242264825501	0.0541153988283023	0.0292734181674085
0	0.0677966101694915	0	0.0169491525423729	0.0338983050847458	0	0	0.186440677966102	0.491525423728814	0.711864406779661	0.169491525423729	0.169491525423729	0.0338983050847458	0.169491525423729	0.0508474576271186	0.167623249885061	0.100205208847322	0.0542054395727012
0.043010752688172	0	0.032258064516129	0	0.043010752688172	0.21505376344086	0.021505376344086	0	0.204301075268817	0.526881720430108	0.397849462365591	0.172043010752688	0.139784946236559	0.021505376344086	0.043010752688172	0.0447754238515839	0.0267667564096979	0.0144793251150622
0.133333333333333	0.0133333333333333	0	0.04	0.0266666666666667	0.186666666666667	0.0266666666666667	0	0.0533333333333333	0.08	0.533333333333333	0.533333333333333	0.106666666666667	0.0533333333333333	0	0	0	0
0.338709677419355	0.193548387096774	0.032258064516129	0	0.0483870967741935	0.129032258064516	0.661290322580645	0.306451612903226	0.0161290322580645	0	0.112903225806452	0.290322580645161	0.258064516129032	0.0483870967741935	0	0.025186175916516	0.0150563004804551	0.00814462037722251
0.08	0.373333333333333	0.266666666666667	0.0533333333333333	0	0.08	0.133333333333333	0.48	0.16	0.08	0.0133333333333333	0.0666666666666667	0.346666666666667	0.186666666666667	0.133333333333333	0.027760762787982	0.0165953889740127	0.00897718157133859
0.0240963855421687	0.0843373493975904	0.385542168674699	0.253012048192771	0.0963855421686747	0.036144578313253	0	0.44578313253012	0.602409638554217	0.240963855421687	0	0.108433734939759	0.192771084337349	0.144578313253012	0.265060240963855	0.0501700532312928	0.0299916668205049	0.016223822116877
0.021505376344086	0.032258064516129	0.172043010752688	0.118279569892473	0.268817204301075	0.0752688172043011	0.0752688172043011	0	0.161290322580645	0.301075268817204	0.204301075268817	0.064516129032258	0.021505376344086	0.0752688172043011	0.129032258064516	0.0559692798144799	0.0334584455121224	0.0180991563938278
0.0545454545454545	0.0727272727272727	0.0727272727272727	0.0363636363636364	0.0545454545454545	0.290909090909091	0.0727272727272727	0.0181818181818182	0.0363636363636364	0.127272727272727	0.490909090909091	0.254545454545455	0.0181818181818182	0	0	0.0851750676449449	0.0509176707157208	0.027543625275698
0.0483870967741935	0.032258064516129	0.0161290322580645	0	0.0645161290322581	0.258064516129032	0.112903225806452	0.0645161290322581	0.032258064516129	0.0161290322580645	0.161290322580645	0.629032258064516	0.209677419354839	0.0483870967741935	1.75806451612903	0.285443327053847	0.170638072111824	0.0923056976085218
0.0425531914893617	0	0.191489361702128	0.0425531914893617	0	0.0425531914893617	0.297872340425532	0.361702127659574	0.0425531914893617	0.0851063829787234	0.0851063829787234	0.0638297872340425	0.680851063829787	0.106382978723404	0	0.0221495447776452	0.0132410018409676	0.00716264487074888
0.0571428571428571	0	0.114285714285714	0.0285714285714286	0.0285714285714286	0.0571428571428571	0.171428571428571	0.2	0.0857142857142857	0.0285714285714286	0.0285714285714286	0.142857142857143	0.0857142857142857	0.514285714285714	0.257142857142857	0	0	0
0	0.111111111111111	0	0.111111111111111	0.037037037037037	0.148148148148148	0.037037037037037	0.185185185185185	0.222222222222222	0.333333333333333	0.185185185185185	0.037037037037037	0	0.37037037037037	0.814814814814815	0.115669844949925	0.0691474540583863	0.0374049232139108
0	0.025	0.05	0.05	0.1	0.025	0	0	0.2	0.15	0.2	0.25	0.4	0.25	0.2	0.273270008694198	0.163360860212938	0.0883691310928643
0	0.025	0.05	0.05	0.1	0.025	0	0	0.2	0.15	0.2	0.25	0.4	0.25	0.2	0.273270008694198	0.163360860212938	0.0883691310928643
0	0.025	0.05	0.05	0.1	0.025	0	0	0.2	0.15	0.2	0.25	0.4	0.25	0.2	0.273270008694198	0.163360860212938	0.0883691310928643
