0.0175438596491228	0	0.087719298245614	0.0350877192982456	0.0175438596491228	0.578947368421053	0.929824561403509	0.43859649122807	0.0701754385964912	0.157894736842105	0.333333333333333	0.245614035087719	0.543859649122807	0.315789473684211	0.087719298245614	0.00913182986446777	0.00545900953092523	0.0029530202537298
0	0.120689655172414	0.0862068965517241	0	0.0172413793103448	0.275862068965517	0.517241379310345	1.18965517241379	0.155172413793103	0.103448275862069	0	0.172413793103448	0.46551724137931	0.482758620689655	0.120689655172414	0.0179487690439539	0.0107297773538875	0.00580421222284823
0	0.0869565217391304	0.0652173913043478	0	0	0.0652173913043478	0.108695652173913	0.608695652173913	0.717391304347826	0.173913043478261	0.108695652173913	0.0217391304347826	0.108695652173913	0.521739130434783	0.217391304347826	0.0792086981722313	0.0473509739747645	0.0256142408964824
0	0.0338983050847458	0.0508474576271186	0.0508474576271186	0.0169491525423729	0	0	0.101694915254237	0.576271186440678	0.389830508474576	0.169491525423729	0.169491525423729	0.101694915254237	0.135593220338983	0.0847457627118644	0.158800973575321	0.0949312504869371	0.0513525217004538
0.021505376344086	0	0.010752688172043	0	0.0645161290322581	0.0967741935483871	0.021505376344086	0	0.161290322580645	0.419354838709677	0.473118279569892	0.311827956989247	0.161290322580645	0.021505376344086	0.0537634408602151	0.0615662077959279	0.0368042900633346	0.0199090720332106
0.133333333333333	0.0133333333333333	0	0.0266666666666667	0.0533333333333333	0.32	0.0266666666666667	0.08	0.0266666666666667	0.08	0.36	0.666666666666667	0.146666666666667	0.0666666666666667	0	0	0	0
0.258064516129032	0.241935483870968	0.0806451612903226	0	0	0.0967741935483871	0.451612903225806	0.258064516129032	0.0483870967741935	0	0.0483870967741935	0.161290322580645	0.274193548387097	0.193548387096774	0	0.016790783944344	0.0100375336536367	0.00542974691814834
0.0933333333333333	0.346666666666667	0.28	0	0	0.0133333333333333	0.253333333333333	0.32	0.0666666666666667	0.0666666666666667	0	0.08	0.493333333333333	0.173333333333333	0.08	0.00694019069699551	0.00414884724350318	0.00224429539283465
0.072289156626506	0.120481927710843	0.240963855421687	0.289156626506024	0.0843373493975904	0.0481927710843374	0	0.433734939759036	0.518072289156627	0.240963855421687	0	0.0602409638554217	0.204819277108434	0.132530120481928	0.301204819277108	0.0689838231930276	0.0412385418781942	0.0223077554107058
0.010752688172043	0.021505376344086	0.129032258064516	0.129032258064516	0.333333333333333	0.0752688172043011	0.032258064516129	0	0.118279569892473	0.268817204301075	0.247311827956989	0.10752688172043	0.043010752688172	0.0645161290322581	0.204301075268817	0.128729343573304	0.0769544246778815	0.041628059705804
0.163636363636364	0.0545454545454545	0.0545454545454545	0.0363636363636364	0.0181818181818182	0.490909090909091	0.0727272727272727	0	0.0363636363636364	0.0363636363636364	0.6	0.272727272727273	0.0181818181818182	0	0	0.0662472748349571	0.039602632778894	0.0214228196588762
0.0483870967741935	0.0645161290322581	0.0483870967741935	0	0.0806451612903226	0.532258064516129	0.241935483870968	0.0645161290322581	0	0.0161290322580645	0.129032258064516	0.82258064516129	0.451612903225806	0.0645161290322581	0.0967741935483871	0.0419769598608599	0.0250938341340918	0.0135743672953709
0.0638297872340425	0.0212765957446809	0.0425531914893617	0.0212765957446809	0.0212765957446809	0.148936170212766	0.234042553191489	0.170212765957447	0.0425531914893617	0	0	0.212765957446809	0.553191489361702	0.170212765957447	0.0212765957446809	0.0221495447776452	0.0132410018409676	0.00716264487074888
0.0571428571428571	0.0285714285714286	0.0571428571428571	0.0571428571428571	0	0.142857142857143	0.171428571428571	0.228571428571429	0.171428571428571	0.0285714285714286	0.0857142857142857	0.114285714285714	0.228571428571429	0.628571428571429	0.285714285714286	0.0148718372078475	0.00889038695036395	0.0048092044132171
0.0740740740740741	0	0.037037037037037	0	0.037037037037037	0.111111111111111	0.185185185185185	0.37037037037037	0.259259259259259	0.185185185185185	0.481481481481481	0	0.0740740740740741	0.481481481481481	0.37037037037037	0.134948152441579	0.080672029734784	0.0436390770828959
0	0	0	0.05	0.1	0.175	0	0	0	0.225	0.3	0.225	0.1	0.05	0.15	0.403398584262864	0.241151746028622	0.130449669708514
0	0	0	0.05	0.1	0.175	0	0	0	0.225	0.3	0.225	0.1	0.05	0.15	0.403398584262864	0.241151746028622	0.130449669708514
0	0	0	0.05	0.1	0.175	0	0	0	0.225	0.3	0.225	0.1	0.05	0.15	0.403398584262864	0.241151746028622	0.130449669708514
