0.0350877192982456	0.0350877192982456	0.0526315789473684	0.0175438596491228	0.0701754385964912	0.666666666666667	0.859649122807018	0.421052631578947	0.0350877192982456	0.0175438596491228	0.350877192982456	0.403508771929825	0.43859649122807	0.263157894736842	0.105263157894737	0.0456591493223389	0.0272950476546262	0.014765101268649
0	0.0862068965517241	0.0689655172413793	0	0	0.0862068965517241	0.396551724137931	1.06896551724138	0.103448275862069	0.0862068965517241	0	0.241379310344828	0.431034482758621	0.448275862068966	0.189655172413793	0	0	0
0	0.108695652173913	0.173913043478261	0	0.0217391304347826	0	0.0652173913043478	0.543478260869565	0.717391304347826	0.434782608695652	0.0869565217391304	0.0434782608695652	0	0.673913043478261	0.130434782608696	0.147101868034144	0.0879375230959912	0.0475693045220387
0	0.0338983050847458	0	0.0508474576271186	0.0169491525423729	0	0	0.135593220338983	0.457627118644068	0.322033898305085	0.186440677966102	0.305084745762712	0.101694915254237	0.11864406779661	0.0847457627118644	0.141156420955841	0.0843833337661663	0.045646685955959
0.021505376344086	0	0.021505376344086	0	0.010752688172043	0.129032258064516	0.043010752688172	0	0.193548387096774	0.462365591397849	0.365591397849462	0.225806451612903	0.161290322580645	0.043010752688172	0.0537634408602151	0.0783569917402719	0.0468418237169714	0.0253388189513589
0.0666666666666667	0.0133333333333333	0	0.04	0.04	0.306666666666667	0.0533333333333333	0.08	0.04	0	0.506666666666667	0.626666666666667	0.08	0.04	0	0	0	0
0.32258064516129	0.17741935483871	0.0483870967741935	0	0.0483870967741935	0.0806451612903226	0.596774193548387	0.241935483870968	0.032258064516129	0	0.112903225806452	0.338709677419355	0.338709677419355	0.032258064516129	0	0	0	0
0.133333333333333	0.306666666666667	0.2	0.0133333333333333	0	0.04	0.2	0.44	0.0533333333333333	0.0933333333333333	0.0133333333333333	0.04	0.333333333333333	0.226666666666667	0.24	0.0208205720909865	0.0124465417305095	0.00673288617850395
0.0481927710843374	0.0963855421686747	0.289156626506024	0.228915662650602	0.0963855421686747	0.0240963855421687	0	0.313253012048193	0.493975903614458	0.180722891566265	0	0.0240963855421687	0.0481927710843374	0.132530120481928	0.265060240963855	0.031356283269558	0.0187447917628156	0.0101398888230481
0.032258064516129	0.043010752688172	0.139784946236559	0.139784946236559	0.387096774193548	0.0860215053763441	0.032258064516129	0	0.129032258064516	0.548387096774194	0.182795698924731	0.043010752688172	0.032258064516129	0.0752688172043011	0.150537634408602	0.229474047239368	0.137179626599702	0.074206541214694
0.109090909090909	0.0545454545454545	0.109090909090909	0.0727272727272727	0.0909090909090909	0.490909090909091	0.0727272727272727	0.0363636363636364	0	0.181818181818182	0.472727272727273	0.181818181818182	0	0	0	0.0473194820249694	0.0282875948420671	0.0153020140420544
0.0161290322580645	0.0806451612903226	0.0161290322580645	0	0.129032258064516	0.306451612903226	0.209677419354839	0.0483870967741935	0.032258064516129	0.0161290322580645	0.17741935483871	0.725806451612903	0.161290322580645	0.0161290322580645	0.596774193548387	0.260257151137332	0.155581771631369	0.0841610772312993
0	0.0851063829787234	0.170212765957447	0.0425531914893617	0.0425531914893617	0.127659574468085	0.0851063829787234	0.319148936170213	0.0851063829787234	0	0.148936170212766	0.191489361702128	0.680851063829787	0.297872340425532	0.0425531914893617	0.0775234067217583	0.0463435064433865	0.0250692570476211
0.0571428571428571	0	0.0857142857142857	0.0285714285714286	0.0571428571428571	0.0857142857142857	0.257142857142857	0.142857142857143	0.142857142857143	0	0.0285714285714286	0.0857142857142857	0.342857142857143	0.628571428571429	0.142857142857143	0.0594873488313901	0.0355615478014558	0.0192368176528684
0.037037037037037	0.037037037037037	0.037037037037037	0.111111111111111	0.037037037037037	0.037037037037037	0.148148148148148	0.259259259259259	0.148148148148148	0.259259259259259	0.185185185185185	0.037037037037037	0.037037037037037	0.296296296296296	0.407407407407407	0.0963915374582709	0.0576228783819886	0.0311707693449257
0	0	0	0.025	0.125	0.075	0	0	0	0.1	0.425	0.225	0.35	0.1	0.125	0.442437156933464	0.264489011773328	0.143073831293209
0	0	0	0.025	0.125	0.075	0	0	0	0.1	0.425	0.225	0.35	0.1	0.125	0.442437156933464	0.264489011773328	0.143073831293209
0	0	0	0.025	0.125	0.075	0	0	0	0.1	0.425	0.225	0.35	0.1	0.125	0.442437156933464	0.264489011773328	0.143073831293209
