0.0350877192982456	0.0350877192982456	0.0175438596491228	0	0.0175438596491228	0.385964912280702	0.947368421052632	0.350877192982456	0.0175438596491228	0.087719298245614	0.210526315789474	0.350877192982456	0.385964912280702	0.333333333333333	0.0526315789473684	0.109581958373613	0.0655081143711028	0.0354362430447576
0	0.0689655172413793	0	0	0.0344827586206897	0	0.551724137931034	1.01724137931034	0.0862068965517241	0.155172413793103	0	0.189655172413793	0.448275862068966	0.362068965517241	0.155172413793103	0.0179487690439539	0.0107297773538875	0.00580421222284823
0	0.108695652173913	0.260869565217391	0.0652173913043478	0.0217391304347826	0	0.173913043478261	0.521739130434783	0.521739130434783	0.434782608695652	0.130434782608696	0.0652173913043478	0.108695652173913	0.5	0.0434782608695652	0.0565776415515938	0.0338221242676889	0.0182958863546303
0	0.0508474576271186	0.0338983050847458	0.0847457627118644	0.0169491525423729	0	0	0.135593220338983	0.457627118644068	0.389830508474576	0.152542372881356	0.372881355932203	0.101694915254237	0.0847457627118644	0.0677966101694915	0.158800973575321	0.0949312504869371	0.0513525217004538
0.0752688172043011	0	0	0	0.0645161290322581	0.10752688172043	0.043010752688172	0	0.247311827956989	0.419354838709677	0.483870967741935	0.161290322580645	0.268817204301075	0.043010752688172	0.0967741935483871	0.0839539197217199	0.0501876682681836	0.0271487345907417
0.146666666666667	0.0266666666666667	0	0.0133333333333333	0.08	0.24	0.08	0.0533333333333333	0	0.133333333333333	0.333333333333333	0.773333333333333	0.186666666666667	0.0533333333333333	0	0	0	0
0.241935483870968	0.32258064516129	0.0806451612903226	0	0.032258064516129	0.225806451612903	0.596774193548387	0.32258064516129	0.0645161290322581	0	0.17741935483871	0.370967741935484	0.354838709677419	0.0806451612903226	0	0.0503723518330319	0.0301126009609102	0.016289240754445
0.173333333333333	0.32	0.24	0.0266666666666667	0	0.0533333333333333	0.213333333333333	0.36	0.0933333333333333	0.16	0.0266666666666667	0.08	0.346666666666667	0.133333333333333	0.0666666666666667	0.00694019069699551	0.00414884724350318	0.00224429539283465
0.0602409638554217	0.0963855421686747	0.253012048192771	0.192771084337349	0.120481927710843	0.036144578313253	0	0.566265060240964	0.518072289156627	0.27710843373494	0	0.120481927710843	0.168674698795181	0.216867469879518	0.385542168674699	0.0250850266156464	0.0149958334102524	0.00811191105843849
0.043010752688172	0.0537634408602151	0.204301075268817	0.043010752688172	0.161290322580645	0.150537634408602	0.043010752688172	0	0.0967741935483871	0.344086021505376	0.182795698924731	0.0752688172043011	0.043010752688172	0.0645161290322581	0.0860215053763441	0.123132415591856	0.0736085801266693	0.0398181440664212
0.0181818181818182	0.0727272727272727	0.0545454545454545	0.0545454545454545	0.127272727272727	0.309090909090909	0	0.0181818181818182	0	0.2	0.527272727272727	0.236363636363636	0	0	0	0.0567833784299632	0.0339451138104805	0.0183624168504653
0.0161290322580645	0.0645161290322581	0.032258064516129	0	0.0483870967741935	0.338709677419355	0.17741935483871	0.0967741935483871	0	0.032258064516129	0.193548387096774	0.629032258064516	0.241935483870968	0	0.0161290322580645	0.453351166497287	0.271013408648191	0.146603166790005
0.0851063829787234	0.0212765957446809	0.127659574468085	0	0.0212765957446809	0.0851063829787234	0.106382978723404	0.25531914893617	0.0212765957446809	0.0638297872340425	0.0638297872340425	0.127659574468085	0.659574468085106	0.191489361702128	0	0.0553738619441131	0.033102504602419	0.0179066121768722
0.0285714285714286	0.0285714285714286	0.0571428571428571	0	0	0.142857142857143	0.114285714285714	0.314285714285714	0.171428571428571	0	0.0571428571428571	0.0857142857142857	0.285714285714286	0.742857142857143	0.2	0.0743591860392376	0.0444519347518198	0.0240460220660855
0	0.0740740740740741	0	0.0740740740740741	0.222222222222222	0.0740740740740741	0.037037037037037	0.111111111111111	0.37037037037037	0.185185185185185	0.37037037037037	0.111111111111111	0	0.222222222222222	0.37037037037037	0.0771132299666168	0.0460983027055909	0.0249366154759405
0	0.025	0.05	0.075	0.125	0.1	0	0.05	0.05	0.175	0.35	0.475	0.275	0.15	0.175	0.53352715983153	0.318942631844307	0.172530208324164
0	0.025	0.05	0.075	0.125	0.1	0	0.05	0.05	0.175	0.35	0.475	0.275	0.15	0.175	0.53352715983153	0.318942631844307	0.172530208324164
0	0.025	0.05	0.075	0.125	0.1	0	0.05	0.05	0.175	0.35	0.475	0.275	0.15	0.175	0.53352715983153	0.318942631844307	0.172530208324164
