0.0526315789473684	0	0.0526315789473684	0.0175438596491228	0.0350877192982456	0.543859649122807	1.10526315789474	0.421052631578947	0.0350877192982456	0	0.105263157894737	0.333333333333333	0.56140350877193	0.421052631578947	0.0350877192982456	0.0456591493223389	0.0272950476546262	0.014765101268649
0	0.0689655172413793	0.0862068965517241	0	0	0.172413793103448	0.603448275862069	1.24137931034483	0.0344827586206897	0.0344827586206897	0	0.224137931034483	0.396551724137931	0.431034482758621	0.120689655172414	0.00897438452197695	0.00536488867694376	0.00290210611142411
0	0	0.0217391304347826	0.108695652173913	0	0	0.130434782608696	0.695652173913043	0.5	0.369565217391304	0.173913043478261	0.0652173913043478	0.0434782608695652	0.391304347826087	0.0869565217391304	0.0452621132412751	0.0270576994141512	0.0146367090837042
0	0.0338983050847458	0.0169491525423729	0.0508474576271186	0.0169491525423729	0	0	0.101694915254237	0.474576271186441	0.559322033898305	0.135593220338983	0.254237288135593	0.0677966101694915	0.0847457627118644	0.135593220338983	0.132334144646101	0.0791093754057809	0.0427937680837115
0.021505376344086	0	0	0	0.0537634408602151	0.150537634408602	0.021505376344086	0	0.21505376344086	0.462365591397849	0.440860215053763	0.258064516129032	0.193548387096774	0.021505376344086	0.010752688172043	0.022387711925792	0.013383378204849	0.00723966255753112
0.24	0	0	0.0133333333333333	0.0533333333333333	0.306666666666667	0.04	0.0266666666666667	0	0.0933333333333333	0.466666666666667	0.493333333333333	0.146666666666667	0.0133333333333333	0	0	0	0
0.290322580645161	0.32258064516129	0.032258064516129	0	0.0161290322580645	0.0967741935483871	0.580645161290323	0.225806451612903	0.0483870967741935	0	0.112903225806452	0.387096774193548	0.338709677419355	0.112903225806452	0	0.025186175916516	0.0150563004804551	0.00814462037722251
0.0933333333333333	0.333333333333333	0.36	0.0133333333333333	0	0.04	0.213333333333333	0.413333333333333	0.133333333333333	0.0933333333333333	0.0266666666666667	0.106666666666667	0.4	0.2	0.106666666666667	0.013880381393991	0.00829769448700635	0.0044885907856693
0.0481927710843374	0.0602409638554217	0.313253012048193	0.265060240963855	0.072289156626506	0.0120481927710843	0	0.253012048192771	0.566265060240964	0.180722891566265	0	0.0240963855421687	0.108433734939759	0.240963855421687	0.253012048192771	0.0501700532312928	0.0299916668205049	0.016223822116877
0.010752688172043	0.032258064516129	0.193548387096774	0.161290322580645	0.21505376344086	0.0645161290322581	0.0537634408602151	0	0.225806451612903	0.32258064516129	0.236559139784946	0.0645161290322581	0.010752688172043	0.10752688172043	0.268817204301075	0.0727600637588239	0.0434959791657591	0.0235289033119762
0.0727272727272727	0.0545454545454545	0.0727272727272727	0.0181818181818182	0.145454545454545	0.418181818181818	0.0727272727272727	0.0181818181818182	0.0181818181818182	0.109090909090909	0.509090909090909	0.254545454545455	0.0181818181818182	0	0	0.0567833784299632	0.0339451138104805	0.0183624168504653
0.0645161290322581	0.032258064516129	0.0161290322580645	0	0.0806451612903226	0.17741935483871	0.274193548387097	0.0806451612903226	0.032258064516129	0.0161290322580645	0.161290322580645	0.564516129032258	0.338709677419355	0.0483870967741935	0.0483870967741935	0.730399101578963	0.436632713933197	0.236193990939453
0.0425531914893617	0.0212765957446809	0.106382978723404	0	0.0425531914893617	0.127659574468085	0.212765957446809	0.127659574468085	0.0212765957446809	0.0425531914893617	0.127659574468085	0.297872340425532	0.51063829787234	0.276595744680851	0	0.110747723888226	0.0662050092048379	0.0358132243537444
0.0571428571428571	0.0571428571428571	0	0.0571428571428571	0	0.0571428571428571	0.142857142857143	0.342857142857143	0.114285714285714	0	0	0.0285714285714286	0.114285714285714	0.628571428571429	0.228571428571429	0.0594873488313901	0.0355615478014558	0.0192368176528684
0.037037037037037	0.0740740740740741	0	0.111111111111111	0.111111111111111	0.222222222222222	0.185185185185185	0.185185185185185	0.185185185185185	0.148148148148148	0.444444444444444	0.037037037037037	0.037037037037037	0.296296296296296	0.37037037037037	0.173504767424888	0.103721181087579	0.0561073848208662
0	0	0.05	0.025	0.125	0.075	0	0.05	0.05	0.225	0.175	0.45	0.25	0.15	0.15	0.598591447615863	0.357838074752149	0.193570477631988
0	0	0.05	0.025	0.125	0.075	0	0.05	0.05	0.225	0.175	0.45	0.25	0.15	0.15	0.598591447615863	0.357838074752149	0.193570477631988
0	0	0.05	0.025	0.125	0.075	0	0.05	0.05	0.225	0.175	0.45	0.25	0.15	0.15	0.598591447615863	0.357838074752149	0.193570477631988
