0	0	0.0350877192982456	0.0175438596491228	0.0350877192982456	0.421052631578947	1.03508771929825	0.614035087719298	0.0350877192982456	0.087719298245614	0.228070175438596	0.631578947368421	0.350877192982456	0.385964912280702	0.0526315789473684	0.0639228090512744	0.0382130667164766	0.0206711417761086
0	0.0517241379310345	0.0862068965517241	0	0	0.0862068965517241	0.413793103448276	0.810344827586207	0.103448275862069	0.103448275862069	0	0.293103448275862	0.46551724137931	0.448275862068966	0.224137931034483	0.0179487690439539	0.0107297773538875	0.00580421222284823
0	0.0217391304347826	0.0652173913043478	0.152173913043478	0	0.0217391304347826	0.108695652173913	0.608695652173913	0.369565217391304	0.565217391304348	0.130434782608696	0.0217391304347826	0.108695652173913	0.434782608695652	0	0.0678931698619126	0.0405865491212267	0.0219550636255563
0	0.0677966101694915	0	0.0677966101694915	0.0508474576271186	0	0	0.0847457627118644	0.508474576271186	0.76271186440678	0.152542372881356	0.169491525423729	0.0677966101694915	0.0677966101694915	0.0338983050847458	0.264668289292202	0.158218750811562	0.085587536167423
0.032258064516129	0	0.021505376344086	0	0.0537634408602151	0.10752688172043	0.043010752688172	0	0.258064516129032	0.516129032258065	0.483870967741935	0.182795698924731	0.182795698924731	0.043010752688172	0.0860215053763441	0.0951477756846158	0.0568793573706081	0.0307685658695073
0.146666666666667	0	0	0	0.0266666666666667	0.266666666666667	0	0.0533333333333333	0.0133333333333333	0.0133333333333333	0.32	0.56	0.186666666666667	0.08	0	0.027760762787982	0.0165953889740127	0.00897718157133859
0.274193548387097	0.290322580645161	0.0645161290322581	0	0.0483870967741935	0.0967741935483871	0.629032258064516	0.290322580645161	0.032258064516129	0	0.129032258064516	0.516129032258065	0.306451612903226	0.0645161290322581	0	0.00839539197217199	0.00501876682681836	0.00271487345907417
0.106666666666667	0.346666666666667	0.266666666666667	0.0533333333333333	0	0.0666666666666667	0.226666666666667	0.346666666666667	0.173333333333333	0.146666666666667	0	0.106666666666667	0.293333333333333	0.146666666666667	0.106666666666667	0.00694019069699551	0.00414884724350318	0.00224429539283465
0.0240963855421687	0.0963855421686747	0.397590361445783	0.325301204819277	0.036144578313253	0.036144578313253	0	0.253012048192771	0.578313253012048	0.180722891566265	0	0.0843373493975904	0.132530120481928	0.301204819277108	0.132530120481928	0.0125425133078232	0.00749791670512622	0.00405595552921924
0	0.043010752688172	0.118279569892473	0.0967741935483871	0.333333333333333	0.0967741935483871	0.043010752688172	0	0.0752688172043011	0.43010752688172	0.225806451612903	0.0537634408602151	0.032258064516129	0.0752688172043011	0.21505376344086	0.0951477756846158	0.0568793573706081	0.0307685658695073
0.0363636363636364	0.0181818181818182	0.0909090909090909	0.109090909090909	0.0909090909090909	0.527272727272727	0.0181818181818182	0.0363636363636364	0.0909090909090909	0.0545454545454545	0.563636363636364	0.236363636363636	0.0363636363636364	0	0	0.17035013528989	0.101835341431442	0.0550872505513959
0.032258064516129	0	0.032258064516129	0	0.0806451612903226	0.467741935483871	0.193548387096774	0.241935483870968	0.032258064516129	0	0.129032258064516	0.790322580645161	0.290322580645161	0	0.0483870967741935	0.0335815678886879	0.0200750673072734	0.0108594938362967
0.0212765957446809	0	0.127659574468085	0.0425531914893617	0	0.0851063829787234	0.212765957446809	0.25531914893617	0.0851063829787234	0	0	0.127659574468085	0.553191489361702	0.127659574468085	0	0.0664486343329357	0.0397230055229028	0.0214879346122466
0.0285714285714286	0.0285714285714286	0	0	0.0285714285714286	0.228571428571429	0.4	0.342857142857143	0.0285714285714286	0	0.0571428571428571	0	0.2	0.371428571428571	0.0571428571428571	0.0148718372078475	0.00889038695036395	0.0048092044132171
0.037037037037037	0.296296296296296	0.037037037037037	0.037037037037037	0.0740740740740741	0.111111111111111	0.185185185185185	0.333333333333333	0.444444444444444	0.148148148148148	0.37037037037037	0.037037037037037	0.0740740740740741	0.296296296296296	0.444444444444444	0.0963915374582709	0.0576228783819886	0.0311707693449257
0	0	0.025	0.1	0.075	0.15	0	0	0.125	0.275	0.35	0.15	0.225	0.1	0.225	0.260257151137332	0.155581771631369	0.0841610772312993
0	0	0.025	0.1	0.075	0.15	0	0	0.125	0.275	0.35	0.15	0.225	0.1	0.225	0.260257151137332	0.155581771631369	0.0841610772312993
0	0	0.025	0.1	0.075	0.15	0	0	0.125	0.275	0.35	0.15	0.225	0.1	0.225	0.260257151137332	0.155581771631369	0.0841610772312993
