0.0350877192982456	0.0175438596491228	0.0526315789473684	0.0175438596491228	0	0.508771929824561	1.15789473684211	0.473684210526316	0.0350877192982456	0.105263157894737	0.228070175438596	0.43859649122807	0.456140350877193	0.43859649122807	0.0701754385964912	0.0273954895934033	0.0163770285927757	0.0088590607611894
0	0	0.0344827586206897	0	0	0	0.551724137931034	0.879310344827586	0.0517241379310345	0.120689655172414	0	0.189655172413793	0.5	0.293103448275862	0.206896551724138	0.0358975380879078	0.0214595547077751	0.0116084244456965
0	0	0.152173913043478	0.0434782608695652	0.0217391304347826	0	0.0869565217391304	0.630434782608696	0.521739130434783	0.326086956521739	0.195652173913043	0.0869565217391304	0.0869565217391304	0.326086956521739	0.0652173913043478	0.0905242264825501	0.0541153988283023	0.0292734181674085
0	0.0677966101694915	0.0338983050847458	0.101694915254237	0.0169491525423729	0	0	0.220338983050847	0.254237288135593	0.525423728813559	0.186440677966102	0.288135593220339	0.0847457627118644	0.11864406779661	0.0847457627118644	0.167623249885061	0.100205208847322	0.0542054395727012
0.0752688172043011	0	0.021505376344086	0	0.0537634408602151	0.21505376344086	0	0	0.161290322580645	0.473118279569892	0.333333333333333	0.172043010752688	0.225806451612903	0	0.043010752688172	0.0391784958701359	0.0234209118584857	0.0126694094756795
0.173333333333333	0.0133333333333333	0	0.0266666666666667	0.0133333333333333	0.24	0.0266666666666667	0.106666666666667	0.0533333333333333	0.0266666666666667	0.453333333333333	0.6	0.04	0.106666666666667	0	0	0	0
0.467741935483871	0.193548387096774	0.0161290322580645	0	0.0161290322580645	0.0806451612903226	0.596774193548387	0.193548387096774	0	0	0.129032258064516	0.548387096774194	0.225806451612903	0.0645161290322581	0	0.00839539197217199	0.00501876682681836	0.00271487345907417
0.0933333333333333	0.266666666666667	0.373333333333333	0.0266666666666667	0	0.04	0.186666666666667	0.44	0.106666666666667	0.16	0.0533333333333333	0.04	0.453333333333333	0.146666666666667	0.0533333333333333	0	0	0
0	0.036144578313253	0.313253012048193	0.325301204819277	0.144578313253012	0.036144578313253	0	0.120481927710843	0.542168674698795	0.216867469879518	0	0.0240963855421687	0.036144578313253	0.108433734939759	0.397590361445783	0.0689838231930276	0.0412385418781942	0.0223077554107058
0.032258064516129	0.010752688172043	0.0967741935483871	0.139784946236559	0.258064516129032	0.0967741935483871	0.021505376344086	0	0.161290322580645	0.344086021505376	0.236559139784946	0.0860215053763441	0.010752688172043	0.0752688172043011	0.118279569892473	0.190295551369232	0.113758714741216	0.0615371317390146
0.0545454545454545	0.0363636363636364	0.0545454545454545	0.0181818181818182	0.145454545454545	0.418181818181818	0.0181818181818182	0.0363636363636364	0	0.145454545454545	0.4	0.290909090909091	0	0	0	0.0851750676449449	0.0509176707157208	0.027543625275698
0.032258064516129	0.0806451612903226	0.032258064516129	0	0.0967741935483871	0.451612903225806	0.225806451612903	0.0806451612903226	0	0.032258064516129	0.112903225806452	0.82258064516129	0.354838709677419	0.0161290322580645	0.0645161290322581	0.0671631357773759	0.0401501346145469	0.0217189876725934
0.0212765957446809	0.0851063829787234	0.127659574468085	0	0.0425531914893617	0.170212765957447	0.127659574468085	0.319148936170213	0	0	0.0212765957446809	0.106382978723404	0.659574468085106	0.319148936170213	0.0425531914893617	0.0775234067217583	0.0463435064433865	0.0250692570476211
0.0285714285714286	0.0571428571428571	0.0285714285714286	0	0	0	0.142857142857143	0.342857142857143	0.0857142857142857	0	0.0285714285714286	0.0285714285714286	0.142857142857143	0.514285714285714	0.257142857142857	0.0743591860392376	0.0444519347518198	0.0240460220660855
0	0.185185185185185	0.037037037037037	0.0740740740740741	0.0740740740740741	0.111111111111111	0	0.148148148148148	0.259259259259259	0.259259259259259	0.185185185185185	0	0.037037037037037	0.148148148148148	0.444444444444444	0.0578349224749626	0.0345737270291931	0.0187024616069554
0	0	0.025	0.1	0.15	0.075	0	0.025	0.05	0.125	0.525	0.325	0.3	0.1	0.175	0.702694308070795	0.420070783404697	0.227234908524508
0	0	0.025	0.1	0.15	0.075	0	0.025	0.05	0.125	0.525	0.325	0.3	0.1	0.175	0.702694308070795	0.420070783404697	0.227234908524508
0	0	0.025	0.1	0.15	0.075	0	0.025	0.05	0.125	0.525	0.325	0.3	0.1	0.175	0.702694308070795	0.420070783404697	0.227234908524508
