0	0	0.0701754385964912	0	0.0526315789473684	0.421052631578947	1.12280701754386	0.649122807017544	0	0.0175438596491228	0.175438596491228	0.508771929824561	0.894736842105263	0.43859649122807	0.140350877192982	0.0639228090512744	0.0382130667164766	0.0206711417761086
0	0.103448275862069	0.0862068965517241	0	0.0172413793103448	0.172413793103448	0.655172413793103	0.931034482758621	0.0344827586206897	0.103448275862069	0	0.224137931034483	0.482758620689655	0.724137931034483	0.137931034482759	0.0179487690439539	0.0107297773538875	0.00580421222284823
0	0.0217391304347826	0.0869565217391304	0.0652173913043478	0	0.0217391304347826	0.0652173913043478	0.391304347826087	0.695652173913043	0.282608695652174	0.152173913043478	0.0652173913043478	0.0869565217391304	0.478260869565217	0.130434782608696	0.0905242264825501	0.0541153988283023	0.0292734181674085
0	0.0677966101694915	0	0.0338983050847458	0	0	0	0.186440677966102	0.457627118644068	0.406779661016949	0.186440677966102	0.271186440677966	0.101694915254237	0.135593220338983	0.0677966101694915	0.0794004867876605	0.0474656252434685	0.0256762608502269
0.021505376344086	0	0.032258064516129	0	0.0537634408602151	0.129032258064516	0.043010752688172	0	0.21505376344086	0.408602150537634	0.354838709677419	0.279569892473118	0.118279569892473	0.043010752688172	0.043010752688172	0.0727600637588239	0.0434959791657591	0.0235289033119762
0.106666666666667	0.0133333333333333	0	0.0133333333333333	0.04	0.226666666666667	0.0266666666666667	0	0.0133333333333333	0.0533333333333333	0.533333333333333	0.48	0.12	0	0	0	0	0
0.306451612903226	0.32258064516129	0.032258064516129	0	0.032258064516129	0.241935483870968	0.564516129032258	0.370967741935484	0.032258064516129	0	0.145161290322581	0.258064516129032	0.258064516129032	0.0645161290322581	0	0.016790783944344	0.0100375336536367	0.00542974691814834
0.0933333333333333	0.2	0.373333333333333	0.04	0	0	0.106666666666667	0.426666666666667	0.173333333333333	0.08	0.0133333333333333	0.0533333333333333	0.36	0.24	0.226666666666667	0.013880381393991	0.00829769448700635	0.0044885907856693
0.0481927710843374	0.0843373493975904	0.325301204819277	0.228915662650602	0.120481927710843	0.0120481927710843	0	0.457831325301205	0.55421686746988	0.168674698795181	0	0.0843373493975904	0.0120481927710843	0.180722891566265	0.373493975903614	0.062712566539116	0.0374895835256311	0.0202797776460962
0.010752688172043	0.043010752688172	0.10752688172043	0.139784946236559	0.290322580645161	0.032258064516129	0.021505376344086	0	0.129032258064516	0.354838709677419	0.21505376344086	0.0752688172043011	0.032258064516129	0.129032258064516	0.193548387096774	0.162310911461992	0.0970294919851549	0.0524875535421006
0.145454545454545	0.0545454545454545	0.0909090909090909	0.0181818181818182	0.0909090909090909	0.654545454545455	0.0181818181818182	0.0545454545454545	0.0181818181818182	0.145454545454545	0.472727272727273	0.236363636363636	0.0181818181818182	0	0	0.075711171239951	0.0452601517473074	0.0244832224672871
0.0645161290322581	0.0483870967741935	0.0483870967741935	0	0.0806451612903226	0.241935483870968	0.32258064516129	0.112903225806452	0	0	0.129032258064516	0.725806451612903	0.209677419354839	0.032258064516129	0	0.226675583248644	0.135506704324096	0.0733015833950026
0	0.0425531914893617	0.170212765957447	0.0638297872340425	0.0212765957446809	0.0425531914893617	0.340425531914894	0.276595744680851	0.0212765957446809	0.0425531914893617	0.0425531914893617	0.212765957446809	0.659574468085106	0.382978723404255	0.0212765957446809	0.143972041054694	0.0860665119662893	0.0465571916598677
0.0285714285714286	0.0285714285714286	0	0.0571428571428571	0	0.0857142857142857	0.257142857142857	0.314285714285714	0.2	0	0.0571428571428571	0.0857142857142857	0.0857142857142857	0.685714285714286	0.171428571428571	0.029743674415695	0.0177807739007279	0.00961840882643421
0	0.037037037037037	0.0740740740740741	0.111111111111111	0.111111111111111	0.259259259259259	0	0.037037037037037	0.111111111111111	0.222222222222222	0.333333333333333	0	0.037037037037037	0.185185185185185	0.518518518518518	0.0963915374582709	0.0576228783819886	0.0311707693449257
0	0.05	0	0.025	0.15	0.05	0	0.05	0.1	0.15	0.325	0.175	0.15	0.275	0.15	0.286282866251065	0.171139948794506	0.0925771849544293
0	0.05	0	0.025	0.15	0.05	0	0.05	0.1	0.15	0.325	0.175	0.15	0.275	0.15	0.286282866251065	0.171139948794506	0.0925771849544293
0	0.05	0	0.025	0.15	0.05	0	0.05	0.1	0.15	0.325	0.175	0.15	0.275	0.15	0.286282866251065	0.171139948794506	0.0925771849544293
