0	0	0.0350877192982456	0.0175438596491228	0	0.333333333333333	1	0.684210526315789	0.0701754385964912	0	0.140350877192982	0.421052631578947	0.543859649122807	0.43859649122807	0.105263157894737	0.0365273194578711	0.0218360381237009	0.0118120810149192
0	0	0	0	0.0172413793103448	0	0.46551724137931	0.896551724137931	0.172413793103448	0.155172413793103	0	0.275862068965517	0.310344827586207	0.568965517241379	0.137931034482759	0.0269231535659308	0.0160946660308313	0.00870631833427234
0	0	0.173913043478261	0.130434782608696	0.0652173913043478	0.0217391304347826	0.130434782608696	0.630434782608696	0.391304347826087	0.5	0.173913043478261	0.0869565217391304	0	0.456521739130435	0.0434782608695652	0.0905242264825501	0.0541153988283023	0.0292734181674085
0	0.0847457627118644	0.0169491525423729	0.0169491525423729	0.0847457627118644	0	0	0.101694915254237	0.406779661016949	0.576271186440678	0.305084745762712	0.203389830508475	0.0847457627118644	0.0508474576271186	0.152542372881356	0.202912355124021	0.121301042288864	0.065617111061691
0.032258064516129	0	0.021505376344086	0	0.043010752688172	0.0645161290322581	0.043010752688172	0	0.258064516129032	0.56989247311828	0.419354838709677	0.161290322580645	0.150537634408602	0.043010752688172	0.0645161290322581	0.0839539197217199	0.0501876682681836	0.0271487345907417
0.16	0	0	0.0133333333333333	0.0133333333333333	0.28	0.04	0.106666666666667	0.0133333333333333	0.0533333333333333	0.466666666666667	0.533333333333333	0.146666666666667	0.08	0	0.013880381393991	0.00829769448700635	0.0044885907856693
0.193548387096774	0.419354838709677	0.0483870967741935	0	0.032258064516129	0.193548387096774	0.548387096774194	0.387096774193548	0.0161290322580645	0	0.112903225806452	0.354838709677419	0.258064516129032	0.0967741935483871	0	0.025186175916516	0.0150563004804551	0.00814462037722251
0.106666666666667	0.32	0.293333333333333	0.0266666666666667	0	0.0266666666666667	0.266666666666667	0.4	0.08	0.04	0	0.0666666666666667	0.466666666666667	0.24	0.106666666666667	0.00694019069699551	0.00414884724350318	0.00224429539283465
0.0240963855421687	0.144578313253012	0.349397590361446	0.168674698795181	0.0963855421686747	0.036144578313253	0	0.63855421686747	0.650602409638554	0.192771084337349	0	0.120481927710843	0.0963855421686747	0.168674698795181	0.457831325301205	0.0815263365008509	0.0487364585833205	0.0263637109399251
0.010752688172043	0.043010752688172	0.21505376344086	0.0752688172043011	0.225806451612903	0.10752688172043	0.0537634408602151	0	0.150537634408602	0.311827956989247	0.182795698924731	0.0752688172043011	0.021505376344086	0.0537634408602151	0.10752688172043	0.123132415591856	0.0736085801266693	0.0398181440664212
0.0909090909090909	0.0909090909090909	0.145454545454545	0.0181818181818182	0.109090909090909	0.418181818181818	0.0727272727272727	0.0363636363636364	0.0181818181818182	0.109090909090909	0.490909090909091	0.309090909090909	0.0181818181818182	0	0	0.075711171239951	0.0452601517473074	0.0244832224672871
0.0645161290322581	0.0161290322580645	0.032258064516129	0	0.0967741935483871	0.258064516129032	0.161290322580645	0.161290322580645	0	0.032258064516129	0.0967741935483871	0.5	0.32258064516129	0.0161290322580645	0.032258064516129	0.25186175916516	0.150563004804551	0.0814462037722251
0.0212765957446809	0	0.148936170212766	0.0638297872340425	0	0.148936170212766	0.382978723404255	0.170212765957447	0	0.0425531914893617	0.0851063829787234	0.0851063829787234	0.808510638297872	0.0638297872340425	0.0212765957446809	0.0775234067217583	0.0463435064433865	0.0250692570476211
0	0.114285714285714	0	0.0571428571428571	0	0.0857142857142857	0.0857142857142857	0.228571428571429	0.0857142857142857	0	0.114285714285714	0.0857142857142857	0.342857142857143	0.314285714285714	0.142857142857143	0.0594873488313901	0.0355615478014558	0.0192368176528684
0.0740740740740741	0.0740740740740741	0.0740740740740741	0.0740740740740741	0.0740740740740741	0.222222222222222	0.148148148148148	0.37037037037037	0.222222222222222	0.259259259259259	0.62962962962963	0.037037037037037	0.0740740740740741	0.333333333333333	0.62962962962963	0.134948152441579	0.080672029734784	0.0436390770828959
0	0	0	0.075	0.075	0.05	0	0.025	0.1	0.175	0.3	0.25	0.2	0.125	0.1	0.429424299376597	0.256709923191759	0.138865777431644
0	0	0	0.075	0.075	0.05	0	0.025	0.1	0.175	0.3	0.25	0.2	0.125	0.1	0.429424299376597	0.256709923191759	0.138865777431644
0	0	0	0.075	0.075	0.05	0	0.025	0.1	0.175	0.3	0.25	0.2	0.125	0.1	0.429424299376597	0.256709923191759	0.138865777431644
