0	0	0.0350877192982456	0	0.0175438596491228	0.526315789473684	0.912280701754386	0.649122807017544	0.0350877192982456	0.0701754385964912	0.280701754385965	0.245614035087719	0.526315789473684	0.56140350877193	0.105263157894737	0.0273954895934033	0.0163770285927757	0.0088590607611894
0	0	0.0344827586206897	0	0.0344827586206897	0	0.46551724137931	0.879310344827586	0.120689655172414	0.103448275862069	0	0.275862068965517	0.620689655172414	0.482758620689655	0.241379310344828	0	0	0
0	0.0217391304347826	0.152173913043478	0.130434782608696	0.0217391304347826	0.0217391304347826	0.0869565217391304	0.608695652173913	0.521739130434783	0.521739130434783	0.173913043478261	0.0217391304347826	0.108695652173913	0.58695652173913	0.0434782608695652	0.0905242264825501	0.0541153988283023	0.0292734181674085
0	0.0677966101694915	0.0169491525423729	0.0677966101694915	0.0508474576271186	0	0	0.101694915254237	0.474576271186441	0.542372881355932	0.271186440677966	0.271186440677966	0.11864406779661	0.0677966101694915	0.135593220338983	0.105867315716881	0.0632875003246247	0.0342350144669692
0.0645161290322581	0	0.021505376344086	0	0.0645161290322581	0.129032258064516	0	0	0.225806451612903	0.387096774193548	0.462365591397849	0.268817204301075	0.118279569892473	0	0.0537634408602151	0.0839539197217199	0.0501876682681836	0.0271487345907417
0.106666666666667	0.0266666666666667	0	0.04	0.04	0.24	0.04	0.0266666666666667	0.0133333333333333	0.0933333333333333	0.426666666666667	0.733333333333333	0.133333333333333	0.0133333333333333	0	0.013880381393991	0.00829769448700635	0.0044885907856693
0.274193548387097	0.258064516129032	0.032258064516129	0	0	0.032258064516129	0.629032258064516	0.0967741935483871	0.0161290322580645	0	0.0806451612903226	0.338709677419355	0.548387096774194	0.145161290322581	0	0.025186175916516	0.0150563004804551	0.00814462037722251
0.08	0.173333333333333	0.36	0.04	0	0.0133333333333333	0.173333333333333	0.4	0.0666666666666667	0.0933333333333333	0.0133333333333333	0.0533333333333333	0.266666666666667	0.213333333333333	0.2	0.027760762787982	0.0165953889740127	0.00897718157133859
0.0120481927710843	0.108433734939759	0.337349397590361	0.349397590361446	0.0963855421686747	0.0240963855421687	0	0.289156626506024	0.469879518072289	0.289156626506024	0	0.0481927710843374	0.0240963855421687	0.132530120481928	0.253012048192771	0.0752550798469392	0.0449875002307573	0.0243357331753155
0.010752688172043	0.0537634408602151	0.139784946236559	0.118279569892473	0.354838709677419	0.0860215053763441	0.010752688172043	0	0.129032258064516	0.354838709677419	0.21505376344086	0.0645161290322581	0.010752688172043	0.0967741935483871	0.182795698924731	0.179101695406336	0.107067025638792	0.057917300460249
0.0545454545454545	0.109090909090909	0.0909090909090909	0.0363636363636364	0.109090909090909	0.436363636363636	0.0363636363636364	0.0181818181818182	0	0.218181818181818	0.4	0.327272727272727	0	0	0	0.0567833784299632	0.0339451138104805	0.0183624168504653
0.0483870967741935	0.032258064516129	0.032258064516129	0	0.0645161290322581	0.274193548387097	0.112903225806452	0.0806451612903226	0.0483870967741935	0	0.112903225806452	0.580645161290323	0.161290322580645	0	0.564516129032258	0.25186175916516	0.150563004804551	0.0814462037722251
0.0212765957446809	0.0638297872340425	0.0425531914893617	0.0212765957446809	0.0212765957446809	0.106382978723404	0.25531914893617	0.212765957446809	0.0425531914893617	0.0425531914893617	0.0212765957446809	0.0851063829787234	0.659574468085106	0.191489361702128	0.0212765957446809	0.0664486343329357	0.0397230055229028	0.0214879346122466
0.0285714285714286	0.0285714285714286	0.0285714285714286	0	0	0.114285714285714	0.371428571428571	0.0571428571428571	0	0	0.0285714285714286	0	0.2	0.342857142857143	0.114285714285714	0.0148718372078475	0.00889038695036395	0.0048092044132171
0	0	0.111111111111111	0	0.148148148148148	0.037037037037037	0.0740740740740741	0.111111111111111	0.148148148148148	0.296296296296296	0	0	0.037037037037037	0.259259259259259	0.518518518518518	0.115669844949925	0.0691474540583863	0.0374049232139108
0	0	0.025	0.05	0.2	0.05	0	0.075	0.025	0.25	0.35	0.25	0.25	0.15	0.2	0.481475729604063	0.287826277518033	0.155697992877904
0	0	0.025	0.05	0.2	0.05	0	0.075	0.025	0.25	0.35	0.25	0.25	0.15	0.2	0.481475729604063	0.287826277518033	0.155697992877904
0	0	0.025	0.05	0.2	0.05	0	0.075	0.025	0.25	0.35	0.25	0.25	0.15	0.2	0.481475729604063	0.287826277518033	0.155697992877904
