0.0175438596491228	0	0.0526315789473684	0.0175438596491228	0	0.526315789473684	0.912280701754386	0.684210526315789	0.0701754385964912	0.087719298245614	0.175438596491228	0.280701754385965	0.508771929824561	0.43859649122807	0.0175438596491228	0.0456591493223389	0.0272950476546262	0.014765101268649
0	0.0172413793103448	0.0517241379310345	0	0.0344827586206897	0.0862068965517241	0.5	1	0.172413793103448	0.0862068965517241	0	0.189655172413793	0.482758620689655	0.310344827586207	0.172413793103448	0.00897438452197695	0.00536488867694376	0.00290210611142411
0	0.108695652173913	0.152173913043478	0	0.0217391304347826	0.0434782608695652	0.173913043478261	0.58695652173913	0.760869565217391	0.195652173913043	0.195652173913043	0.0652173913043478	0.0217391304347826	0.956521739130435	0.0869565217391304	0.0792086981722313	0.0473509739747645	0.0256142408964824
0	0.0677966101694915	0	0.0508474576271186	0.0508474576271186	0	0	0.11864406779661	0.457627118644068	0.576271186440678	0.23728813559322	0.288135593220339	0.11864406779661	0.135593220338983	0.0677966101694915	0.167623249885061	0.100205208847322	0.0542054395727012
0.0752688172043011	0	0.010752688172043	0	0.0752688172043011	0.118279569892473	0.043010752688172	0	0.182795698924731	0.451612903225806	0.494623655913978	0.193548387096774	0.139784946236559	0.043010752688172	0.0537634408602151	0.0671631357773759	0.0401501346145469	0.0217189876725934
0.106666666666667	0	0	0.0133333333333333	0.0533333333333333	0.213333333333333	0.0266666666666667	0	0.04	0.08	0.453333333333333	0.533333333333333	0.0933333333333333	0.08	0	0.013880381393991	0.00829769448700635	0.0044885907856693
0.354838709677419	0.193548387096774	0.032258064516129	0	0.0483870967741935	0.032258064516129	0.564516129032258	0.0806451612903226	0	0	0.032258064516129	0.370967741935484	0.354838709677419	0.0806451612903226	0	0.00839539197217199	0.00501876682681836	0.00271487345907417
0.12	0.306666666666667	0.266666666666667	0.0133333333333333	0	0.04	0.293333333333333	0.386666666666667	0.08	0.0933333333333333	0	0.0933333333333333	0.293333333333333	0.266666666666667	0.0266666666666667	0	0	0
0.0602409638554217	0.036144578313253	0.44578313253012	0.301204819277108	0.0843373493975904	0.036144578313253	0	0.301204819277108	0.542168674698795	0.228915662650602	0	0.0602409638554217	0.0481927710843374	0.240963855421687	0.301204819277108	0.0501700532312928	0.0299916668205049	0.016223822116877
0.0752688172043011	0.0752688172043011	0.150537634408602	0.129032258064516	0.354838709677419	0.10752688172043	0.043010752688172	0	0.129032258064516	0.43010752688172	0.236559139784946	0.043010752688172	0.032258064516129	0.139784946236559	0.182795698924731	0.173504767424888	0.103721181087579	0.0561073848208662
0.0363636363636364	0.0545454545454545	0.0909090909090909	0.0909090909090909	0.109090909090909	0.381818181818182	0.0545454545454545	0.0181818181818182	0.0545454545454545	0.109090909090909	0.509090909090909	0.272727272727273	0.0181818181818182	0	0	0.0662472748349571	0.039602632778894	0.0214228196588762
0.0483870967741935	0.032258064516129	0.0483870967741935	0	0.0483870967741935	0.306451612903226	0.129032258064516	0.0967741935483871	0	0.0161290322580645	0.0645161290322581	0.629032258064516	0.241935483870968	0.0161290322580645	0.596774193548387	0.478537342413803	0.286069709128646	0.154747787167228
0	0.0212765957446809	0.170212765957447	0.0638297872340425	0.0425531914893617	0.0638297872340425	0.297872340425532	0.51063829787234	0.0638297872340425	0.0851063829787234	0.0425531914893617	0.382978723404255	0.617021276595745	0.382978723404255	0.0425531914893617	0.121822496277049	0.0728255101253217	0.0393945467891188
0.0285714285714286	0.0285714285714286	0.0571428571428571	0	0	0.0857142857142857	0.171428571428571	0.314285714285714	0.0857142857142857	0.0285714285714286	0.0285714285714286	0.0857142857142857	0.228571428571429	0.571428571428571	0.171428571428571	0.0446155116235426	0.0266711608510919	0.0144276132396513
0	0.0740740740740741	0	0.111111111111111	0	0.111111111111111	0	0.0740740740740741	0.222222222222222	0.259259259259259	0.037037037037037	0	0	0.333333333333333	0.407407407407407	0.0963915374582709	0.0576228783819886	0.0311707693449257
0	0	0.1	0.05	0.05	0	0	0	0.125	0.15	0.25	0.125	0.1	0.15	0.125	0.299295723807931	0.178919037376074	0.0967852388159942
0	0	0.1	0.05	0.05	0	0	0	0.125	0.15	0.25	0.125	0.1	0.15	0.125	0.299295723807931	0.178919037376074	0.0967852388159942
0	0	0.1	0.05	0.05	0	0	0	0.125	0.15	0.25	0.125	0.1	0.15	0.125	0.299295723807931	0.178919037376074	0.0967852388159942
