0.0175438596491228	0.0175438596491228	0.0526315789473684	0.0175438596491228	0	0.245614035087719	1.07017543859649	0.508771929824561	0.0350877192982456	0.087719298245614	0.228070175438596	0.526315789473684	0.421052631578947	0.298245614035088	0.0526315789473684	0.100450128509146	0.0600491048401776	0.0324832227910278
0	0.0517241379310345	0.0517241379310345	0	0.0344827586206897	0.0862068965517241	0.53448275862069	0.982758620689655	0.0689655172413793	0.0862068965517241	0	0.206896551724138	0.327586206896552	0.310344827586207	0.0689655172413793	0.0179487690439539	0.0107297773538875	0.00580421222284823
0	0	0.0434782608695652	0.108695652173913	0	0	0.173913043478261	0.695652173913043	0.543478260869565	0.41304347826087	0.108695652173913	0.0869565217391304	0.0652173913043478	0.239130434782609	0	0.192363981275419	0.114995222510142	0.062206013605743
0	0.0338983050847458	0.0169491525423729	0.0338983050847458	0.0169491525423729	0	0	0.135593220338983	0.406779661016949	0.542372881355932	0.169491525423729	0.169491525423729	0.135593220338983	0.101694915254237	0.152542372881356	0.132334144646101	0.0791093754057809	0.0427937680837115
0.0537634408602151	0	0.0752688172043011	0	0.043010752688172	0.118279569892473	0.0537634408602151	0	0.247311827956989	0.548387096774194	0.397849462365591	0.172043010752688	0.118279569892473	0.032258064516129	0.0645161290322581	0.117535487610408	0.070262735575457	0.0380082284270384
0.146666666666667	0.04	0	0.0133333333333333	0.0533333333333333	0.306666666666667	0.08	0.08	0	0.106666666666667	0.4	0.586666666666667	0.08	0.0666666666666667	0	0.013880381393991	0.00829769448700635	0.0044885907856693
0.306451612903226	0.225806451612903	0.0645161290322581	0	0.0806451612903226	0.0967741935483871	0.467741935483871	0.209677419354839	0.0806451612903226	0	0.17741935483871	0.274193548387097	0.354838709677419	0.225806451612903	0	0	0	0
0.0933333333333333	0.213333333333333	0.36	0.0133333333333333	0	0	0.16	0.413333333333333	0.106666666666667	0.12	0.0133333333333333	0.08	0.373333333333333	0.24	0.0933333333333333	0.013880381393991	0.00829769448700635	0.0044885907856693
0.0240963855421687	0.120481927710843	0.313253012048193	0.325301204819277	0.0602409638554217	0.036144578313253	0	0.421686746987952	0.566265060240964	0.313253012048193	0	0.108433734939759	0.144578313253012	0.132530120481928	0.301204819277108	0.0564413098852044	0.033740625173068	0.0182517998814866
0.021505376344086	0.032258064516129	0.161290322580645	0.118279569892473	0.236559139784946	0.10752688172043	0.032258064516129	0	0.172043010752688	0.451612903225806	0.139784946236559	0.0860215053763441	0.0537634408602151	0.10752688172043	0.161290322580645	0.1399231995362	0.083646113780306	0.0452478909845695
0.0545454545454545	0.0363636363636364	0.109090909090909	0.0909090909090909	0.127272727272727	0.454545454545455	0	0.0363636363636364	0.0363636363636364	0.163636363636364	0.490909090909091	0.236363636363636	0.0181818181818182	0	0	0.0946389640499388	0.0565751896841342	0.0306040280841088
0.0645161290322581	0.0161290322580645	0.0161290322580645	0	0.112903225806452	0.403225806451613	0.0967741935483871	0.0645161290322581	0.032258064516129	0	0.17741935483871	0.661290322580645	0.17741935483871	0	0.596774193548387	0.302234110998192	0.180675605765461	0.0977354445266702
0.0212765957446809	0.0212765957446809	0.0638297872340425	0.0425531914893617	0.0212765957446809	0.0851063829787234	0.297872340425532	0.212765957446809	0.0638297872340425	0.0425531914893617	0.0425531914893617	0.234042553191489	0.48936170212766	0.148936170212766	0.0212765957446809	0.0221495447776452	0.0132410018409676	0.00716264487074888
0.0857142857142857	0.0571428571428571	0.0571428571428571	0.0571428571428571	0.0571428571428571	0.142857142857143	0.142857142857143	0.285714285714286	0.0571428571428571	0	0.0857142857142857	0.0285714285714286	0.0857142857142857	0.571428571428571	0.114285714285714	0.0594873488313901	0.0355615478014558	0.0192368176528684
0.037037037037037	0.37037037037037	0.148148148148148	0.111111111111111	0.037037037037037	0.037037037037037	0.148148148148148	0.62962962962963	0.703703703703704	0.333333333333333	0.259259259259259	0.037037037037037	0.0740740740740741	0.296296296296296	0.592592592592593	0.134948152441579	0.080672029734784	0.0436390770828959
0	0	0	0.025	0.025	0	0	0.05	0	0.075	0.175	0.125	0.1	0.1	0.15	0.195192863352999	0.116686328723527	0.0631208079234745
0	0	0	0.025	0.025	0	0	0.05	0	0.075	0.175	0.125	0.1	0.1	0.15	0.195192863352999	0.116686328723527	0.0631208079234745
0	0	0	0.025	0.025	0	0	0.05	0	0.075	0.175	0.125	0.1	0.1	0.15	0.195192863352999	0.116686328723527	0.0631208079234745
