0.0350877192982456	0.0526315789473684	0.0350877192982456	0	0.0350877192982456	0.298245614035088	1.49122807017544	0.456140350877193	0.0350877192982456	0.0350877192982456	0.0701754385964912	0.43859649122807	0.596491228070175	0.350877192982456	0.087719298245614	0.0273954895934033	0.0163770285927757	0.0088590607611894
0	0.0344827586206897	0.0517241379310345	0	0	0.172413793103448	0.603448275862069	0.844827586206897	0.206896551724138	0.0689655172413793	0	0.293103448275862	0.362068965517241	0.620689655172414	0.258620689655172	0	0	0
0	0	0.152173913043478	0.108695652173913	0	0	0.0869565217391304	0.543478260869565	0.565217391304348	0.391304347826087	0.173913043478261	0.0434782608695652	0.108695652173913	0.347826086956522	0.0869565217391304	0.0905242264825501	0.0541153988283023	0.0292734181674085
0	0.0508474576271186	0.0508474576271186	0.0847457627118644	0.0338983050847458	0	0	0.169491525423729	0.525423728813559	0.542372881355932	0.220338983050847	0.23728813559322	0.0677966101694915	0.152542372881356	0.11864406779661	0.167623249885061	0.100205208847322	0.0542054395727012
0.032258064516129	0	0.032258064516129	0	0.032258064516129	0.150537634408602	0.032258064516129	0	0.182795698924731	0.505376344086022	0.408602150537634	0.225806451612903	0.21505376344086	0.032258064516129	0.10752688172043	0.106341631647512	0.0635710464730325	0.0343883971482728
0.213333333333333	0.0133333333333333	0	0	0.0133333333333333	0.333333333333333	0.0533333333333333	0	0	0.106666666666667	0.493333333333333	0.373333333333333	0.106666666666667	0.0533333333333333	0	0.013880381393991	0.00829769448700635	0.0044885907856693
0.258064516129032	0.274193548387097	0.0483870967741935	0	0.0645161290322581	0.161290322580645	0.693548387096774	0.32258064516129	0.0161290322580645	0	0.129032258064516	0.338709677419355	0.129032258064516	0.0806451612903226	0	0.016790783944344	0.0100375336536367	0.00542974691814834
0.0666666666666667	0.253333333333333	0.293333333333333	0.04	0	0.0666666666666667	0.213333333333333	0.453333333333333	0.08	0.12	0.0133333333333333	0.0666666666666667	0.293333333333333	0.226666666666667	0.106666666666667	0.013880381393991	0.00829769448700635	0.0044885907856693
0.0602409638554217	0.0843373493975904	0.289156626506024	0.337349397590361	0.0602409638554217	0.0240963855421687	0	0.433734939759036	0.590361445783133	0.313253012048193	0	0.0843373493975904	0.0963855421686747	0.156626506024096	0.337349397590361	0.0689838231930276	0.0412385418781942	0.0223077554107058
0.032258064516129	0.0537634408602151	0.150537634408602	0.10752688172043	0.333333333333333	0.0860215053763441	0.0645161290322581	0	0.0752688172043011	0.279569892473118	0.258064516129032	0.10752688172043	0.010752688172043	0.0967741935483871	0.172043010752688	0.123132415591856	0.0736085801266693	0.0398181440664212
0.0909090909090909	0.0727272727272727	0.0181818181818182	0.0545454545454545	0.127272727272727	0.454545454545455	0.0363636363636364	0.0181818181818182	0.0363636363636364	0.181818181818182	0.472727272727273	0.254545454545455	0	0	0	0.0851750676449449	0.0509176707157208	0.027543625275698
0.0806451612903226	0.0645161290322581	0.032258064516129	0	0.0645161290322581	0.435483870967742	0.209677419354839	0.0806451612903226	0	0	0.145161290322581	0.709677419354839	0.209677419354839	0.032258064516129	0.0161290322580645	0.25186175916516	0.150563004804551	0.0814462037722251
0.0425531914893617	0.0425531914893617	0.0851063829787234	0.0212765957446809	0.0851063829787234	0.127659574468085	0.234042553191489	0.170212765957447	0.0212765957446809	0.0425531914893617	0	0.191489361702128	0.702127659574468	0.425531914893617	0.0638297872340425	0.188271130609985	0.112548515648224	0.0608824814013655
0.0571428571428571	0.0857142857142857	0.171428571428571	0.0285714285714286	0	0.114285714285714	0.114285714285714	0.457142857142857	0.114285714285714	0.0857142857142857	0.0857142857142857	0.257142857142857	0.171428571428571	0.857142857142857	0.428571428571429	0.0594873488313901	0.0355615478014558	0.0192368176528684
0	0.222222222222222	0.037037037037037	0.037037037037037	0.111111111111111	0.0740740740740741	0.0740740740740741	0.481481481481481	0.444444444444444	0.148148148148148	0.0740740740740741	0.037037037037037	0	0.259259259259259	0.444444444444444	0.0963915374582709	0.0576228783819886	0.0311707693449257
0	0	0.075	0.075	0.075	0	0	0.05	0.125	0.225	0.225	0.075	0.1	0.1	0.125	0.234231436023598	0.140023594468232	0.0757449695081694
0	0	0.075	0.075	0.075	0	0	0.05	0.125	0.225	0.225	0.075	0.1	0.1	0.125	0.234231436023598	0.140023594468232	0.0757449695081694
0	0	0.075	0.075	0.075	0	0	0.05	0.125	0.225	0.225	0.075	0.1	0.1	0.125	0.234231436023598	0.140023594468232	0.0757449695081694
