0.0175438596491228	0.0175438596491228	0.0175438596491228	0	0.0175438596491228	0.43859649122807	1.08771929824561	0.543859649122807	0.0175438596491228	0.0350877192982456	0.140350877192982	0.385964912280702	0.43859649122807	0.526315789473684	0.0701754385964912	0.0182636597289355	0.0109180190618505	0.0059060405074596
0	0.0344827586206897	0.0689655172413793	0	0.0172413793103448	0.172413793103448	0.53448275862069	0.982758620689655	0.0344827586206897	0.0344827586206897	0	0.241379310344828	0.431034482758621	0.482758620689655	0.155172413793103	0.00897438452197695	0.00536488867694376	0.00290210611142411
0	0.0217391304347826	0.0652173913043478	0.108695652173913	0	0.0217391304347826	0.152173913043478	0.869565217391304	0.478260869565217	0.326086956521739	0.108695652173913	0.0434782608695652	0.108695652173913	0.41304347826087	0.0217391304347826	0.0565776415515938	0.0338221242676889	0.0182958863546303
0	0.0508474576271186	0.0338983050847458	0.101694915254237	0.0338983050847458	0	0	0.0847457627118644	0.355932203389831	0.542372881355932	0.23728813559322	0.288135593220339	0.152542372881356	0.101694915254237	0.135593220338983	0.167623249885061	0.100205208847322	0.0542054395727012
0.0752688172043011	0	0.021505376344086	0	0.032258064516129	0.139784946236559	0.010752688172043	0	0.204301075268817	0.580645161290323	0.397849462365591	0.172043010752688	0.118279569892473	0.010752688172043	0.0537634408602151	0.0671631357773759	0.0401501346145469	0.0217189876725934
0.16	0.0133333333333333	0	0.0133333333333333	0.0533333333333333	0.32	0.0666666666666667	0.106666666666667	0	0.106666666666667	0.453333333333333	0.52	0.0533333333333333	0.0533333333333333	0	0	0	0
0.354838709677419	0.370967741935484	0.0645161290322581	0	0.0161290322580645	0.290322580645161	0.725806451612903	0.354838709677419	0.0161290322580645	0	0.032258064516129	0.5	0.209677419354839	0.0161290322580645	0	0.00839539197217199	0.00501876682681836	0.00271487345907417
0.0666666666666667	0.24	0.426666666666667	0.0533333333333333	0	0.04	0.186666666666667	0.4	0.186666666666667	0.106666666666667	0	0.0533333333333333	0.306666666666667	0.213333333333333	0.0666666666666667	0	0	0
0.036144578313253	0.0963855421686747	0.325301204819277	0.228915662650602	0.072289156626506	0	0	0.325301204819277	0.566265060240964	0.204819277108434	0	0.0481927710843374	0.0963855421686747	0.228915662650602	0.240963855421687	0.031356283269558	0.0187447917628156	0.0101398888230481
0.010752688172043	0.032258064516129	0.204301075268817	0.10752688172043	0.279569892473118	0.043010752688172	0.010752688172043	0	0.172043010752688	0.473118279569892	0.0752688172043011	0.0967741935483871	0.043010752688172	0.0752688172043011	0.0967741935483871	0.0783569917402719	0.0468418237169714	0.0253388189513589
0.163636363636364	0.127272727272727	0.0363636363636364	0.0909090909090909	0.181818181818182	0.381818181818182	0.0363636363636364	0	0.0181818181818182	0.163636363636364	0.545454545454545	0.309090909090909	0.0181818181818182	0	0	0.0378555856199755	0.0226300758736537	0.0122416112336435
0.0483870967741935	0.032258064516129	0.0161290322580645	0	0.145161290322581	0.370967741935484	0.161290322580645	0.0483870967741935	0.0161290322580645	0.0161290322580645	0.193548387096774	0.67741935483871	0.193548387096774	0.0806451612903226	1.20967741935484	0.461746558469459	0.27603217547501	0.149318040249079
0	0.0212765957446809	0.127659574468085	0.0425531914893617	0.0212765957446809	0.0638297872340425	0.191489361702128	0.276595744680851	0.0638297872340425	0.0212765957446809	0.106382978723404	0.148936170212766	0.553191489361702	0.191489361702128	0.0212765957446809	0.0553738619441131	0.033102504602419	0.0179066121768722
0.0857142857142857	0.0285714285714286	0	0.0285714285714286	0.0285714285714286	0	0.114285714285714	0.4	0.114285714285714	0	0	0	0.114285714285714	0.6	0.2	0.0594873488313901	0.0355615478014558	0.0192368176528684
0.037037037037037	0.481481481481481	0	0	0.037037037037037	0.037037037037037	0.111111111111111	0.740740740740741	1	0.222222222222222	0.333333333333333	0.111111111111111	0.037037037037037	0.333333333333333	0.703703703703704	0.115669844949925	0.0691474540583863	0.0374049232139108
0	0.025	0.025	0	0.125	0.05	0	0.05	0.05	0.175	0.2	0.375	0.3	0.2	0.175	0.689681450513929	0.412291694823128	0.223026854662943
0	0.025	0.025	0	0.125	0.05	0	0.05	0.05	0.175	0.2	0.375	0.3	0.2	0.175	0.689681450513929	0.412291694823128	0.223026854662943
0	0.025	0.025	0	0.125	0.05	0	0.05	0.05	0.175	0.2	0.375	0.3	0.2	0.175	0.689681450513929	0.412291694823128	0.223026854662943
