0	0	0.12280701754386	0	0	0.578947368421053	0.982456140350877	0.56140350877193	0.0350877192982456	0.157894736842105	0.298245614035088	0.421052631578947	0.491228070175439	0.280701754385965	0.087719298245614	0.0456591493223389	0.0272950476546262	0.014765101268649
0	0.103448275862069	0.0517241379310345	0	0	0.172413793103448	0.53448275862069	1.13793103448276	0.0517241379310345	0.0517241379310345	0	0.275862068965517	0.482758620689655	0.603448275862069	0.120689655172414	0.00897438452197695	0.00536488867694376	0.00290210611142411
0	0.0652173913043478	0.173913043478261	0.130434782608696	0.0652173913043478	0	0.130434782608696	0.434782608695652	0.652173913043478	0.369565217391304	0.152173913043478	0.0434782608695652	0.0869565217391304	0.41304347826087	0.0652173913043478	0.0339465849309563	0.0202932745606134	0.0109775318127782
0	0.0677966101694915	0.0677966101694915	0.169491525423729	0.0169491525423729	0	0	0.152542372881356	0.474576271186441	0.525423728813559	0.152542372881356	0.152542372881356	0.101694915254237	0.152542372881356	0.169491525423729	0.123511868336361	0.0738354170453955	0.0399408502114641
0.0645161290322581	0	0.032258064516129	0	0.0645161290322581	0.172043010752688	0.0537634408602151	0	0.247311827956989	0.462365591397849	0.473118279569892	0.10752688172043	0.172043010752688	0.0537634408602151	0.010752688172043	0.0447754238515839	0.0267667564096979	0.0144793251150622
0.133333333333333	0.0133333333333333	0	0.0266666666666667	0	0.293333333333333	0.0666666666666667	0.106666666666667	0.0266666666666667	0.133333333333333	0.413333333333333	0.64	0.12	0.08	0	0	0	0
0.32258064516129	0.403225806451613	0.0645161290322581	0	0.0161290322580645	0.0806451612903226	0.596774193548387	0.145161290322581	0.0161290322580645	0	0.0645161290322581	0.419354838709677	0.241935483870968	0.241935483870968	0	0.016790783944344	0.0100375336536367	0.00542974691814834
0.0933333333333333	0.24	0.306666666666667	0.0133333333333333	0	0.04	0.213333333333333	0.373333333333333	0.106666666666667	0.133333333333333	0	0.04	0.386666666666667	0.24	0.106666666666667	0.00694019069699551	0.00414884724350318	0.00224429539283465
0.0120481927710843	0.072289156626506	0.325301204819277	0.228915662650602	0.072289156626506	0.0120481927710843	0	0.325301204819277	0.373493975903614	0.27710843373494	0	0.0602409638554217	0.0240963855421687	0.120481927710843	0.325301204819277	0.0940688498086741	0.0562343752884467	0.0304196664691443
0	0.0537634408602151	0.139784946236559	0.118279569892473	0.247311827956989	0.043010752688172	0.043010752688172	0	0.10752688172043	0.408602150537634	0.21505376344086	0.0645161290322581	0.021505376344086	0.0537634408602151	0.161290322580645	0.134326271554752	0.0803002692290937	0.0434379753451867
0.0727272727272727	0.0363636363636364	0.0727272727272727	0.109090909090909	0.109090909090909	0.345454545454545	0.0181818181818182	0.0181818181818182	0.0363636363636364	0.218181818181818	0.418181818181818	0.163636363636364	0	0	0	0.0567833784299632	0.0339451138104805	0.0183624168504653
0.0806451612903226	0.0645161290322581	0.0161290322580645	0	0.0645161290322581	0.387096774193548	0.274193548387097	0.0483870967741935	0.0483870967741935	0.0161290322580645	0.17741935483871	0.596774193548387	0.241935483870968	0.0161290322580645	0.0161290322580645	0.117535487610408	0.070262735575457	0.0380082284270384
0	0.0212765957446809	0.127659574468085	0	0	0.0212765957446809	0.25531914893617	0.212765957446809	0.0425531914893617	0	0.170212765957447	0.170212765957447	0.425531914893617	0.127659574468085	0.0212765957446809	0.132897268665871	0.0794460110458055	0.0429758692244933
0	0	0.0285714285714286	0.0285714285714286	0	0.171428571428571	0.114285714285714	0.0571428571428571	0.2	0	0.0857142857142857	0	0.171428571428571	0.457142857142857	0.171428571428571	0	0	0
0	0.037037037037037	0.0740740740740741	0.037037037037037	0.0740740740740741	0.0740740740740741	0.0740740740740741	0.185185185185185	0.222222222222222	0.259259259259259	0.185185185185185	0.185185185185185	0.037037037037037	0.481481481481481	0.481481481481481	0.173504767424888	0.103721181087579	0.0561073848208662
0	0.05	0.075	0.025	0.05	0	0	0	0.1	0.05	0.3	0.25	0.275	0.5	0.05	0.49448858716093	0.295605366099601	0.159906046739469
0	0.05	0.075	0.025	0.05	0	0	0	0.1	0.05	0.3	0.25	0.275	0.5	0.05	0.49448858716093	0.295605366099601	0.159906046739469
0	0.05	0.075	0.025	0.05	0	0	0	0.1	0.05	0.3	0.25	0.275	0.5	0.05	0.49448858716093	0.295605366099601	0.159906046739469
