0	0.0175438596491228	0.105263157894737	0.0175438596491228	0	0.421052631578947	1.07017543859649	0.43859649122807	0.0526315789473684	0.105263157894737	0.210526315789474	0.43859649122807	0.719298245614035	0.368421052631579	0.087719298245614	0	0	0
0	0.0172413793103448	0.0517241379310345	0	0	0.0862068965517241	0.482758620689655	0.913793103448276	0.0517241379310345	0.0344827586206897	0	0.224137931034483	0.586206896551724	0.413793103448276	0.137931034482759	0.00897438452197695	0.00536488867694376	0.00290210611142411
0	0	0.130434782608696	0.0869565217391304	0.0217391304347826	0.0434782608695652	0.173913043478261	0.521739130434783	0.478260869565217	0.282608695652174	0.173913043478261	0.0652173913043478	0.152173913043478	0.5	0	0.0452621132412751	0.0270576994141512	0.0146367090837042
0	0.0508474576271186	0.0338983050847458	0.101694915254237	0.0169491525423729	0	0	0.23728813559322	0.440677966101695	0.423728813559322	0.169491525423729	0.372881355932203	0.101694915254237	0.135593220338983	0.101694915254237	0.247023736672721	0.147670834090791	0.0798817004229282
0.043010752688172	0	0.010752688172043	0	0.0752688172043011	0.0967741935483871	0.010752688172043	0	0.161290322580645	0.537634408602151	0.408602150537634	0.247311827956989	0.182795698924731	0.010752688172043	0.0645161290322581	0.0615662077959279	0.0368042900633346	0.0199090720332106
0.106666666666667	0.0266666666666667	0	0.0133333333333333	0.0266666666666667	0.226666666666667	0.0266666666666667	0.08	0.0133333333333333	0.0933333333333333	0.533333333333333	0.533333333333333	0.04	0.0933333333333333	0	0	0	0
0.32258064516129	0.338709677419355	0	0	0.032258064516129	0.0967741935483871	0.693548387096774	0.129032258064516	0.032258064516129	0	0.17741935483871	0.193548387096774	0.290322580645161	0.209677419354839	0	0.016790783944344	0.0100375336536367	0.00542974691814834
0.0533333333333333	0.186666666666667	0.28	0.0133333333333333	0	0.04	0.173333333333333	0.28	0.08	0.12	0.0266666666666667	0.08	0.36	0.12	0.133333333333333	0.00694019069699551	0.00414884724350318	0.00224429539283465
0.0843373493975904	0.0602409638554217	0.289156626506024	0.349397590361446	0.072289156626506	0.0240963855421687	0	0.337349397590361	0.481927710843373	0.204819277108434	0	0.036144578313253	0.132530120481928	0.132530120481928	0.240963855421687	0.0564413098852044	0.033740625173068	0.0182517998814866
0.032258064516129	0.032258064516129	0.129032258064516	0.118279569892473	0.258064516129032	0.139784946236559	0.0537634408602151	0	0.150537634408602	0.290322580645161	0.21505376344086	0.0645161290322581	0.021505376344086	0.043010752688172	0.182795698924731	0.268652543109504	0.160600538458187	0.0868759506903735
0.0727272727272727	0.0727272727272727	0.0727272727272727	0.0727272727272727	0.218181818181818	0.381818181818182	0.0181818181818182	0.0363636363636364	0.0363636363636364	0.181818181818182	0.563636363636364	0.127272727272727	0	0	0	0.0473194820249694	0.0282875948420671	0.0153020140420544
0.0806451612903226	0.0483870967741935	0.0483870967741935	0	0.0806451612903226	0.451612903225806	0.209677419354839	0.112903225806452	0	0.032258064516129	0.112903225806452	0.612903225806452	0.451612903225806	0.0161290322580645	1.2258064516129	0.0503723518330319	0.0301126009609102	0.016289240754445
0.0212765957446809	0.0212765957446809	0.106382978723404	0	0	0.0851063829787234	0.234042553191489	0.25531914893617	0	0	0.0425531914893617	0.106382978723404	0.829787234042553	0.127659574468085	0	0.0110747723888226	0.00662050092048379	0.00358132243537444
0.0571428571428571	0.0285714285714286	0	0.0285714285714286	0	0.0571428571428571	0.228571428571429	0.228571428571429	0.0571428571428571	0	0.0285714285714286	0.0571428571428571	0.371428571428571	0.514285714285714	0.0571428571428571	0.029743674415695	0.0177807739007279	0.00961840882643421
0	0.37037037037037	0.0740740740740741	0.037037037037037	0.0740740740740741	0.111111111111111	0	0.555555555555556	0.555555555555556	0.259259259259259	0.148148148148148	0	0	0.518518518518518	0.481481481481481	0.0963915374582709	0.0576228783819886	0.0311707693449257
0	0.05	0.05	0.05	0.1	0.1	0	0.025	0.1	0.075	0.35	0.275	0.35	0.275	0.1	0.364360011592264	0.217814480283917	0.117825508123819
0	0.05	0.05	0.05	0.1	0.1	0	0.025	0.1	0.075	0.35	0.275	0.35	0.275	0.1	0.364360011592264	0.217814480283917	0.117825508123819
0	0.05	0.05	0.05	0.1	0.1	0	0.025	0.1	0.075	0.35	0.275	0.35	0.275	0.1	0.364360011592264	0.217814480283917	0.117825508123819
