0.0350877192982456	0	0.105263157894737	0.0175438596491228	0.0526315789473684	0.596491228070175	0.894736842105263	0.543859649122807	0.0350877192982456	0.192982456140351	0.315789473684211	0.333333333333333	0.421052631578947	0.298245614035088	0.087719298245614	0.0547909791868066	0.0327540571855514	0.0177181215223788
0	0.0344827586206897	0.103448275862069	0	0	0	0.603448275862069	0.982758620689655	0.120689655172414	0.0517241379310345	0	0.258620689655172	0.396551724137931	0.5	0.189655172413793	0.0179487690439539	0.0107297773538875	0.00580421222284823
0	0.0217391304347826	0.0869565217391304	0.152173913043478	0	0.0217391304347826	0.108695652173913	0.782608695652174	0.652173913043478	0.130434782608696	0.239130434782609	0.0434782608695652	0.130434782608696	0.456521739130435	0.0652173913043478	0.0565776415515938	0.0338221242676889	0.0182958863546303
0	0.0169491525423729	0.0169491525423729	0.0677966101694915	0	0	0	0.169491525423729	0.389830508474576	0.440677966101695	0.186440677966102	0.406779661016949	0.135593220338983	0.101694915254237	0.0847457627118644	0.185267802504541	0.110753125568093	0.0599112753171961
0.043010752688172	0	0.021505376344086	0	0.0860215053763441	0.161290322580645	0.032258064516129	0	0.258064516129032	0.462365591397849	0.387096774193548	0.204301075268817	0.204301075268817	0.032258064516129	0.0537634408602151	0.0951477756846158	0.0568793573706081	0.0307685658695073
0.213333333333333	0	0	0.0133333333333333	0.0266666666666667	0.266666666666667	0.0133333333333333	0.0266666666666667	0.0133333333333333	0.146666666666667	0.386666666666667	0.626666666666667	0.16	0.0666666666666667	0	0	0	0
0.225806451612903	0.32258064516129	0.0483870967741935	0	0.0483870967741935	0.032258064516129	0.580645161290323	0.258064516129032	0.032258064516129	0	0.161290322580645	0.209677419354839	0.32258064516129	0.0645161290322581	0	0.00839539197217199	0.00501876682681836	0.00271487345907417
0.106666666666667	0.226666666666667	0.413333333333333	0.0266666666666667	0	0.0133333333333333	0.173333333333333	0.44	0.146666666666667	0.133333333333333	0.0133333333333333	0.04	0.32	0.173333333333333	0.16	0	0	0
0.0240963855421687	0.0963855421686747	0.409638554216867	0.180722891566265	0.072289156626506	0.0843373493975904	0	0.55421686746988	0.578313253012048	0.228915662650602	0	0.0843373493975904	0.156626506024096	0.180722891566265	0.289156626506024	0.0564413098852044	0.033740625173068	0.0182517998814866
0.032258064516129	0.021505376344086	0.139784946236559	0.10752688172043	0.279569892473118	0.0645161290322581	0.010752688172043	0	0.118279569892473	0.365591397849462	0.161290322580645	0.0967741935483871	0.0645161290322581	0.0645161290322581	0.193548387096774	0.11193855962896	0.0669168910242448	0.0361983127876556
0.0545454545454545	0.0363636363636364	0.0727272727272727	0.0909090909090909	0.109090909090909	0.327272727272727	0.0181818181818182	0	0.0545454545454545	0.181818181818182	0.418181818181818	0.2	0.0181818181818182	0	0	0.0662472748349571	0.039602632778894	0.0214228196588762
0.0645161290322581	0.0161290322580645	0.0483870967741935	0	0.112903225806452	0.290322580645161	0.112903225806452	0.145161290322581	0.0161290322580645	0	0.0806451612903226	0.516129032258065	0.145161290322581	0.032258064516129	0.0161290322580645	0.444955774525115	0.265994641821373	0.143888293330931
0.0212765957446809	0	0.0851063829787234	0	0.0638297872340425	0.127659574468085	0.191489361702128	0.148936170212766	0	0.0425531914893617	0.106382978723404	0.319148936170213	0.659574468085106	0.191489361702128	0.0425531914893617	0.188271130609985	0.112548515648224	0.0608824814013655
0.0571428571428571	0.0857142857142857	0	0.0285714285714286	0.0285714285714286	0.142857142857143	0.342857142857143	0.314285714285714	0.142857142857143	0	0.0285714285714286	0.0571428571428571	0.0285714285714286	0.457142857142857	0.114285714285714	0.0743591860392376	0.0444519347518198	0.0240460220660855
0	0.259259259259259	0.148148148148148	0.148148148148148	0.0740740740740741	0.0740740740740741	0	0.407407407407407	0.666666666666667	0.222222222222222	0.185185185185185	0.037037037037037	0.037037037037037	0.222222222222222	0.518518518518518	0.0578349224749626	0.0345737270291931	0.0187024616069554
0	0.025	0.1	0.025	0.075	0.025	0	0	0.075	0.15	0.2	0.15	0.325	0.275	0.15	0.247244293580465	0.147802683049801	0.0799530233697343
0	0.025	0.1	0.025	0.075	0.025	0	0	0.075	0.15	0.2	0.15	0.325	0.275	0.15	0.247244293580465	0.147802683049801	0.0799530233697343
0	0.025	0.1	0.025	0.075	0.025	0	0	0.075	0.15	0.2	0.15	0.325	0.275	0.15	0.247244293580465	0.147802683049801	0.0799530233697343
