0	0	0.0701754385964912	0.0175438596491228	0	0.421052631578947	1.03508771929825	0.508771929824561	0.0350877192982456	0.12280701754386	0.175438596491228	0.385964912280702	0.508771929824561	0.263157894736842	0.0350877192982456	0	0	0
0	0.0344827586206897	0.0344827586206897	0	0.0344827586206897	0.172413793103448	0.655172413793103	0.655172413793103	0.103448275862069	0.0517241379310345	0	0.293103448275862	0.482758620689655	0.551724137931034	0.0517241379310345	0	0	0
0	0.0217391304347826	0.0652173913043478	0.0869565217391304	0	0.0217391304347826	0.304347826086957	0.782608695652174	0.239130434782609	0.260869565217391	0.239130434782609	0.0652173913043478	0.108695652173913	0.282608695652174	0	0.0226310566206375	0.0135288497070756	0.00731835454185211
0	0	0.0508474576271186	0.0847457627118644	0	0	0	0.0508474576271186	0.338983050847458	0.593220338983051	0.135593220338983	0.305084745762712	0.0508474576271186	0.101694915254237	0.11864406779661	0.202912355124021	0.121301042288864	0.065617111061691
0.0537634408602151	0	0.021505376344086	0	0.0537634408602151	0.150537634408602	0.021505376344086	0	0.225806451612903	0.462365591397849	0.462365591397849	0.258064516129032	0.182795698924731	0.021505376344086	0.0752688172043011	0.0839539197217199	0.0501876682681836	0.0271487345907417
0.08	0.0133333333333333	0	0.0133333333333333	0.0266666666666667	0.186666666666667	0.0933333333333333	0.0533333333333333	0	0.106666666666667	0.373333333333333	0.653333333333333	0.12	0.0533333333333333	0	0.013880381393991	0.00829769448700635	0.0044885907856693
0.354838709677419	0.274193548387097	0.0806451612903226	0	0.0161290322580645	0.161290322580645	0.661290322580645	0.274193548387097	0.0161290322580645	0	0.0161290322580645	0.290322580645161	0.209677419354839	0.17741935483871	0	0	0	0
0.0533333333333333	0.16	0.32	0.04	0	0.04	0.16	0.346666666666667	0.16	0.0666666666666667	0.0266666666666667	0.0533333333333333	0.266666666666667	0.293333333333333	0.173333333333333	0	0	0
0.0481927710843374	0.0481927710843374	0.349397590361446	0.204819277108434	0.108433734939759	0.0120481927710843	0	0.180722891566265	0.530120481927711	0.168674698795181	0	0.036144578313253	0.108433734939759	0.180722891566265	0.27710843373494	0.062712566539116	0.0374895835256311	0.0202797776460962
0.010752688172043	0.0645161290322581	0.129032258064516	0.193548387096774	0.204301075268817	0.0752688172043011	0.021505376344086	0	0.193548387096774	0.344086021505376	0.193548387096774	0.0645161290322581	0.010752688172043	0.0967741935483871	0.290322580645161	0.134326271554752	0.0803002692290937	0.0434379753451867
0.0727272727272727	0.0909090909090909	0.127272727272727	0.0545454545454545	0.127272727272727	0.4	0.0363636363636364	0.0181818181818182	0.0727272727272727	0.145454545454545	0.563636363636364	0.218181818181818	0.0545454545454545	0	0	0.0189277928099877	0.0113150379368268	0.00612080561682177
0.032258064516129	0.0483870967741935	0.0161290322580645	0	0.129032258064516	0.306451612903226	0.225806451612903	0.0161290322580645	0	0.0161290322580645	0.209677419354839	0.790322580645161	0.193548387096774	0.0483870967741935	0.0483870967741935	0.159512447471268	0.0953565697095488	0.0515825957224093
0.0425531914893617	0	0.127659574468085	0.0212765957446809	0	0.127659574468085	0.191489361702128	0.319148936170213	0	0	0.106382978723404	0.127659574468085	0.680851063829787	0.106382978723404	0	0.0553738619441131	0.033102504602419	0.0179066121768722
0.0571428571428571	0.0285714285714286	0.0285714285714286	0	0	0.0857142857142857	0.0857142857142857	0.428571428571429	0.0285714285714286	0	0.0285714285714286	0.0571428571428571	0.171428571428571	0.714285714285714	0.142857142857143	0.0594873488313901	0.0355615478014558	0.0192368176528684
0	0.111111111111111	0.037037037037037	0.037037037037037	0.111111111111111	0	0	0.259259259259259	0.518518518518518	0.111111111111111	0.148148148148148	0.037037037037037	0	0.333333333333333	0.592592592592593	0.0192783074916542	0.0115245756763977	0.00623415386898513
0	0.025	0.05	0.025	0.15	0.025	0	0.05	0.075	0.35	0.325	0.175	0.1	0.15	0.2	0.208205720909865	0.124465417305095	0.0673288617850395
0	0.025	0.05	0.025	0.15	0.025	0	0.05	0.075	0.35	0.325	0.175	0.1	0.15	0.2	0.208205720909865	0.124465417305095	0.0673288617850395
0	0.025	0.05	0.025	0.15	0.025	0	0.05	0.075	0.35	0.325	0.175	0.1	0.15	0.2	0.208205720909865	0.124465417305095	0.0673288617850395
