0.0175438596491228	0.0175438596491228	0.0526315789473684	0.0175438596491228	0	0.385964912280702	1.05263157894737	0.56140350877193	0.0526315789473684	0.105263157894737	0.175438596491228	0.368421052631579	0.456140350877193	0.43859649122807	0.105263157894737	0.0182636597289355	0.0109180190618505	0.0059060405074596
0	0.103448275862069	0.103448275862069	0	0.0172413793103448	0.172413793103448	0.448275862068966	0.931034482758621	0.0862068965517241	0.103448275862069	0	0.189655172413793	0.482758620689655	0.275862068965517	0.103448275862069	0.0179487690439539	0.0107297773538875	0.00580421222284823
0	0.0434782608695652	0.152173913043478	0.0869565217391304	0	0	0.0869565217391304	0.456521739130435	0.58695652173913	0.521739130434783	0.173913043478261	0.0652173913043478	0.108695652173913	0.304347826086957	0.130434782608696	0.0678931698619126	0.0405865491212267	0.0219550636255563
0	0.0169491525423729	0	0.0338983050847458	0.0169491525423729	0	0	0.101694915254237	0.440677966101695	0.508474576271186	0.203389830508475	0.355932203389831	0.0508474576271186	0.0508474576271186	0.0508474576271186	0.220556907743501	0.131848959009635	0.0713229468061859
0.032258064516129	0	0	0	0.021505376344086	0.0645161290322581	0.021505376344086	0	0.10752688172043	0.473118279569892	0.483870967741935	0.236559139784946	0.161290322580645	0.021505376344086	0.032258064516129	0.0335815678886879	0.0200750673072734	0.0108594938362967
0.16	0.0133333333333333	0	0	0.0133333333333333	0.266666666666667	0.04	0.0533333333333333	0.0133333333333333	0.133333333333333	0.413333333333333	0.746666666666667	0.173333333333333	0.0266666666666667	0	0.027760762787982	0.0165953889740127	0.00897718157133859
0.274193548387097	0.290322580645161	0.032258064516129	0	0.0483870967741935	0.145161290322581	0.580645161290323	0.370967741935484	0.0645161290322581	0	0.193548387096774	0.241935483870968	0.241935483870968	0.0967741935483871	0	0.016790783944344	0.0100375336536367	0.00542974691814834
0.0933333333333333	0.346666666666667	0.386666666666667	0.0533333333333333	0	0.0266666666666667	0.213333333333333	0.373333333333333	0.186666666666667	0.0666666666666667	0.0133333333333333	0.0533333333333333	0.36	0.28	0.0266666666666667	0.00694019069699551	0.00414884724350318	0.00224429539283465
0.072289156626506	0.0963855421686747	0.349397590361446	0.265060240963855	0.0481927710843374	0	0	0.216867469879518	0.590361445783133	0.156626506024096	0	0.0481927710843374	0.144578313253012	0.144578313253012	0.192771084337349	0.0438987965773812	0.0262427084679418	0.0141958443522674
0.010752688172043	0.0645161290322581	0.139784946236559	0.150537634408602	0.236559139784946	0.0645161290322581	0.0537634408602151	0	0.161290322580645	0.354838709677419	0.204301075268817	0.0967741935483871	0.010752688172043	0.0967741935483871	0.301075268817204	0.11193855962896	0.0669168910242448	0.0361983127876556
0.0181818181818182	0.0363636363636364	0.0545454545454545	0	0.109090909090909	0.290909090909091	0.0181818181818182	0.0363636363636364	0	0.145454545454545	0.472727272727273	0.236363636363636	0	0	0	0.0662472748349571	0.039602632778894	0.0214228196588762
0.0967741935483871	0	0.0483870967741935	0	0.0161290322580645	0.338709677419355	0.161290322580645	0.161290322580645	0.032258064516129	0.0645161290322581	0.129032258064516	0.629032258064516	0.290322580645161	0.0483870967741935	1.2258064516129	0.0923493116938919	0.055206435095002	0.0298636080498159
0	0.0212765957446809	0.0212765957446809	0.0212765957446809	0.0425531914893617	0.127659574468085	0.170212765957447	0.106382978723404	0	0.0212765957446809	0	0.106382978723404	0.702127659574468	0.234042553191489	0.0638297872340425	0.0442990895552905	0.0264820036819352	0.0143252897414978
0.0571428571428571	0.0571428571428571	0.114285714285714	0.0571428571428571	0	0.114285714285714	0.314285714285714	0.514285714285714	0.0571428571428571	0.0571428571428571	0.0285714285714286	0.2	0.314285714285714	0.542857142857143	0.257142857142857	0.029743674415695	0.0177807739007279	0.00961840882643421
0.037037037037037	0.111111111111111	0.0740740740740741	0.0740740740740741	0.0740740740740741	0.111111111111111	0.111111111111111	0.296296296296296	0.148148148148148	0.222222222222222	0.333333333333333	0	0.0740740740740741	0.222222222222222	0.444444444444444	0.192783074916542	0.115245756763977	0.0623415386898513
0	0	0	0.025	0.05	0.2	0	0.025	0.05	0.175	0.05	0.3	0.175	0.05	0.175	0.429424299376597	0.256709923191759	0.138865777431644
0	0	0	0.025	0.05	0.2	0	0.025	0.05	0.175	0.05	0.3	0.175	0.05	0.175	0.429424299376597	0.256709923191759	0.138865777431644
0	0	0	0.025	0.05	0.2	0	0.025	0.05	0.175	0.05	0.3	0.175	0.05	0.175	0.429424299376597	0.256709923191759	0.138865777431644
