0	0.0175438596491228	0.105263157894737	0.0175438596491228	0	0.508771929824561	1.14035087719298	0.43859649122807	0.0350877192982456	0.105263157894737	0.175438596491228	0.403508771929825	0.649122807017544	0.350877192982456	0.087719298245614	0.0639228090512744	0.0382130667164766	0.0206711417761086
0	0.0517241379310345	0.0517241379310345	0	0.0172413793103448	0.0862068965517241	0.603448275862069	0.844827586206897	0.155172413793103	0.0517241379310345	0	0.224137931034483	0.431034482758621	0.448275862068966	0.172413793103448	0.00897438452197695	0.00536488867694376	0.00290210611142411
0	0.0434782608695652	0.195652173913043	0.130434782608696	0	0.0434782608695652	0.0652173913043478	0.891304347826087	0.391304347826087	0.195652173913043	0.0869565217391304	0.0217391304347826	0.0869565217391304	0.347826086956522	0.0434782608695652	0.101839754792869	0.0608798236818401	0.0329325954383345
0	0.0677966101694915	0.0169491525423729	0.0508474576271186	0.0338983050847458	0	0	0.169491525423729	0.525423728813559	0.593220338983051	0.254237288135593	0.220338983050847	0.0847457627118644	0.169491525423729	0.11864406779661	0.211734631433761	0.126575000649249	0.0684700289339384
0.0752688172043011	0	0	0	0.0645161290322581	0.139784946236559	0	0	0.129032258064516	0.516129032258065	0.408602150537634	0.204301075268817	0.247311827956989	0	0.0537634408602151	0.0615662077959279	0.0368042900633346	0.0199090720332106
0.146666666666667	0	0	0	0	0.293333333333333	0.0266666666666667	0.0533333333333333	0.0266666666666667	0.0533333333333333	0.293333333333333	0.8	0.0933333333333333	0.0266666666666667	0	0.027760762787982	0.0165953889740127	0.00897718157133859
0.306451612903226	0.17741935483871	0.0483870967741935	0	0	0.0806451612903226	0.532258064516129	0.241935483870968	0.0483870967741935	0	0.0806451612903226	0.387096774193548	0.32258064516129	0.0806451612903226	0	0.00839539197217199	0.00501876682681836	0.00271487345907417
0.106666666666667	0.266666666666667	0.36	0.0266666666666667	0	0.0266666666666667	0.226666666666667	0.44	0.133333333333333	0.16	0	0.0933333333333333	0.266666666666667	0.2	0.0666666666666667	0.013880381393991	0.00829769448700635	0.0044885907856693
0.0481927710843374	0.0602409638554217	0.36144578313253	0.216867469879518	0.0843373493975904	0.036144578313253	0	0.409638554216867	0.469879518072289	0.349397590361446	0	0.0602409638554217	0.289156626506024	0.180722891566265	0.27710843373494	0.0376275399234696	0.0224937501153787	0.0121678665876577
0.021505376344086	0.021505376344086	0.10752688172043	0.139784946236559	0.311827956989247	0.0645161290322581	0	0	0.150537634408602	0.43010752688172	0.0967741935483871	0.032258064516129	0.010752688172043	0.0537634408602151	0.150537634408602	0.117535487610408	0.070262735575457	0.0380082284270384
0.0909090909090909	0.0545454545454545	0.0909090909090909	0.0545454545454545	0.145454545454545	0.418181818181818	0.0545454545454545	0.0181818181818182	0.0181818181818182	0.127272727272727	0.6	0.181818181818182	0	0	0	0.075711171239951	0.0452601517473074	0.0244832224672871
0.032258064516129	0.0806451612903226	0.0161290322580645	0	0.0967741935483871	0.435483870967742	0.225806451612903	0.145161290322581	0.032258064516129	0	0.209677419354839	0.693548387096774	0.370967741935484	0.032258064516129	0.0645161290322581	0.29383871902602	0.175656838938643	0.095020571067596
0.0425531914893617	0.0425531914893617	0.0638297872340425	0.0425531914893617	0.0425531914893617	0.191489361702128	0.319148936170213	0.127659574468085	0.0851063829787234	0.0212765957446809	0	0.0425531914893617	0.851063829787234	0.170212765957447	0.0425531914893617	0.0332243171664679	0.0198615027614514	0.0107439673061233
0.0571428571428571	0	0.0285714285714286	0.0857142857142857	0	0.0571428571428571	0.171428571428571	0.371428571428571	0.114285714285714	0	0.0571428571428571	0.0285714285714286	0.0857142857142857	0.771428571428571	0.171428571428571	0.0446155116235426	0.0266711608510919	0.0144276132396513
0	0	0.111111111111111	0.111111111111111	0	0	0	0.037037037037037	0.111111111111111	0.111111111111111	0	0.0740740740740741	0.037037037037037	0.296296296296296	0.407407407407407	0.0578349224749626	0.0345737270291931	0.0187024616069554
0	0.025	0.125	0.025	0.075	0.05	0	0.025	0.225	0.2	0.225	0.225	0.225	0.15	0.1	0.468462872047197	0.280047188936464	0.151489939016339
0	0.025	0.125	0.025	0.075	0.05	0	0.025	0.225	0.2	0.225	0.225	0.225	0.15	0.1	0.468462872047197	0.280047188936464	0.151489939016339
0	0.025	0.125	0.025	0.075	0.05	0	0.025	0.225	0.2	0.225	0.225	0.225	0.15	0.1	0.468462872047197	0.280047188936464	0.151489939016339
