0.0175438596491228	0.0350877192982456	0	0.0175438596491228	0	0.596491228070175	1.10526315789474	0.421052631578947	0.0526315789473684	0.0526315789473684	0.228070175438596	0.403508771929825	0.315789473684211	0.385964912280702	0.0350877192982456	0.0365273194578711	0.0218360381237009	0.0118120810149192
0	0.0689655172413793	0.0517241379310345	0	0.0172413793103448	0.172413793103448	0.53448275862069	0.948275862068966	0.0517241379310345	0.103448275862069	0	0.172413793103448	0.482758620689655	0.344827586206897	0.155172413793103	0.00897438452197695	0.00536488867694376	0.00290210611142411
0	0.0217391304347826	0.347826086956522	0.152173913043478	0	0	0.0652173913043478	0.608695652173913	0.739130434782609	0.347826086956522	0.0434782608695652	0.0217391304347826	0.108695652173913	0.152173913043478	0	0.135786339723825	0.0811730982424535	0.0439101272511127
0	0.0508474576271186	0.0338983050847458	0.101694915254237	0.0169491525423729	0	0	0.101694915254237	0.355932203389831	0.610169491525424	0.169491525423729	0.203389830508475	0.0847457627118644	0.0847457627118644	0.11864406779661	0.132334144646101	0.0791093754057809	0.0427937680837115
0.010752688172043	0	0.021505376344086	0	0.0537634408602151	0.118279569892473	0.0537634408602151	0	0.279569892473118	0.451612903225806	0.408602150537634	0.236559139784946	0.161290322580645	0.0537634408602151	0.032258064516129	0.0671631357773759	0.0401501346145469	0.0217189876725934
0.106666666666667	0.0266666666666667	0	0.0266666666666667	0.0933333333333333	0.266666666666667	0.0666666666666667	0	0	0.0533333333333333	0.466666666666667	0.626666666666667	0.04	0.0533333333333333	0	0.027760762787982	0.0165953889740127	0.00897718157133859
0.274193548387097	0.241935483870968	0.0806451612903226	0	0.032258064516129	0.0967741935483871	0.580645161290323	0.258064516129032	0.0161290322580645	0	0.0161290322580645	0.467741935483871	0.370967741935484	0.112903225806452	0	0.0335815678886879	0.0200750673072734	0.0108594938362967
0.0533333333333333	0.306666666666667	0.24	0	0	0.04	0.2	0.4	0.106666666666667	0.04	0.0266666666666667	0.0533333333333333	0.56	0.146666666666667	0.0933333333333333	0.013880381393991	0.00829769448700635	0.0044885907856693
0.072289156626506	0.0481927710843374	0.409638554216867	0.253012048192771	0.0843373493975904	0	0	0.144578313253012	0.578313253012048	0.156626506024096	0	0	0.0843373493975904	0.204819277108434	0.216867469879518	0.0376275399234696	0.0224937501153787	0.0121678665876577
0.010752688172043	0.0537634408602151	0.21505376344086	0.172043010752688	0.311827956989247	0.0967741935483871	0.0645161290322581	0	0.161290322580645	0.365591397849462	0.236559139784946	0.021505376344086	0.032258064516129	0.0645161290322581	0.193548387096774	0.156713983480544	0.0936836474339427	0.0506776379027179
0.0545454545454545	0.0363636363636364	0.0909090909090909	0.0545454545454545	0.218181818181818	0.418181818181818	0.0545454545454545	0.0181818181818182	0.0545454545454545	0.127272727272727	0.6	0.236363636363636	0.0363636363636364	0	0	0.0473194820249694	0.0282875948420671	0.0153020140420544
0.032258064516129	0.0483870967741935	0	0	0.0967741935483871	0.193548387096774	0.290322580645161	0.0806451612903226	0.0483870967741935	0.032258064516129	0.241935483870968	0.596774193548387	0.209677419354839	0.032258064516129	0.032258064516129	0.0839539197217199	0.0501876682681836	0.0271487345907417
0.0425531914893617	0.0638297872340425	0.0425531914893617	0.0425531914893617	0.0212765957446809	0.170212765957447	0.319148936170213	0.234042553191489	0.0638297872340425	0	0	0.106382978723404	0.680851063829787	0.170212765957447	0.0851063829787234	0	0	0
0.114285714285714	0	0	0.0571428571428571	0.0285714285714286	0	0.257142857142857	0.514285714285714	0.0857142857142857	0	0.0285714285714286	0.0285714285714286	0.142857142857143	0.428571428571429	0.171428571428571	0.0892310232470851	0.0533423217021837	0.0288552264793026
0	0.037037037037037	0.037037037037037	0.0740740740740741	0.037037037037037	0.111111111111111	0	0.111111111111111	0.296296296296296	0.0740740740740741	0.222222222222222	0	0.037037037037037	0.222222222222222	0.407407407407407	0.115669844949925	0.0691474540583863	0.0374049232139108
0	0.025	0.025	0.025	0.025	0.1	0	0.05	0.075	0.15	0.175	0.175	0.1	0.35	0.125	0.299295723807931	0.178919037376074	0.0967852388159942
0	0.025	0.025	0.025	0.025	0.1	0	0.05	0.075	0.15	0.175	0.175	0.1	0.35	0.125	0.299295723807931	0.178919037376074	0.0967852388159942
0	0.025	0.025	0.025	0.025	0.1	0	0.05	0.075	0.15	0.175	0.175	0.1	0.35	0.125	0.299295723807931	0.178919037376074	0.0967852388159942
