0	0.0175438596491228	0.0701754385964912	0.0175438596491228	0.0526315789473684	0.631578947368421	0.929824561403509	0.368421052631579	0.0526315789473684	0.140350877192982	0.228070175438596	0.508771929824561	0.421052631578947	0.245614035087719	0.0526315789473684	0.0273954895934033	0.0163770285927757	0.0088590607611894
0	0.0689655172413793	0.0689655172413793	0	0	0.172413793103448	0.5	0.655172413793103	0.0862068965517241	0.103448275862069	0	0.310344827586207	0.517241379310345	0.53448275862069	0.189655172413793	0.0179487690439539	0.0107297773538875	0.00580421222284823
0	0.0434782608695652	0.173913043478261	0.0869565217391304	0.0434782608695652	0	0.0869565217391304	0.630434782608696	0.347826086956522	0.456521739130435	0.0869565217391304	0.0869565217391304	0.130434782608696	0.565217391304348	0.0434782608695652	0.0792086981722313	0.0473509739747645	0.0256142408964824
0	0.0338983050847458	0	0.0508474576271186	0.0169491525423729	0	0	0.0847457627118644	0.491525423728814	0.610169491525424	0.101694915254237	0.254237288135593	0.11864406779661	0.152542372881356	0.0169491525423729	0.185267802504541	0.110753125568093	0.0599112753171961
0.043010752688172	0	0.0537634408602151	0	0.0967741935483871	0.247311827956989	0.010752688172043	0	0.182795698924731	0.440860215053763	0.344086021505376	0.333333333333333	0.204301075268817	0.010752688172043	0.032258064516129	0.0559692798144799	0.0334584455121224	0.0180991563938278
0.146666666666667	0.0133333333333333	0	0.0266666666666667	0.0666666666666667	0.266666666666667	0.0933333333333333	0	0.0266666666666667	0.0666666666666667	0.6	0.6	0.133333333333333	0.0266666666666667	0	0.0555215255759641	0.0331907779480254	0.0179543631426772
0.32258064516129	0.419354838709677	0	0	0.0161290322580645	0.17741935483871	0.645161290322581	0.258064516129032	0.0161290322580645	0	0.0161290322580645	0.241935483870968	0.564516129032258	0.0483870967741935	0	0	0	0
0.133333333333333	0.28	0.16	0	0	0.0133333333333333	0.186666666666667	0.306666666666667	0.0533333333333333	0.0933333333333333	0	0.08	0.32	0.133333333333333	0.133333333333333	0.0208205720909865	0.0124465417305095	0.00673288617850395
0.036144578313253	0.036144578313253	0.337349397590361	0.349397590361446	0.072289156626506	0	0	0.240963855421687	0.457831325301205	0.228915662650602	0	0.0602409638554217	0.0843373493975904	0.156626506024096	0.204819277108434	0.0376275399234696	0.0224937501153787	0.0121678665876577
0	0.0537634408602151	0.204301075268817	0.118279569892473	0.290322580645161	0.0645161290322581	0.0645161290322581	0	0.193548387096774	0.43010752688172	0.182795698924731	0.0752688172043011	0.021505376344086	0.043010752688172	0.172043010752688	0.0447754238515839	0.0267667564096979	0.0144793251150622
0.127272727272727	0.0363636363636364	0.0727272727272727	0.0909090909090909	0.163636363636364	0.454545454545455	0.0181818181818182	0.0181818181818182	0.0545454545454545	0.272727272727273	0.4	0.218181818181818	0.0363636363636364	0	0	0.0189277928099877	0.0113150379368268	0.00612080561682177
0.0806451612903226	0.032258064516129	0.032258064516129	0	0.032258064516129	0.419354838709677	0.161290322580645	0.145161290322581	0	0	0.129032258064516	0.629032258064516	0.209677419354839	0.0161290322580645	0.032258064516129	0.29383871902602	0.175656838938643	0.095020571067596
0	0	0.0851063829787234	0.0212765957446809	0.0425531914893617	0.0638297872340425	0.191489361702128	0.212765957446809	0.0638297872340425	0.0425531914893617	0.106382978723404	0.191489361702128	0.51063829787234	0.234042553191489	0	0.0442990895552905	0.0264820036819352	0.0143252897414978
0.114285714285714	0.0285714285714286	0.0285714285714286	0	0	0.114285714285714	0.0571428571428571	0.342857142857143	0.0571428571428571	0	0.0571428571428571	0.0571428571428571	0.228571428571429	0.485714285714286	0.171428571428571	0.0148718372078475	0.00889038695036395	0.0048092044132171
0	0.222222222222222	0.259259259259259	0.037037037037037	0.0740740740740741	0	0	0.62962962962963	0.481481481481481	0.259259259259259	0.037037037037037	0.0740740740740741	0.037037037037037	0.481481481481481	0.481481481481481	0.0192783074916542	0.0115245756763977	0.00623415386898513
0	0.05	0.075	0.025	0.05	0.125	0	0.1	0.15	0.15	0.2	0.375	0.15	0.375	0.125	0.299295723807931	0.178919037376074	0.0967852388159942
0	0.05	0.075	0.025	0.05	0.125	0	0.1	0.15	0.15	0.2	0.375	0.15	0.375	0.125	0.299295723807931	0.178919037376074	0.0967852388159942
0	0.05	0.075	0.025	0.05	0.125	0	0.1	0.15	0.15	0.2	0.375	0.15	0.375	0.125	0.299295723807931	0.178919037376074	0.0967852388159942
