0.0350877192982456	0	0	0.0526315789473684	0.0526315789473684	0.684210526315789	0.807017543859649	0.315789473684211	0.105263157894737	0.0701754385964912	0.228070175438596	0.508771929824561	0.315789473684211	0.192982456140351	0.0175438596491228	0.0456591493223389	0.0272950476546262	0.014765101268649
0	0.0689655172413793	0.0344827586206897	0	0	0	0.741379310344828	0.913793103448276	0.137931034482759	0.0517241379310345	0	0.327586206896552	0.206896551724138	0.655172413793103	0.155172413793103	0.0179487690439539	0.0107297773538875	0.00580421222284823
0	0.0217391304347826	0.0869565217391304	0.0434782608695652	0	0	0.130434782608696	0.565217391304348	0.521739130434783	0.391304347826087	0.195652173913043	0.0652173913043478	0.130434782608696	0.369565217391304	0.0217391304347826	0.0905242264825501	0.0541153988283023	0.0292734181674085
0	0.0169491525423729	0	0.0338983050847458	0.0169491525423729	0	0	0.0677966101694915	0.423728813559322	0.423728813559322	0.169491525423729	0.135593220338983	0.101694915254237	0.0677966101694915	0.11864406779661	0.167623249885061	0.100205208847322	0.0542054395727012
0.0752688172043011	0	0.010752688172043	0	0.021505376344086	0.118279569892473	0.021505376344086	0	0.21505376344086	0.376344086021505	0.344086021505376	0.21505376344086	0.182795698924731	0.021505376344086	0.021505376344086	0.02798463990724	0.0167292227560612	0.0090495781969139
0.2	0	0	0.0133333333333333	0.0933333333333333	0.28	0	0.106666666666667	0.0133333333333333	0.08	0.453333333333333	0.733333333333333	0.04	0.08	0	0.0416411441819731	0.0248930834610191	0.0134657723570079
0.209677419354839	0.338709677419355	0.0483870967741935	0	0.032258064516129	0.032258064516129	0.483870967741935	0.241935483870968	0	0	0.032258064516129	0.419354838709677	0.451612903225806	0.161290322580645	0	0.0419769598608599	0.0250938341340918	0.0135743672953709
0.0933333333333333	0.2	0.493333333333333	0.0266666666666667	0	0	0.2	0.493333333333333	0.173333333333333	0.0666666666666667	0.0266666666666667	0.0266666666666667	0.426666666666667	0.0933333333333333	0.0533333333333333	0	0	0
0	0.036144578313253	0.325301204819277	0.289156626506024	0.072289156626506	0	0	0.192771084337349	0.481927710843373	0.192771084337349	0	0	0.180722891566265	0.204819277108434	0.265060240963855	0.0689838231930276	0.0412385418781942	0.0223077554107058
0.021505376344086	0.021505376344086	0.204301075268817	0.0967741935483871	0.387096774193548	0.0645161290322581	0.043010752688172	0	0.204301075268817	0.440860215053763	0.204301075268817	0.0537634408602151	0.021505376344086	0.118279569892473	0.182795698924731	0.151117055499096	0.0903378028827305	0.0488677222633351
0.0545454545454545	0.0909090909090909	0.163636363636364	0.0727272727272727	0.0909090909090909	0.4	0.0727272727272727	0.0727272727272727	0.0545454545454545	0.0909090909090909	0.545454545454545	0.163636363636364	0.0181818181818182	0	0	0.0946389640499388	0.0565751896841342	0.0306040280841088
0.0483870967741935	0.032258064516129	0.032258064516129	0	0.0967741935483871	0.32258064516129	0.209677419354839	0.0967741935483871	0.032258064516129	0.032258064516129	0.145161290322581	0.854838709677419	0.274193548387097	0.0483870967741935	0.629032258064516	0.461746558469459	0.27603217547501	0.149318040249079
0	0	0.0851063829787234	0.0425531914893617	0.0638297872340425	0.0638297872340425	0.382978723404255	0.191489361702128	0	0.0425531914893617	0.0851063829787234	0.276595744680851	0.808510638297872	0.212765957446809	0	0.0775234067217583	0.0463435064433865	0.0250692570476211
0.114285714285714	0.0285714285714286	0.142857142857143	0.0285714285714286	0	0.0285714285714286	0.0857142857142857	0.428571428571429	0.114285714285714	0.0285714285714286	0.0285714285714286	0.0857142857142857	0.0857142857142857	0.885714285714286	0.371428571428571	0.0594873488313901	0.0355615478014558	0.0192368176528684
0	0.333333333333333	0	0.0740740740740741	0.111111111111111	0.037037037037037	0	0.37037037037037	0.444444444444444	0.259259259259259	0.0740740740740741	0	0.148148148148148	0.37037037037037	0.555555555555556	0.0963915374582709	0.0576228783819886	0.0311707693449257
0	0	0.025	0	0.15	0.05	0	0	0	0.2	0.25	0.45	0.3	0.225	0.225	0.598591447615863	0.357838074752149	0.193570477631988
0	0	0.025	0	0.15	0.05	0	0	0	0.2	0.25	0.45	0.3	0.225	0.225	0.598591447615863	0.357838074752149	0.193570477631988
0	0	0.025	0	0.15	0.05	0	0	0	0.2	0.25	0.45	0.3	0.225	0.225	0.598591447615863	0.357838074752149	0.193570477631988
