0.0350877192982456	0	0.0350877192982456	0	0.0526315789473684	0.491228070175439	1.07017543859649	0.385964912280702	0	0.0526315789473684	0.140350877192982	0.350877192982456	0.421052631578947	0.315789473684211	0.0175438596491228	0.0639228090512744	0.0382130667164766	0.0206711417761086
0	0	0.103448275862069	0	0	0	0.741379310344828	1.08620689655172	0.0689655172413793	0.0344827586206897	0	0.172413793103448	0.5	0.568965517241379	0.172413793103448	0.00897438452197695	0.00536488867694376	0.00290210611142411
0	0.0434782608695652	0	0.0869565217391304	0	0.0217391304347826	0.108695652173913	0.543478260869565	0.5	0.521739130434783	0.0652173913043478	0.0652173913043478	0.130434782608696	0.565217391304348	0.0217391304347826	0.0226310566206375	0.0135288497070756	0.00731835454185211
0	0.0508474576271186	0	0.0338983050847458	0.0169491525423729	0	0	0.11864406779661	0.627118644067797	0.355932203389831	0.305084745762712	0.152542372881356	0.135593220338983	0.135593220338983	0.0508474576271186	0.141156420955841	0.0843833337661663	0.045646685955959
0.021505376344086	0	0.021505376344086	0	0.021505376344086	0.139784946236559	0.021505376344086	0	0.193548387096774	0.43010752688172	0.333333333333333	0.301075268817204	0.193548387096774	0.021505376344086	0.043010752688172	0.0447754238515839	0.0267667564096979	0.0144793251150622
0.213333333333333	0.0266666666666667	0	0.0133333333333333	0.0533333333333333	0.226666666666667	0.0533333333333333	0.0533333333333333	0	0.16	0.413333333333333	0.52	0.146666666666667	0.0266666666666667	0	0.013880381393991	0.00829769448700635	0.0044885907856693
0.290322580645161	0.290322580645161	0.0645161290322581	0	0.032258064516129	0.17741935483871	0.596774193548387	0.403225806451613	0.0645161290322581	0	0.17741935483871	0.290322580645161	0.17741935483871	0.112903225806452	0	0.00839539197217199	0.00501876682681836	0.00271487345907417
0.0933333333333333	0.266666666666667	0.373333333333333	0.0533333333333333	0	0.0266666666666667	0.146666666666667	0.52	0.106666666666667	0.08	0.0133333333333333	0.0266666666666667	0.28	0.226666666666667	0.0266666666666667	0	0	0
0.0481927710843374	0.144578313253012	0.301204819277108	0.240963855421687	0.072289156626506	0.036144578313253	0	0.795180722891566	0.337349397590361	0.337349397590361	0	0.144578313253012	0.120481927710843	0.144578313253012	0.373493975903614	0.0376275399234696	0.0224937501153787	0.0121678665876577
0.021505376344086	0.032258064516129	0.161290322580645	0.10752688172043	0.290322580645161	0.0537634408602151	0.032258064516129	0	0.172043010752688	0.419354838709677	0.139784946236559	0.0537634408602151	0.043010752688172	0.0752688172043011	0.0537634408602151	0.0503723518330319	0.0301126009609102	0.016289240754445
0.0545454545454545	0.0363636363636364	0.0909090909090909	0.0909090909090909	0.181818181818182	0.327272727272727	0.0727272727272727	0.0181818181818182	0.0545454545454545	0.2	0.527272727272727	0.218181818181818	0.0363636363636364	0	0	0.0473194820249694	0.0282875948420671	0.0153020140420544
0.161290322580645	0.032258064516129	0	0	0.0483870967741935	0.580645161290323	0.145161290322581	0.0967741935483871	0.0161290322580645	0.0161290322580645	0.145161290322581	0.564516129032258	0.32258064516129	0.032258064516129	0.629032258064516	0.109140095638236	0.0652439687486387	0.0352933549679642
0	0.0425531914893617	0.148936170212766	0.0212765957446809	0.0425531914893617	0.106382978723404	0.319148936170213	0.191489361702128	0	0	0.0212765957446809	0.127659574468085	0.702127659574468	0.276595744680851	0.0851063829787234	0.0996729514994036	0.0595845082843541	0.0322319019183699
0.0571428571428571	0	0.114285714285714	0.0857142857142857	0.0285714285714286	0.0571428571428571	0.228571428571429	0.228571428571429	0.0571428571428571	0.0571428571428571	0.0285714285714286	0.114285714285714	0.2	0.742857142857143	0.428571428571429	0.0148718372078475	0.00889038695036395	0.0048092044132171
0	0.0740740740740741	0.0740740740740741	0	0.148148148148148	0.148148148148148	0.0740740740740741	0.185185185185185	0.148148148148148	0.222222222222222	0.185185185185185	0	0.037037037037037	0.259259259259259	0.37037037037037	0.0771132299666168	0.0460983027055909	0.0249366154759405
0	0.05	0.05	0.05	0.075	0.025	0	0	0.175	0.175	0.625	0.525	0.6	0.4	0.25	0.884874313866927	0.528978023546655	0.286147662586418
0	0.05	0.05	0.05	0.075	0.025	0	0	0.175	0.175	0.625	0.525	0.6	0.4	0.25	0.884874313866927	0.528978023546655	0.286147662586418
0	0.05	0.05	0.05	0.075	0.025	0	0	0.175	0.175	0.625	0.525	0.6	0.4	0.25	0.884874313866927	0.528978023546655	0.286147662586418
