0	0.0350877192982456	0.0175438596491228	0.0175438596491228	0.0350877192982456	0.456140350877193	1.03508771929825	0.491228070175439	0.0350877192982456	0.0701754385964912	0.192982456140351	0.350877192982456	0.596491228070175	0.315789473684211	0.0175438596491228	0.0456591493223389	0.0272950476546262	0.014765101268649
0	0.0689655172413793	0.0862068965517241	0	0	0.172413793103448	0.517241379310345	1.08620689655172	0.0862068965517241	0.0344827586206897	0	0.275862068965517	0.551724137931034	0.310344827586207	0.120689655172414	0.00897438452197695	0.00536488867694376	0.00290210611142411
0	0	0.0652173913043478	0.0652173913043478	0	0	0.260869565217391	0.608695652173913	0.347826086956522	0.41304347826087	0.239130434782609	0.0652173913043478	0.260869565217391	0.195652173913043	0.0434782608695652	0.101839754792869	0.0608798236818401	0.0329325954383345
0	0.0338983050847458	0.0508474576271186	0.0677966101694915	0.0169491525423729	0	0	0.0847457627118644	0.610169491525424	0.389830508474576	0.23728813559322	0.169491525423729	0.0677966101694915	0.0847457627118644	0.0847457627118644	0.167623249885061	0.100205208847322	0.0542054395727012
0	0	0.021505376344086	0	0.021505376344086	0.129032258064516	0.032258064516129	0	0.193548387096774	0.473118279569892	0.526881720430108	0.172043010752688	0.161290322580645	0.032258064516129	0.0752688172043011	0.0671631357773759	0.0401501346145469	0.0217189876725934
0.0933333333333333	0.04	0	0	0.0266666666666667	0.28	0.08	0.0533333333333333	0.0133333333333333	0.0666666666666667	0.36	0.56	0.0266666666666667	0.08	0	0.027760762787982	0.0165953889740127	0.00897718157133859
0.290322580645161	0.274193548387097	0.0645161290322581	0	0.0806451612903226	0.0806451612903226	0.467741935483871	0.209677419354839	0	0	0.161290322580645	0.32258064516129	0.306451612903226	0.17741935483871	0	0.025186175916516	0.0150563004804551	0.00814462037722251
0.12	0.28	0.453333333333333	0.0133333333333333	0	0.0133333333333333	0.186666666666667	0.4	0.12	0.12	0.0533333333333333	0.0666666666666667	0.373333333333333	0.186666666666667	0.0666666666666667	0.013880381393991	0.00829769448700635	0.0044885907856693
0.0481927710843374	0.0843373493975904	0.36144578313253	0.240963855421687	0.072289156626506	0.036144578313253	0	0.433734939759036	0.590361445783133	0.240963855421687	0	0.0963855421686747	0.0963855421686747	0.192771084337349	0.301204819277108	0.0752550798469392	0.0449875002307573	0.0243357331753155
0.0537634408602151	0.021505376344086	0.204301075268817	0.172043010752688	0.301075268817204	0.150537634408602	0.021505376344086	0	0.129032258064516	0.419354838709677	0.247311827956989	0.043010752688172	0.0537634408602151	0.0860215053763441	0.193548387096774	0.162310911461992	0.0970294919851549	0.0524875535421006
0.0545454545454545	0.0545454545454545	0.0727272727272727	0.109090909090909	0.109090909090909	0.418181818181818	0.0363636363636364	0.0181818181818182	0.0909090909090909	0.109090909090909	0.581818181818182	0.181818181818182	0.0181818181818182	0	0	0.0567833784299632	0.0339451138104805	0.0183624168504653
0.0806451612903226	0.0161290322580645	0	0	0.0483870967741935	0.403225806451613	0.161290322580645	0.0645161290322581	0.0161290322580645	0.0161290322580645	0.145161290322581	0.645161290322581	0.241935483870968	0.032258064516129	0.629032258064516	0.0671631357773759	0.0401501346145469	0.0217189876725934
0	0.0851063829787234	0.0851063829787234	0	0.0425531914893617	0.127659574468085	0.191489361702128	0.234042553191489	0.0212765957446809	0.0425531914893617	0.0425531914893617	0.0851063829787234	0.659574468085106	0.25531914893617	0.0212765957446809	0.166121585832339	0.0993075138072569	0.0537198365306166
0.0571428571428571	0.0285714285714286	0	0	0.0285714285714286	0.171428571428571	0.285714285714286	0.285714285714286	0.0857142857142857	0	0.0571428571428571	0.0571428571428571	0.285714285714286	0.485714285714286	0.114285714285714	0.0594873488313901	0.0355615478014558	0.0192368176528684
0	0	0.037037037037037	0	0.037037037037037	0.037037037037037	0.0740740740740741	0.111111111111111	0.0740740740740741	0.111111111111111	0.111111111111111	0	0	0.185185185185185	0.296296296296296	0.0963915374582709	0.0576228783819886	0.0311707693449257
0	0	0.025	0.025	0.125	0.1	0	0.025	0	0.225	0.375	0.2	0.125	0.15	0.15	0.377372869149131	0.225593568865485	0.122033561985384
0	0	0.025	0.025	0.125	0.1	0	0.025	0	0.225	0.375	0.2	0.125	0.15	0.15	0.377372869149131	0.225593568865485	0.122033561985384
0	0	0.025	0.025	0.125	0.1	0	0.025	0	0.225	0.375	0.2	0.125	0.15	0.15	0.377372869149131	0.225593568865485	0.122033561985384
