0.0175438596491228	0.0175438596491228	0.0526315789473684	0	0.0175438596491228	0.315789473684211	1.28070175438596	0.526315789473684	0.0350877192982456	0.087719298245614	0.0350877192982456	0.473684210526316	0.719298245614035	0.385964912280702	0.0526315789473684	0.0639228090512744	0.0382130667164766	0.0206711417761086
0	0.0689655172413793	0.0517241379310345	0	0	0	0.482758620689655	1	0.0344827586206897	0.0689655172413793	0	0.137931034482759	0.413793103448276	0.482758620689655	0.0689655172413793	0.00897438452197695	0.00536488867694376	0.00290210611142411
0	0.0217391304347826	0.130434782608696	0.0434782608695652	0.0217391304347826	0.0217391304347826	0.217391304347826	0.717391304347826	0.673913043478261	0.260869565217391	0.0869565217391304	0.0434782608695652	0.0434782608695652	0.304347826086957	0.108695652173913	0.0452621132412751	0.0270576994141512	0.0146367090837042
0	0.0338983050847458	0	0.0338983050847458	0.0169491525423729	0	0	0.152542372881356	0.389830508474576	0.542372881355932	0.23728813559322	0.322033898305085	0.11864406779661	0.101694915254237	0.0677966101694915	0.185267802504541	0.110753125568093	0.0599112753171961
0.032258064516129	0	0.0645161290322581	0	0.043010752688172	0.150537634408602	0.043010752688172	0	0.279569892473118	0.462365591397849	0.451612903225806	0.279569892473118	0.150537634408602	0.043010752688172	0.0752688172043011	0.11193855962896	0.0669168910242448	0.0361983127876556
0.133333333333333	0.0133333333333333	0	0	0.0266666666666667	0.213333333333333	0.0266666666666667	0.0266666666666667	0.0133333333333333	0.04	0.386666666666667	0.493333333333333	0.173333333333333	0.0933333333333333	0	0.0555215255759641	0.0331907779480254	0.0179543631426772
0.258064516129032	0.306451612903226	0.0645161290322581	0	0.0161290322580645	0.0806451612903226	0.661290322580645	0.258064516129032	0.0161290322580645	0	0.112903225806452	0.387096774193548	0.225806451612903	0.112903225806452	0	0.016790783944344	0.0100375336536367	0.00542974691814834
0.04	0.36	0.306666666666667	0.0133333333333333	0	0.0133333333333333	0.16	0.533333333333333	0.12	0.0933333333333333	0	0.0133333333333333	0.36	0.16	0.16	0.00694019069699551	0.00414884724350318	0.00224429539283465
0	0.0240963855421687	0.421686746987952	0.228915662650602	0.120481927710843	0	0	0.289156626506024	0.542168674698795	0.180722891566265	0	0.0602409638554217	0.156626506024096	0.289156626506024	0.289156626506024	0.0501700532312928	0.0299916668205049	0.016223822116877
0.021505376344086	0.0537634408602151	0.129032258064516	0.10752688172043	0.365591397849462	0.032258064516129	0.021505376344086	0	0.204301075268817	0.354838709677419	0.129032258064516	0.0860215053763441	0.0537634408602151	0.118279569892473	0.21505376344086	0.0895508477031679	0.0535335128193958	0.0289586502301245
0	0.0545454545454545	0.0909090909090909	0.0545454545454545	0.0909090909090909	0.363636363636364	0.0363636363636364	0.0363636363636364	0.0181818181818182	0.127272727272727	0.545454545454545	0.218181818181818	0	0	0	0.0473194820249694	0.0282875948420671	0.0153020140420544
0.0806451612903226	0.0645161290322581	0.0161290322580645	0	0.0645161290322581	0.241935483870968	0.241935483870968	0.112903225806452	0	0	0.0806451612903226	0.645161290322581	0.17741935483871	0.0161290322580645	0.0161290322580645	0.503723518330319	0.301126009609102	0.16289240754445
0.0212765957446809	0.0212765957446809	0.0425531914893617	0.0212765957446809	0.0425531914893617	0.191489361702128	0.340425531914894	0.0851063829787234	0	0.0425531914893617	0.0212765957446809	0.297872340425532	0.617021276595745	0.361702127659574	0.0638297872340425	0.0664486343329357	0.0397230055229028	0.0214879346122466
0.0285714285714286	0.0857142857142857	0	0	0.0285714285714286	0	0.2	0.2	0.142857142857143	0	0.0285714285714286	0.0571428571428571	0.0857142857142857	0.428571428571429	0.171428571428571	0.0446155116235426	0.0266711608510919	0.0144276132396513
0	0.037037037037037	0.0740740740740741	0.185185185185185	0.148148148148148	0.111111111111111	0.0740740740740741	0.259259259259259	0.148148148148148	0.185185185185185	0.148148148148148	0	0	0.185185185185185	0.481481481481481	0.0771132299666168	0.0460983027055909	0.0249366154759405
0	0.025	0.025	0.075	0.1	0.15	0	0.025	0.125	0.175	0.35	0.325	0.375	0.2	0.2	0.49448858716093	0.295605366099601	0.159906046739469
0	0.025	0.025	0.075	0.1	0.15	0	0.025	0.125	0.175	0.35	0.325	0.375	0.2	0.2	0.49448858716093	0.295605366099601	0.159906046739469
0	0.025	0.025	0.075	0.1	0.15	0	0.025	0.125	0.175	0.35	0.325	0.375	0.2	0.2	0.49448858716093	0.295605366099601	0.159906046739469
