0	0	0.0701754385964912	0.0175438596491228	0.0350877192982456	0.473684210526316	0.982456140350877	0.43859649122807	0.0350877192982456	0.12280701754386	0.210526315789474	0.456140350877193	0.614035087719298	0.333333333333333	0.0701754385964912	0.0456591493223389	0.0272950476546262	0.014765101268649
0	0.0517241379310345	0.0689655172413793	0	0	0.258620689655172	0.603448275862069	1.05172413793103	0.0344827586206897	0.0172413793103448	0	0.448275862068965	0.586206896551724	0.327586206896552	0.0689655172413793	0	0	0
0	0.0434782608695652	0.239130434782609	0.108695652173913	0.0217391304347826	0.0217391304347826	0.108695652173913	0.608695652173913	0.5	0.478260869565217	0.108695652173913	0.0434782608695652	0.108695652173913	0.630434782608696	0.0869565217391304	0.0565776415515938	0.0338221242676889	0.0182958863546303
0	0.152542372881356	0.0169491525423729	0.0847457627118644	0.0847457627118644	0	0	0.271186440677966	0.322033898305085	0.694915254237288	0.169491525423729	0.322033898305085	0.101694915254237	0.203389830508475	0.101694915254237	0.149978697265581	0.0896572921265517	0.0484996038282064
0.0752688172043011	0	0.043010752688172	0	0.053763440860215	0.161290322580645	0.032258064516129	0	0.21505376344086	0.537634408602151	0.279569892473118	0.182795698924731	0.204301075268817	0.032258064516129	0.032258064516129	0.0615662077959279	0.0368042900633346	0.0199090720332106
0.186666666666667	0	0	0.0266666666666667	0.04	0.24	0.0266666666666667	0.0266666666666667	0.0266666666666667	0.0666666666666667	0.4	0.733333333333333	0.106666666666667	0.0133333333333333	0	0.013880381393991	0.00829769448700635	0.0044885907856693
0.354838709677419	0.274193548387097	0.0806451612903226	0	0.0161290322580645	0.0483870967741935	0.612903225806452	0.161290322580645	0.0483870967741935	0	0.0967741935483871	0.435483870967742	0.32258064516129	0.112903225806452	0	0.0335815678886879	0.0200750673072734	0.0108594938362967
0.146666666666667	0.24	0.293333333333333	0.0133333333333333	0	0.0133333333333333	0.173333333333333	0.306666666666667	0.16	0.0266666666666667	0	0.04	0.506666666666667	0.2	0.16	0.013880381393991	0.00829769448700635	0.0044885907856693
0.0120481927710843	0.120481927710843	0.27710843373494	0.301204819277108	0.0602409638554217	0.0120481927710843	0	0.313253012048193	0.530120481927711	0.216867469879518	0	0.0602409638554217	0.192771084337349	0.120481927710843	0.240963855421687	0.0689838231930276	0.0412385418781942	0.0223077554107058
0.043010752688172	0	0.150537634408602	0.118279569892473	0.333333333333333	0.053763440860215	0.021505376344086	0	0.193548387096774	0.387096774193548	0.204301075268817	0.053763440860215	0.043010752688172	0.064516129032258	0.139784946236559	0.0895508477031678	0.0535335128193958	0.0289586502301245
0.109090909090909	0.0909090909090909	0.0727272727272727	0.0545454545454545	0.145454545454545	0.545454545454545	0.0545454545454545	0	0	0.236363636363636	0.545454545454545	0.163636363636364	0	0	0	0.0378555856199755	0.0226300758736537	0.0122416112336435
0.032258064516129	0.0645161290322581	0.032258064516129	0	0.032258064516129	0.306451612903226	0.209677419354839	0.0483870967741935	0.0161290322580645	0	0.0967741935483871	0.629032258064516	0.193548387096774	0.0483870967741935	0.0161290322580645	0.302234110998191	0.180675605765461	0.0977354445266702
0.0638297872340425	0.0638297872340425	0.0851063829787234	0.0212765957446808	0.0851063829787234	0.0638297872340425	0.297872340425532	0.297872340425532	0	0.0638297872340425	0.0638297872340425	0.148936170212766	0.680851063829787	0.361702127659574	0.0638297872340425	0.287944082109388	0.172133023932579	0.0931143833197354
0.0571428571428571	0.0285714285714286	0.114285714285714	0.0285714285714286	0.0285714285714286	0.0571428571428571	0.114285714285714	0.371428571428571	0.114285714285714	0.0285714285714286	0.0571428571428571	0.0571428571428571	0.257142857142857	0.771428571428571	0.2	0.0594873488313901	0.0355615478014558	0.0192368176528684
0.037037037037037	0.111111111111111	0.111111111111111	0	0.037037037037037	0.222222222222222	0.0740740740740741	0.185185185185185	0.259259259259259	0.222222222222222	0.259259259259259	0	0.0740740740740741	0.333333333333333	0.444444444444444	0.0963915374582709	0.0576228783819886	0.0311707693449257
0	0	0.075	0.05	0.125	0.075	0	0	0.05	0.125	0.375	0.275	0.125	0.175	0.1	0.312308581364798	0.186698125957643	0.100993292677559
0	0	0.075	0.05	0.125	0.075	0	0	0.05	0.125	0.375	0.275	0.125	0.175	0.1	0.312308581364798	0.186698125957643	0.100993292677559
0	0	0.075	0.05	0.125	0.075	0	0	0.05	0.125	0.375	0.275	0.125	0.175	0.1	0.312308581364798	0.186698125957643	0.100993292677559
