0	0.0526315789473684	0.0175438596491228	0	0	0.526315789473684	1.07017543859649	0.385964912280702	0.0175438596491228	0.0526315789473684	0.333333333333333	0.263157894736842	0.456140350877193	0.385964912280702	0.0526315789473684	0.00913182986446777	0.00545900953092523	0.0029530202537298
0	0.0172413793103448	0.0517241379310345	0	0.0172413793103448	0.0862068965517241	0.568965517241379	1	0.0862068965517241	0.103448275862069	0	0.189655172413793	0.551724137931034	0.482758620689655	0.155172413793103	0.0179487690439539	0.0107297773538875	0.00580421222284823
0	0.0434782608695652	0.130434782608696	0.108695652173913	0.0217391304347826	0.0217391304347826	0.130434782608696	0.826086956521739	0.521739130434783	0.217391304347826	0.108695652173913	0	0.152173913043478	0.391304347826087	0.0869565217391304	0.0339465849309563	0.0202932745606134	0.0109775318127782
0	0	0	0.0338983050847458	0	0	0	0	0.559322033898305	0.440677966101695	0.254237288135593	0.220338983050847	0.101694915254237	0.135593220338983	0.23728813559322	0.105867315716881	0.0632875003246247	0.0342350144669692
0.0860215053763441	0	0.032258064516129	0	0.0752688172043011	0.118279569892473	0	0	0.129032258064516	0.451612903225806	0.505376344086022	0.268817204301075	0.139784946236559	0	0.032258064516129	0.0615662077959279	0.0368042900633346	0.0199090720332106
0.133333333333333	0	0	0	0.12	0.346666666666667	0.0666666666666667	0.0533333333333333	0.0133333333333333	0.133333333333333	0.346666666666667	0.56	0.08	0.0266666666666667	0	0	0	0
0.258064516129032	0.241935483870968	0.112903225806452	0	0.032258064516129	0.0967741935483871	0.5	0.225806451612903	0.032258064516129	0	0	0.435483870967742	0.387096774193548	0.0483870967741935	0	0.0503723518330319	0.0301126009609102	0.016289240754445
0.106666666666667	0.306666666666667	0.253333333333333	0.0133333333333333	0	0.04	0.173333333333333	0.413333333333333	0.0533333333333333	0.133333333333333	0.0133333333333333	0.0933333333333333	0.186666666666667	0.226666666666667	0.24	0.013880381393991	0.00829769448700635	0.0044885907856693
0.0602409638554217	0.0602409638554217	0.301204819277108	0.289156626506024	0.0843373493975904	0.0120481927710843	0	0.253012048192771	0.530120481927711	0.27710843373494	0	0.0843373493975904	0.120481927710843	0.120481927710843	0.168674698795181	0.0564413098852044	0.033740625173068	0.0182517998814866
0	0.032258064516129	0.161290322580645	0.182795698924731	0.301075268817204	0.0752688172043011	0.021505376344086	0	0.161290322580645	0.408602150537634	0.279569892473118	0.043010752688172	0.021505376344086	0.043010752688172	0.139784946236559	0.134326271554752	0.0803002692290937	0.0434379753451867
0.0909090909090909	0.0363636363636364	0.0363636363636364	0.0181818181818182	0.145454545454545	0.545454545454545	0.0181818181818182	0.0181818181818182	0	0.145454545454545	0.545454545454545	0.218181818181818	0	0	0	0.0946389640499388	0.0565751896841342	0.0306040280841088
0	0.0645161290322581	0.0161290322580645	0	0.112903225806452	0.274193548387097	0.161290322580645	0.032258064516129	0.0161290322580645	0	0.0806451612903226	0.580645161290323	0.145161290322581	0.0483870967741935	1.16129032258065	0.461746558469459	0.27603217547501	0.149318040249079
0.0851063829787234	0.0851063829787234	0.0425531914893617	0.0425531914893617	0.0851063829787234	0.148936170212766	0.191489361702128	0.276595744680851	0.0638297872340425	0.0638297872340425	0.0212765957446809	0.170212765957447	0.787234042553192	0.425531914893617	0.0638297872340425	0.110747723888226	0.0662050092048379	0.0358132243537444
0.0857142857142857	0.0571428571428571	0.0285714285714286	0.0285714285714286	0	0.114285714285714	0.142857142857143	0.685714285714286	0.0857142857142857	0	0.0285714285714286	0.0285714285714286	0.0857142857142857	0.971428571428571	0.342857142857143	0.11897469766278	0.0711230956029116	0.0384736353057368
0.037037037037037	0.111111111111111	0.148148148148148	0.037037037037037	0.0740740740740741	0.148148148148148	0.111111111111111	0.407407407407407	0.296296296296296	0.222222222222222	0.296296296296296	0.0740740740740741	0.111111111111111	0.259259259259259	0.481481481481481	0.115669844949925	0.0691474540583863	0.0374049232139108
0	0	0.025	0.025	0.025	0.05	0	0.025	0.075	0.075	0.075	0.175	0.325	0.275	0.2	0.468462872047197	0.280047188936464	0.151489939016339
0	0	0.025	0.025	0.025	0.05	0	0.025	0.075	0.075	0.075	0.175	0.325	0.275	0.2	0.468462872047197	0.280047188936464	0.151489939016339
0	0	0.025	0.025	0.025	0.05	0	0.025	0.075	0.075	0.075	0.175	0.325	0.275	0.2	0.468462872047197	0.280047188936464	0.151489939016339
