0.0175438596491228	0.0350877192982456	0.087719298245614	0	0	0.385964912280702	1.05263157894737	0.578947368421053	0.0526315789473684	0.105263157894737	0.228070175438596	0.456140350877193	0.403508771929825	0.298245614035088	0.0701754385964912	0.0273954895934033	0.0163770285927757	0.0088590607611894
0	0.0344827586206897	0.0172413793103448	0	0.0517241379310345	0	0.431034482758621	0.931034482758621	0.155172413793103	0.155172413793103	0	0.241379310344828	0.551724137931034	0.568965517241379	0.206896551724138	0.00897438452197695	0.00536488867694376	0.00290210611142411
0	0	0.217391304347826	0.108695652173913	0	0	0.173913043478261	0.434782608695652	0.58695652173913	0.434782608695652	0.0869565217391304	0.0217391304347826	0.173913043478261	0.282608695652174	0.0217391304347826	0.0905242264825501	0.0541153988283023	0.0292734181674085
0	0.0508474576271186	0.0169491525423729	0.0169491525423729	0.0338983050847458	0	0	0.101694915254237	0.508474576271186	0.542372881355932	0.169491525423729	0.186440677966102	0.0677966101694915	0.135593220338983	0.0169491525423729	0.114689592026621	0.0685614586850101	0.0370879323392166
0.043010752688172	0	0.032258064516129	0	0.0860215053763441	0.161290322580645	0.010752688172043	0	0.150537634408602	0.376344086021505	0.483870967741935	0.333333333333333	0.150537634408602	0.010752688172043	0.043010752688172	0.0559692798144799	0.0334584455121224	0.0180991563938278
0.16	0	0	0	0.0533333333333333	0.226666666666667	0.04	0.0266666666666667	0.0266666666666667	0.0666666666666667	0.413333333333333	0.506666666666667	0.08	0.0933333333333333	0	0.013880381393991	0.00829769448700635	0.0044885907856693
0.258064516129032	0.32258064516129	0	0	0.0645161290322581	0.129032258064516	0.596774193548387	0.274193548387097	0.0161290322580645	0	0.129032258064516	0.290322580645161	0.306451612903226	0.145161290322581	0	0.016790783944344	0.0100375336536367	0.00542974691814834
0.12	0.28	0.253333333333333	0.0133333333333333	0	0.0133333333333333	0.173333333333333	0.413333333333333	0.106666666666667	0.0666666666666667	0.0133333333333333	0.0666666666666667	0.386666666666667	0.266666666666667	0.2	0.00694019069699551	0.00414884724350318	0.00224429539283465
0.072289156626506	0.108433734939759	0.301204819277108	0.313253012048193	0.120481927710843	0.0602409638554217	0	0.373493975903614	0.602409638554217	0.253012048192771	0	0.0240963855421687	0.120481927710843	0.313253012048193	0.132530120481928	0.0438987965773812	0.0262427084679418	0.0141958443522674
0.043010752688172	0.021505376344086	0.236559139784946	0.0645161290322581	0.247311827956989	0.0967741935483871	0.032258064516129	0	0.182795698924731	0.225806451612903	0.172043010752688	0.0752688172043011	0.0645161290322581	0.0967741935483871	0.204301075268817	0.134326271554752	0.0803002692290937	0.0434379753451867
0.109090909090909	0.0363636363636364	0.109090909090909	0.0363636363636364	0.145454545454545	0.581818181818182	0.0727272727272727	0.0363636363636364	0.0363636363636364	0.163636363636364	0.509090909090909	0.218181818181818	0.0181818181818182	0	0	0.113566756859926	0.0678902276209611	0.0367248337009306
0.129032258064516	0.0161290322580645	0.0161290322580645	0	0.112903225806452	0.403225806451613	0.129032258064516	0.0967741935483871	0.0161290322580645	0.0161290322580645	0.290322580645161	0.483870967741935	0.129032258064516	0.032258064516129	1.19354838709677	0.268652543109504	0.160600538458187	0.0868759506903735
0.0212765957446809	0.106382978723404	0.0851063829787234	0	0.0425531914893617	0.148936170212766	0.234042553191489	0.25531914893617	0	0.0212765957446809	0.170212765957447	0.127659574468085	0.638297872340426	0.297872340425532	0.0425531914893617	0.0110747723888226	0.00662050092048379	0.00358132243537444
0	0.0857142857142857	0.0285714285714286	0.0571428571428571	0	0.0857142857142857	0.114285714285714	0.228571428571429	0.171428571428571	0	0	0.0285714285714286	0.0571428571428571	0.514285714285714	0.0571428571428571	0.029743674415695	0.0177807739007279	0.00961840882643421
0	0.111111111111111	0.037037037037037	0.148148148148148	0.111111111111111	0.148148148148148	0	0.185185185185185	0.0740740740740741	0.259259259259259	0.185185185185185	0	0.037037037037037	0.185185185185185	0.518518518518518	0.0771132299666168	0.0460983027055909	0.0249366154759405
0	0	0.05	0.05	0.075	0.15	0	0.05	0	0.1	0.225	0.225	0.225	0.075	0.175	0.325321438921664	0.194477214539211	0.105201346539124
0	0	0.05	0.05	0.075	0.15	0	0.05	0	0.1	0.225	0.225	0.225	0.075	0.175	0.325321438921664	0.194477214539211	0.105201346539124
0	0	0.05	0.05	0.075	0.15	0	0.05	0	0.1	0.225	0.225	0.225	0.075	0.175	0.325321438921664	0.194477214539211	0.105201346539124
