0.0350877192982456	0.0350877192982456	0.0350877192982456	0	0	0.263157894736842	1.2280701754386	0.56140350877193	0.0350877192982456	0.0175438596491228	0.0701754385964912	0.596491228070175	0.87719298245614	0.263157894736842	0.087719298245614	0.0730546389157422	0.0436720762474019	0.0236241620298384
0	0.0517241379310345	0.0689655172413793	0	0.0344827586206897	0.0862068965517241	0.758620689655172	1	0.0344827586206897	0.103448275862069	0	0.293103448275862	0.517241379310345	0.413793103448276	0.189655172413793	0.00897438452197695	0.00536488867694376	0.00290210611142411
0	0.0434782608695652	0.173913043478261	0	0	0	0.0869565217391304	0.717391304347826	0.565217391304348	0.434782608695652	0.0652173913043478	0.0434782608695652	0.130434782608696	0.782608695652174	0.0652173913043478	0.0678931698619126	0.0405865491212267	0.0219550636255563
0	0.0338983050847458	0.0508474576271186	0.11864406779661	0.0169491525423729	0	0	0.0847457627118644	0.423728813559322	0.322033898305085	0.254237288135593	0.271186440677966	0.0508474576271186	0.101694915254237	0.0677966101694915	0.167623249885061	0.100205208847322	0.0542054395727012
0.0645161290322581	0	0	0	0.0537634408602151	0.0967741935483871	0.032258064516129	0	0.172043010752688	0.419354838709677	0.483870967741935	0.32258064516129	0.129032258064516	0.032258064516129	0.032258064516129	0.0503723518330319	0.0301126009609102	0.016289240754445
0.146666666666667	0.04	0	0.0266666666666667	0.0533333333333333	0.306666666666667	0.0666666666666667	0	0.0533333333333333	0.04	0.333333333333333	0.546666666666667	0.106666666666667	0.08	0	0.013880381393991	0.00829769448700635	0.0044885907856693
0.290322580645161	0.32258064516129	0.032258064516129	0	0.0161290322580645	0.0161290322580645	0.709677419354839	0.112903225806452	0.0161290322580645	0	0.0967741935483871	0.209677419354839	0.32258064516129	0.225806451612903	0	0.016790783944344	0.0100375336536367	0.00542974691814834
0.106666666666667	0.226666666666667	0.306666666666667	0.0533333333333333	0	0.0533333333333333	0.12	0.333333333333333	0.16	0.173333333333333	0.0266666666666667	0.106666666666667	0.306666666666667	0.133333333333333	0.133333333333333	0.00694019069699551	0.00414884724350318	0.00224429539283465
0.036144578313253	0.0963855421686747	0.36144578313253	0.265060240963855	0.072289156626506	0.0240963855421687	0	0.373493975903614	0.542168674698795	0.204819277108434	0	0.072289156626506	0.0120481927710843	0.204819277108434	0.36144578313253	0.0188137699617348	0.0112468750576893	0.00608393329382887
0.010752688172043	0.0752688172043011	0.172043010752688	0.139784946236559	0.32258064516129	0.0752688172043011	0.0752688172043011	0	0.161290322580645	0.344086021505376	0.21505376344086	0.0537634408602151	0.010752688172043	0.0860215053763441	0.150537634408602	0.162310911461992	0.0970294919851549	0.0524875535421006
0.0727272727272727	0.0727272727272727	0.0545454545454545	0.0545454545454545	0.0909090909090909	0.472727272727273	0.0545454545454545	0.0363636363636364	0	0.145454545454545	0.581818181818182	0.163636363636364	0	0	0	0.0662472748349571	0.039602632778894	0.0214228196588762
0.0645161290322581	0.0806451612903226	0.0967741935483871	0	0.0806451612903226	0.516129032258065	0.241935483870968	0.17741935483871	0	0	0.112903225806452	0.741935483870968	0.306451612903226	0	0.0483870967741935	0.277047935081676	0.165619305285006	0.0895908241494476
0.106382978723404	0.0425531914893617	0.106382978723404	0.0851063829787234	0.0212765957446809	0.191489361702128	0.212765957446809	0.276595744680851	0.106382978723404	0.0425531914893617	0.0638297872340425	0.191489361702128	0.574468085106383	0.340425531914894	0.0638297872340425	0.0221495447776452	0.0132410018409676	0.00716264487074888
0.0285714285714286	0	0	0.0285714285714286	0	0.0857142857142857	0.114285714285714	0.314285714285714	0.0857142857142857	0	0.0285714285714286	0.0285714285714286	0.228571428571429	0.714285714285714	0.228571428571429	0.0594873488313901	0.0355615478014558	0.0192368176528684
0	0.111111111111111	0	0	0.148148148148148	0.0740740740740741	0.0740740740740741	0.0740740740740741	0.185185185185185	0.111111111111111	0.296296296296296	0.0740740740740741	0.037037037037037	0.185185185185185	0.259259259259259	0.115669844949925	0.0691474540583863	0.0374049232139108
0	0.05	0.05	0	0.05	0.075	0	0.025	0.125	0.1	0.275	0.275	0.4	0.375	0.35	0.442437156933464	0.264489011773328	0.143073831293209
0	0.05	0.05	0	0.05	0.075	0	0.025	0.125	0.1	0.275	0.275	0.4	0.375	0.35	0.442437156933464	0.264489011773328	0.143073831293209
0	0.05	0.05	0	0.05	0.075	0	0.025	0.125	0.1	0.275	0.275	0.4	0.375	0.35	0.442437156933464	0.264489011773328	0.143073831293209
