0.0526315789473684	0	0	0	0.0175438596491228	0.245614035087719	1.31578947368421	0.421052631578947	0.0350877192982456	0.0175438596491228	0.0526315789473684	0.421052631578947	0.736842105263158	0.315789473684211	0.105263157894737	0.0547909791868066	0.0327540571855514	0.0177181215223788
0	0.0344827586206897	0.0172413793103448	0	0.0172413793103448	0	0.293103448275862	1.18965517241379	0.155172413793103	0.0517241379310345	0	0.103448275862069	0.396551724137931	0.5	0.103448275862069	0	0	0
0	0.0652173913043478	0.0652173913043478	0.0869565217391304	0	0	0.0652173913043478	0.847826086956522	0.5	0.478260869565217	0.0217391304347826	0.0217391304347826	0.108695652173913	0.217391304347826	0.0434782608695652	0.0678931698619126	0.0405865491212267	0.0219550636255563
0	0.0338983050847458	0.0338983050847458	0.0847457627118644	0.0338983050847458	0	0	0.135593220338983	0.305084745762712	0.559322033898305	0.169491525423729	0.338983050847458	0.0169491525423729	0.0508474576271186	0.0847457627118644	0.202912355124021	0.121301042288864	0.065617111061691
0.032258064516129	0	0.032258064516129	0	0.0537634408602151	0.10752688172043	0.032258064516129	0	0.182795698924731	0.43010752688172	0.365591397849462	0.225806451612903	0.139784946236559	0.032258064516129	0.010752688172043	0.0335815678886879	0.0200750673072734	0.0108594938362967
0.12	0	0	0.0133333333333333	0.0133333333333333	0.266666666666667	0.0266666666666667	0.0533333333333333	0.04	0.0533333333333333	0.493333333333333	0.693333333333333	0.106666666666667	0.08	0	0.027760762787982	0.0165953889740127	0.00897718157133859
0.290322580645161	0.387096774193548	0.0645161290322581	0	0.0483870967741935	0.209677419354839	0.645161290322581	0.274193548387097	0	0	0.112903225806452	0.306451612903226	0.225806451612903	0.112903225806452	0	0.025186175916516	0.0150563004804551	0.00814462037722251
0.106666666666667	0.226666666666667	0.306666666666667	0.08	0	0.04	0.173333333333333	0.293333333333333	0.226666666666667	0.146666666666667	0.0133333333333333	0.0666666666666667	0.4	0.16	0.0266666666666667	0	0	0
0.036144578313253	0.0240963855421687	0.36144578313253	0.373493975903614	0.0843373493975904	0.036144578313253	0	0.265060240963855	0.518072289156627	0.240963855421687	0	0.0481927710843374	0.0843373493975904	0.144578313253012	0.228915662650602	0.0250850266156464	0.0149958334102524	0.00811191105843849
0.021505376344086	0.043010752688172	0.193548387096774	0.0752688172043011	0.301075268817204	0.139784946236559	0.0645161290322581	0	0.225806451612903	0.311827956989247	0.21505376344086	0.0860215053763441	0	0.0645161290322581	0.204301075268817	0.179101695406336	0.107067025638792	0.057917300460249
0.127272727272727	0.0545454545454545	0.109090909090909	0	0.181818181818182	0.418181818181818	0.0363636363636364	0.0545454545454545	0.0363636363636364	0.145454545454545	0.563636363636364	0.2	0.0363636363636364	0	0	0.075711171239951	0.0452601517473074	0.0244832224672871
0.0967741935483871	0.032258064516129	0.032258064516129	0	0.0483870967741935	0.338709677419355	0.306451612903226	0.17741935483871	0	0.032258064516129	0.161290322580645	0.725806451612903	0.338709677419355	0.0483870967741935	0.0483870967741935	0.268652543109504	0.160600538458187	0.0868759506903735
0.0212765957446809	0.0212765957446809	0.0638297872340425	0.0851063829787234	0	0.0851063829787234	0.276595744680851	0.127659574468085	0.148936170212766	0.0425531914893617	0.0638297872340425	0.0851063829787234	0.617021276595745	0.106382978723404	0	0.0885981791105809	0.0529640073638703	0.0286505794829955
0.0571428571428571	0.0857142857142857	0.0857142857142857	0.0285714285714286	0.0285714285714286	0.0571428571428571	0.142857142857143	0.571428571428571	0.0857142857142857	0.0285714285714286	0.0571428571428571	0.114285714285714	0.0857142857142857	0.457142857142857	0.228571428571429	0.0446155116235426	0.0266711608510919	0.0144276132396513
0	0.111111111111111	0.037037037037037	0.0740740740740741	0	0.0740740740740741	0.111111111111111	0.148148148148148	0.037037037037037	0.0740740740740741	0.111111111111111	0.111111111111111	0	0.333333333333333	0.296296296296296	0.154226459933234	0.0921966054111817	0.0498732309518811
0	0.1	0	0.025	0.075	0.1	0	0.025	0.25	0.1	0.325	0.325	0.525	0.575	0.225	0.481475729604063	0.287826277518033	0.155697992877904
0	0.1	0	0.025	0.075	0.1	0	0.025	0.25	0.1	0.325	0.325	0.525	0.575	0.225	0.481475729604063	0.287826277518033	0.155697992877904
0	0.1	0	0.025	0.075	0.1	0	0.025	0.25	0.1	0.325	0.325	0.525	0.575	0.225	0.481475729604063	0.287826277518033	0.155697992877904
