0	0.0175438596491228	0.0350877192982456	0.0175438596491228	0.0526315789473684	0.526315789473684	0.807017543859649	0.491228070175439	0.0350877192982456	0.0526315789473684	0.350877192982456	0.578947368421053	0.315789473684211	0.280701754385965	0.0526315789473684	0.0456591493223389	0.0272950476546262	0.014765101268649
0	0.120689655172414	0.120689655172414	0	0.0517241379310345	0.258620689655172	0.5	1.03448275862069	0.120689655172414	0.137931034482759	0	0.258620689655172	0.379310344827586	0.396551724137931	0.172413793103448	0.0179487690439539	0.0107297773538875	0.00580421222284823
0	0.0217391304347826	0.130434782608696	0.0434782608695652	0	0	0.217391304347826	0.695652173913043	0.478260869565217	0.304347826086957	0.195652173913043	0.0434782608695652	0.130434782608696	0.391304347826087	0.0434782608695652	0.0792086981722313	0.0473509739747645	0.0256142408964824
0	0.135593220338983	0.0169491525423729	0.0847457627118644	0.0508474576271186	0	0	0.338983050847458	0.406779661016949	0.457627118644068	0.169491525423729	0.372881355932203	0.101694915254237	0.152542372881356	0.0847457627118644	0.185267802504541	0.110753125568093	0.0599112753171961
0.021505376344086	0	0.010752688172043	0	0.043010752688172	0.0752688172043011	0.032258064516129	0	0.204301075268817	0.354838709677419	0.365591397849462	0.311827956989247	0.161290322580645	0.032258064516129	0.0645161290322581	0.0559692798144799	0.0334584455121224	0.0180991563938278
0.16	0.0533333333333333	0	0	0	0.226666666666667	0.0666666666666667	0	0.0266666666666667	0.0266666666666667	0.466666666666667	0.68	0.0533333333333333	0.0266666666666667	0	0.013880381393991	0.00829769448700635	0.0044885907856693
0.354838709677419	0.290322580645161	0.0483870967741935	0	0.0483870967741935	0.145161290322581	0.645161290322581	0.258064516129032	0.0161290322580645	0	0.17741935483871	0.306451612903226	0.274193548387097	0.0967741935483871	0	0.0335815678886879	0.0200750673072734	0.0108594938362967
0.0933333333333333	0.32	0.24	0.04	0	0.08	0.173333333333333	0.32	0.12	0.12	0.0133333333333333	0.0933333333333333	0.306666666666667	0.146666666666667	0.106666666666667	0.00694019069699551	0.00414884724350318	0.00224429539283465
0.0240963855421687	0.0602409638554217	0.27710843373494	0.325301204819277	0.0963855421686747	0.0120481927710843	0	0.216867469879518	0.433734939759036	0.265060240963855	0	0.0602409638554217	0.0963855421686747	0.216867469879518	0.337349397590361	0.0501700532312928	0.0299916668205049	0.016223822116877
0.032258064516129	0	0.172043010752688	0.129032258064516	0.290322580645161	0.118279569892473	0.043010752688172	0	0.161290322580645	0.376344086021505	0.225806451612903	0.0645161290322581	0.032258064516129	0.0537634408602151	0.204301075268817	0.201489407332128	0.120450403843641	0.0651569630177801
0.0545454545454545	0.0545454545454545	0.0909090909090909	0.0545454545454545	0.2	0.327272727272727	0.0181818181818182	0.0363636363636364	0.0363636363636364	0.2	0.454545454545455	0.272727272727273	0.0363636363636364	0	0	0.0662472748349571	0.039602632778894	0.0214228196588762
0.032258064516129	0.032258064516129	0.0806451612903226	0	0.17741935483871	0.387096774193548	0.193548387096774	0.112903225806452	0	0.0161290322580645	0.209677419354839	0.5	0.338709677419355	0	0.580645161290323	0.025186175916516	0.0150563004804551	0.00814462037722251
0.0638297872340425	0.0212765957446809	0.0638297872340425	0.0212765957446809	0.0212765957446809	0.0851063829787234	0.297872340425532	0.25531914893617	0	0.0212765957446809	0.0851063829787234	0.127659574468085	0.638297872340426	0.212765957446809	0.0212765957446809	0.155046813443517	0.0926870128867731	0.0501385140952421
0.0571428571428571	0.0285714285714286	0.0571428571428571	0	0.0285714285714286	0	0.2	0.228571428571429	0.114285714285714	0.0285714285714286	0	0.0857142857142857	0.228571428571429	0.742857142857143	0.285714285714286	0.0594873488313901	0.0355615478014558	0.0192368176528684
0	0.185185185185185	0.0740740740740741	0.0740740740740741	0.148148148148148	0.037037037037037	0.111111111111111	0.518518518518518	0.37037037037037	0.222222222222222	0.222222222222222	0.185185185185185	0	0.296296296296296	0.37037037037037	0.0963915374582709	0.0576228783819886	0.0311707693449257
0	0.025	0.025	0.025	0.025	0.025	0	0.05	0.125	0.1	0.2	0.375	0.375	0.3	0.375	0.338334296478531	0.20225630312078	0.109409400400689
0	0.025	0.025	0.025	0.025	0.025	0	0.05	0.125	0.1	0.2	0.375	0.375	0.3	0.375	0.338334296478531	0.20225630312078	0.109409400400689
0	0.025	0.025	0.025	0.025	0.025	0	0.05	0.125	0.1	0.2	0.375	0.375	0.3	0.375	0.338334296478531	0.20225630312078	0.109409400400689
