0.0350877192982456	0.0350877192982456	0.0350877192982456	0.0175438596491228	0	0.403508771929825	1.24561403508772	0.333333333333333	0.0526315789473684	0.0701754385964912	0.175438596491228	0.385964912280702	0.333333333333333	0.421052631578947	0.0350877192982456	0.00913182986446777	0.00545900953092523	0.0029530202537298
0	0.103448275862069	0.0862068965517241	0	0.0172413793103448	0.172413793103448	0.724137931034483	0.775862068965517	0.0689655172413793	0.103448275862069	0	0.172413793103448	0.293103448275862	0.362068965517241	0.120689655172414	0.0179487690439539	0.0107297773538875	0.00580421222284823
0	0.0652173913043478	0.173913043478261	0.0652173913043478	0	0.0217391304347826	0.260869565217391	0.630434782608696	0.456521739130435	0.326086956521739	0.260869565217391	0.0652173913043478	0.173913043478261	0.630434782608696	0.0652173913043478	0.0565776415515938	0.0338221242676889	0.0182958863546303
0	0.0169491525423729	0.0847457627118644	0.11864406779661	0.0169491525423729	0	0	0.135593220338983	0.440677966101695	0.423728813559322	0.203389830508475	0.423728813559322	0.0338983050847458	0.0338983050847458	0.0508474576271186	0.167623249885061	0.100205208847322	0.0542054395727012
0.032258064516129	0	0.032258064516129	0	0.021505376344086	0.118279569892473	0.043010752688172	0	0.21505376344086	0.612903225806452	0.311827956989247	0.225806451612903	0.193548387096774	0.043010752688172	0.0645161290322581	0.0559692798144799	0.0334584455121224	0.0180991563938278
0.133333333333333	0	0	0.0266666666666667	0.0533333333333333	0.186666666666667	0.0133333333333333	0	0.0133333333333333	0.0533333333333333	0.506666666666667	0.693333333333333	0.133333333333333	0.04	0	0.013880381393991	0.00829769448700635	0.0044885907856693
0.32258064516129	0.387096774193548	0	0	0.0483870967741935	0.145161290322581	0.629032258064516	0.338709677419355	0.0806451612903226	0	0.193548387096774	0.129032258064516	0.354838709677419	0.161290322580645	0	0	0	0
0.08	0.266666666666667	0.28	0.0266666666666667	0	0.0933333333333333	0.226666666666667	0.426666666666667	0.146666666666667	0.133333333333333	0.0133333333333333	0.0933333333333333	0.4	0.253333333333333	0.0666666666666667	0.00694019069699551	0.00414884724350318	0.00224429539283465
0.036144578313253	0.0602409638554217	0.253012048192771	0.325301204819277	0.072289156626506	0	0	0.27710843373494	0.506024096385542	0.265060240963855	0	0.0843373493975904	0.168674698795181	0.120481927710843	0.216867469879518	0.0564413098852044	0.033740625173068	0.0182517998814866
0	0.032258064516129	0.225806451612903	0.118279569892473	0.301075268817204	0.043010752688172	0.0537634408602151	0	0.204301075268817	0.32258064516129	0.204301075268817	0.0537634408602151	0.021505376344086	0.0752688172043011	0.247311827956989	0.11193855962896	0.0669168910242448	0.0361983127876556
0.0909090909090909	0.0363636363636364	0.109090909090909	0.0545454545454545	0.181818181818182	0.436363636363636	0	0.0545454545454545	0.0727272727272727	0.0909090909090909	0.545454545454545	0.163636363636364	0.0181818181818182	0	0	0.0473194820249694	0.0282875948420671	0.0153020140420544
0.032258064516129	0.0161290322580645	0.032258064516129	0	0.112903225806452	0.354838709677419	0.241935483870968	0.0806451612903226	0.0161290322580645	0.032258064516129	0.209677419354839	0.645161290322581	0.290322580645161	0.0161290322580645	0.612903225806452	0.0503723518330319	0.0301126009609102	0.016289240754445
0.0425531914893617	0.0638297872340425	0.0851063829787234	0	0.0425531914893617	0.127659574468085	0.297872340425532	0.191489361702128	0	0.106382978723404	0.0638297872340425	0.127659574468085	0.851063829787234	0.276595744680851	0.0425531914893617	0.188271130609985	0.112548515648224	0.0608824814013655
0.0285714285714286	0.0285714285714286	0.0857142857142857	0.0285714285714286	0.0285714285714286	0.0571428571428571	0.2	0.142857142857143	0.114285714285714	0	0.0285714285714286	0.0571428571428571	0.2	0.542857142857143	0.2	0.029743674415695	0.0177807739007279	0.00961840882643421
0	0	0.0740740740740741	0.037037037037037	0	0.111111111111111	0.037037037037037	0.259259259259259	0.148148148148148	0.0740740740740741	0.148148148148148	0.0740740740740741	0	0.333333333333333	0.333333333333333	0.0771132299666168	0.0460983027055909	0.0249366154759405
0	0.075	0.025	0.05	0.075	0.075	0	0	0.2	0.2	0.35	0.25	0.2	0.45	0.2	0.247244293580465	0.147802683049801	0.0799530233697343
0	0.075	0.025	0.05	0.075	0.075	0	0	0.2	0.2	0.35	0.25	0.2	0.45	0.2	0.247244293580465	0.147802683049801	0.0799530233697343
0	0.075	0.025	0.05	0.075	0.075	0	0	0.2	0.2	0.35	0.25	0.2	0.45	0.2	0.247244293580465	0.147802683049801	0.0799530233697343
