0.0175438596491228	0.0175438596491228	0.0350877192982456	0.0350877192982456	0.0175438596491228	0.403508771929825	1.07017543859649	0.56140350877193	0.087719298245614	0.0175438596491228	0.192982456140351	0.263157894736842	0.649122807017544	0.298245614035088	0.0526315789473684	0.0730546389157422	0.0436720762474019	0.0236241620298384
0	0.0344827586206897	0.0172413793103448	0	0.0172413793103448	0	0.344827586206897	1.25862068965517	0.0517241379310345	0.155172413793103	0	0.103448275862069	0.775862068965517	0.362068965517241	0.224137931034483	0.0269231535659308	0.0160946660308313	0.00870631833427234
0	0.0434782608695652	0.173913043478261	0.0869565217391304	0	0	0.173913043478261	0.565217391304348	0.326086956521739	0.478260869565217	0.173913043478261	0.152173913043478	0.195652173913043	0.5	0.0217391304347826	0.0678931698619126	0.0405865491212267	0.0219550636255563
0	0.0169491525423729	0.0169491525423729	0.0847457627118644	0.0169491525423729	0	0	0.0677966101694915	0.457627118644068	0.542372881355932	0.169491525423729	0.288135593220339	0.0847457627118644	0.11864406779661	0.0508474576271186	0.105867315716881	0.0632875003246247	0.0342350144669692
0.10752688172043	0	0.010752688172043	0	0.0967741935483871	0.182795698924731	0	0	0.172043010752688	0.311827956989247	0.440860215053763	0.182795698924731	0.258064516129032	0	0.032258064516129	0.0503723518330319	0.0301126009609102	0.016289240754445
0.0933333333333333	0.0266666666666667	0	0.04	0.0533333333333333	0.2	0.0933333333333333	0.0266666666666667	0	0.0933333333333333	0.306666666666667	0.626666666666667	0.12	0.0666666666666667	0	0	0	0
0.306451612903226	0.274193548387097	0.0483870967741935	0	0	0.161290322580645	0.596774193548387	0.290322580645161	0.032258064516129	0	0.0483870967741935	0.354838709677419	0.338709677419355	0.145161290322581	0	0.00839539197217199	0.00501876682681836	0.00271487345907417
0.0933333333333333	0.306666666666667	0.253333333333333	0.0266666666666667	0	0.04	0.133333333333333	0.333333333333333	0.186666666666667	0.173333333333333	0.0133333333333333	0.0666666666666667	0.306666666666667	0.186666666666667	0.133333333333333	0.00694019069699551	0.00414884724350318	0.00224429539283465
0.0602409638554217	0.120481927710843	0.349397590361446	0.253012048192771	0.0963855421686747	0	0	0.433734939759036	0.481927710843373	0.216867469879518	0	0.072289156626506	0.0843373493975904	0.192771084337349	0.313253012048193	0.0689838231930276	0.0412385418781942	0.0223077554107058
0.032258064516129	0.0752688172043011	0.129032258064516	0.118279569892473	0.354838709677419	0.0967741935483871	0.0752688172043011	0	0.118279569892473	0.408602150537634	0.161290322580645	0.0752688172043011	0.021505376344086	0.0967741935483871	0.182795698924731	0.100744703666064	0.0602252019218203	0.0325784815088901
0.0727272727272727	0.109090909090909	0.109090909090909	0.0545454545454545	0.236363636363636	0.290909090909091	0.0363636363636364	0.0181818181818182	0.0181818181818182	0.290909090909091	0.363636363636364	0.236363636363636	0.0181818181818182	0	0	0.0189277928099877	0.0113150379368268	0.00612080561682177
0.032258064516129	0.0806451612903226	0.032258064516129	0	0.112903225806452	0.225806451612903	0.209677419354839	0.112903225806452	0.032258064516129	0.0483870967741935	0.209677419354839	0.596774193548387	0.241935483870968	0.032258064516129	1.16129032258065	0.0419769598608599	0.0250938341340918	0.0135743672953709
0.0212765957446809	0.0425531914893617	0.0638297872340425	0.0212765957446809	0.0425531914893617	0.212765957446809	0.25531914893617	0.191489361702128	0	0.0212765957446809	0.0638297872340425	0.0638297872340425	0.659574468085106	0.297872340425532	0.106382978723404	0.0221495447776452	0.0132410018409676	0.00716264487074888
0.0857142857142857	0.0285714285714286	0	0.0285714285714286	0.0571428571428571	0.114285714285714	0.142857142857143	0.285714285714286	0.0571428571428571	0	0.0571428571428571	0.0571428571428571	0.228571428571429	0.828571428571429	0.171428571428571	0.0892310232470851	0.0533423217021837	0.0288552264793026
0.037037037037037	0.111111111111111	0.0740740740740741	0.0740740740740741	0.037037037037037	0.0740740740740741	0.148148148148148	0.222222222222222	0.185185185185185	0.148148148148148	0.148148148148148	0.111111111111111	0.037037037037037	0.296296296296296	0.407407407407407	0.0771132299666168	0.0460983027055909	0.0249366154759405
0	0	0	0.025	0.15	0.1	0	0.025	0.05	0.4	0.175	0.2	0.125	0.15	0.2	0.221218578466732	0.132244505886664	0.0715369156466044
0	0	0	0.025	0.15	0.1	0	0.025	0.05	0.4	0.175	0.2	0.125	0.15	0.2	0.221218578466732	0.132244505886664	0.0715369156466044
0	0	0	0.025	0.15	0.1	0	0.025	0.05	0.4	0.175	0.2	0.125	0.15	0.2	0.221218578466732	0.132244505886664	0.0715369156466044
