0.298245614035088	0.0350877192982456	0	0	0	0.315789473684211	0.0175438596491228	0.263157894736842	0	0.0350877192982456	0.0350877192982456	0.087719298245614	0.0526315789473684	0.0175438596491228	0	0	0	0
0.103448275862069	3.13793103448276	0.948275862068966	0	0	0.103448275862069	0.155172413793103	0.137931034482759	0	0.0689655172413793	0.0344827586206897	0	0.0689655172413793	0	0	0	0	0
0	1.26086956521739	2.28260869565217	1.19565217391304	0.195652173913043	0.304347826086957	0.41304347826087	0.347826086956522	0.369565217391304	0.239130434782609	0.108695652173913	0.0652173913043478	0.0434782608695652	0	0	0	0	0
0	0	0	0.135593220338983	0.101694915254237	0.169491525423729	0.0169491525423729	0.305084745762712	0	0.0677966101694915	0	0.0169491525423729	0	0	0	0	0	0
0.0860215053763441	0	0	0.043010752688172	0.451612903225806	0.956989247311828	0.462365591397849	1.12903225806452	0.956989247311828	0.67741935483871	0.301075268817204	0.268817204301075	0.010752688172043	0.010752688172043	0	0	0	0
0	0.0533333333333333	0	0.0266666666666667	0.373333333333333	1.02666666666667	0.84	0.906666666666667	0.453333333333333	0.773333333333333	0.653333333333333	0.426666666666667	0.106666666666667	0.253333333333333	0.0666666666666667	0	0	0
0	0	0	0.0161290322580645	0.129032258064516	0.241935483870968	0.661290322580645	0.612903225806452	0.306451612903226	0.241935483870968	0.338709677419355	0.241935483870968	0.17741935483871	0.0161290322580645	0.0967741935483871	0.0419769598608599	0.0250938341340918	0.0135743672953709
0	0	0	0	0.0266666666666667	0.386666666666667	0.56	0.56	0.266666666666667	0.706666666666667	0.666666666666667	0.946666666666667	0.0666666666666667	0.0266666666666667	0	0.013880381393991	0.00829769448700635	0.0044885907856693
0	0	0.0240963855421687	0.0240963855421687	0.072289156626506	0.156626506024096	0.313253012048193	0.698795180722892	0.204819277108434	0.518072289156627	0.0963855421686747	0.0843373493975904	0.132530120481928	0.566265060240964	0.180722891566265	0.125425133078232	0.0749791670512622	0.0405595552921924
0.010752688172043	0.0967741935483871	0.043010752688172	0.010752688172043	0.247311827956989	0.301075268817204	0.688172043010753	0.709677419354839	0.655913978494624	0.763440860215054	0.354838709677419	0.301075268817204	0.0860215053763441	0	0.021505376344086	0.022387711925792	0.013383378204849	0.00723966255753112
0	0	0.0181818181818182	0.0727272727272727	0.145454545454545	0.4	0.527272727272727	0.890909090909091	0.781818181818182	0.563636363636364	0.672727272727273	0.563636363636364	0.236363636363636	0.145454545454545	0.0909090909090909	0.075711171239951	0.0452601517473074	0.0244832224672871
0.0806451612903226	0	0	0.0161290322580645	0	0.112903225806452	0.290322580645161	0.467741935483871	0.82258064516129	1.08064516129032	1.45161290322581	1.66129032258065	1	0.354838709677419	0.451612903225806	0.394583422692083	0.235882040860463	0.127599052576486
0	0	0	0	0	0.148936170212766	0.170212765957447	0.382978723404255	0.74468085106383	0.51063829787234	0.765957446808511	1.80851063829787	1.57446808510638	2.27659574468085	0.936170212765957	0.764159294828761	0.456814563513382	0.247111248040836
0	0	0	0	0.0285714285714286	0.485714285714286	0.342857142857143	0.514285714285714	1.11428571428571	0.8	1.17142857142857	1.51428571428571	1.6	2.45714285714286	1.22857142857143	0.35692409298834	0.213369286808735	0.11542090591721
0	0	0	0	0	0.0740740740740741	0	0.444444444444444	0.592592592592593	0.37037037037037	0.444444444444444	0.037037037037037	1.11111111111111	2.03703703703704	0.666666666666667	0.616905839732934	0.368786421644727	0.199492923807524
0	0	0	0	0	0.125	0.1	0.175	0.175	0.225	0.25	0.425	0.825	1.125	0.95	1.66564576727892	0.995723338440762	0.538630894280316
0	0	0	0	0	0.125	0.1	0.175	0.175	0.225	0.25	0.425	0.825	1.125	0.95	1.66564576727892	0.995723338440762	0.538630894280316
0	0	0	0	0	0.125	0.1	0.175	0.175	0.225	0.25	0.425	0.825	1.125	0.95	1.66564576727892	0.995723338440762	0.538630894280316
