1.19298245614035	0.192982456140351	0	0.0175438596491228	0.157894736842105	0.578947368421053	0.245614035087719	0.105263157894737	0.175438596491228	0	0.0526315789473684	0.175438596491228	0.0526315789473684	0	0.0175438596491228	0	0	0
0.0172413793103448	3.63793103448276	1.63793103448276	0	0	0	0.241379310344828	0.0689655172413793	0	0.0344827586206897	0.0172413793103448	0	0.103448275862069	0.120689655172414	0	0	0	0
0	0.608695652173913	3.30434782608696	1.60869565217391	0.260869565217391	0.543478260869565	0.673913043478261	0.565217391304348	0.5	0.217391304347826	0	0.195652173913043	0	0.130434782608696	0.0217391304347826	0.0792086981722313	0.0473509739747645	0.0256142408964824
0	0	0.254237288135593	0.559322033898305	0.220338983050847	0.355932203389831	0.288135593220339	0.559322033898305	0.203389830508475	0.220338983050847	0.0169491525423729	0.0508474576271186	0.0847457627118644	0.203389830508475	0	0	0	0
0.043010752688172	0	0	0.021505376344086	0.333333333333333	0.473118279569892	0.505376344086022	0.698924731182796	0.720430107526882	0.387096774193548	0.21505376344086	0.139784946236559	0.236559139784946	0.021505376344086	0	0	0	0
0	0	0.0133333333333333	0.04	0.24	0.48	0.413333333333333	0.573333333333333	0.28	0.466666666666667	0.293333333333333	0.266666666666667	0.0266666666666667	0.08	0.0133333333333333	0	0	0
0.129032258064516	0.0645161290322581	0	0.032258064516129	0.129032258064516	0.129032258064516	0.661290322580645	0.82258064516129	0.32258064516129	0.193548387096774	0.290322580645161	0.161290322580645	0.145161290322581	0.032258064516129	0.0967741935483871	0.0587677438052039	0.0351313677877285	0.0190041142135192
0	0	0	0	0	0.0266666666666667	0.133333333333333	0.293333333333333	0.12	0.36	0.0933333333333333	0.08	0.04	0.04	0.0266666666666667	0.00694019069699551	0.00414884724350318	0.00224429539283465
0	0	0.036144578313253	0.036144578313253	0.144578313253012	0.253012048192771	0.506024096385542	0.927710843373494	0.337349397590361	0.855421686746988	0.180722891566265	0.228915662650602	0.168674698795181	0.433734939759036	0.192771084337349	0.137967646386055	0.0824770837563885	0.0446155108214117
0	0.032258064516129	0.021505376344086	0.032258064516129	0.258064516129032	0.483870967741935	0.634408602150538	0.849462365591398	0.860215053763441	0.827956989247312	0.408602150537634	0.387096774193548	0.236559139784946	0.10752688172043	0.0752688172043011	0.0671631357773759	0.0401501346145469	0.0217189876725934
0	0	0.0181818181818182	0.163636363636364	0.145454545454545	0.654545454545455	0.745454545454545	1.25454545454545	0.909090909090909	0.709090909090909	0.8	1.14545454545455	0.527272727272727	0.309090909090909	0.163636363636364	0.0662472748349571	0.039602632778894	0.0214228196588762
0.0161290322580645	0.0161290322580645	0	0.0161290322580645	0	0.306451612903226	0.516129032258065	0.629032258064516	0.645161290322581	0.951612903225806	0.548387096774194	0.854838709677419	0.983870967741935	0.161290322580645	0.290322580645161	0.243466367192988	0.145544237977732	0.078731330313151
0.0212765957446809	0	0	0	0.0425531914893617	0.276595744680851	0.191489361702128	0.574468085106383	0.723404255319149	0.617021276595745	0.51063829787234	1.08510638297872	1.51063829787234	1.68085106382979	0.787234042553192	0.553738619441131	0.33102504602419	0.179066121768722
0.0571428571428571	0.0285714285714286	0	0	0	0.142857142857143	0.0857142857142857	0.257142857142857	0.2	0.857142857142857	0.4	1.08571428571429	2.14285714285714	3.97142857142857	1.71428571428571	1.11538779058856	0.666779021277296	0.360690330991283
0	0.111111111111111	0	0	0.037037037037037	0.0740740740740741	0.222222222222222	0.296296296296296	0.333333333333333	0.481481481481481	1.14814814814815	0.925925925925926	1.37037037037037	1.40740740740741	1	0.347009534849775	0.207442362175159	0.112214769641732
0	0	0	0	0.1	0.05	0.075	0.125	0.225	0.225	0.2	0.25	0.925	0.85	0.65	1.36635004347099	0.816804301064688	0.441845655464321
0	0	0	0	0.1	0.05	0.075	0.125	0.225	0.225	0.2	0.25	0.925	0.85	0.65	1.36635004347099	0.816804301064688	0.441845655464321
0	0	0	0	0.1	0.05	0.075	0.125	0.225	0.225	0.2	0.25	0.925	0.85	0.65	1.36635004347099	0.816804301064688	0.441845655464321
