1.57894736842105	0.157894736842105	0	0.0175438596491228	0.12280701754386	0.631578947368421	0.210526315789474	0.087719298245614	0.157894736842105	0.0175438596491228	0.0701754385964912	0.157894736842105	0.0701754385964912	0.0701754385964912	0.0526315789473684	0	0	0
0.46551724137931	4.79310344827586	2.08620689655172	0.0517241379310345	0.155172413793103	0.344827586206897	0.310344827586207	0.396551724137931	0.137931034482759	0.0689655172413793	0.0172413793103448	0.0517241379310345	0.0172413793103448	0	0.0689655172413793	0.0179487690439539	0.0107297773538875	0.00580421222284823
0	0	1.97826086956522	1.52173913043478	0.0652173913043478	0.0217391304347826	0.152173913043478	0.239130434782609	0.239130434782609	0	0	0.0434782608695652	0	0.0869565217391304	0.0217391304347826	0.0565776415515938	0.0338221242676889	0.0182958863546303
0	0	0.525423728813559	0.949152542372881	0.406779661016949	0.525423728813559	0.610169491525424	0.542372881355932	0.135593220338983	0.169491525423729	0.0508474576271186	0.135593220338983	0.0169491525423729	0.0508474576271186	0	0	0	0
0.043010752688172	0	0	0.021505376344086	0.258064516129032	0.645161290322581	0.172043010752688	0.580645161290323	0.354838709677419	0.494623655913978	0.0860215053763441	0.129032258064516	0.118279569892473	0.010752688172043	0	0	0	0
0	0.08	0.0133333333333333	0.04	0.226666666666667	0.626666666666667	0.6	0.666666666666667	0.333333333333333	0.613333333333333	0.453333333333333	0.32	0.0266666666666667	0.0666666666666667	0.0266666666666667	0	0	0
0.0645161290322581	0.225806451612903	0	0.0161290322580645	0.129032258064516	0.241935483870968	1.06451612903226	1.17741935483871	0.403225806451613	0.338709677419355	0.306451612903226	0.258064516129032	0.645161290322581	0.5	0.0967741935483871	0.159512447471268	0.0953565697095488	0.0515825957224093
0	0	0	0	0.04	0.306666666666667	0.52	0.453333333333333	0.24	0.72	0.613333333333333	0.773333333333333	0.12	0.08	0	0.0208205720909865	0.0124465417305095	0.00673288617850395
0	0	0.0120481927710843	0.0240963855421687	0.0843373493975904	0.301204819277108	0.602409638554217	0.602409638554217	0.433734939759036	0.518072289156627	0.108433734939759	0.0843373493975904	0.132530120481928	0.253012048192771	0.108433734939759	0.0815263365008509	0.0487364585833205	0.0263637109399251
0.032258064516129	0.10752688172043	0	0.021505376344086	0.387096774193548	0.548387096774194	0.666666666666667	1.10752688172043	0.806451612903226	0.89247311827957	0.376344086021505	0.32258064516129	0.290322580645161	0.161290322580645	0.0645161290322581	0.0559692798144799	0.0334584455121224	0.0180991563938278
0	0	0.0181818181818182	0.0727272727272727	0.109090909090909	0.6	0.490909090909091	1.32727272727273	0.672727272727273	0.727272727272727	0.636363636363636	0.636363636363636	0.436363636363636	0.290909090909091	0.127272727272727	0.0946389640499388	0.0565751896841342	0.0306040280841088
0.032258064516129	0	0	0.0483870967741935	0.032258064516129	0.306451612903226	0.67741935483871	0.838709677419355	0.564516129032258	0.935483870967742	0.951612903225806	0.903225806451613	0.67741935483871	0.467741935483871	0.483870967741935	0.369397246775567	0.220825740380008	0.119454432199264
0	0	0	0	0.0851063829787234	0.106382978723404	0.25531914893617	0.276595744680851	0.446808510638298	0.234042553191489	0.680851063829787	0.957446808510638	1.27659574468085	1.12765957446809	0.446808510638298	0.332243171664679	0.198615027614514	0.107439673061233
0.0571428571428571	0.0857142857142857	0	0	0.0571428571428571	0.0571428571428571	0.142857142857143	0.485714285714286	0.428571428571429	0.742857142857143	0.628571428571429	1.14285714285714	1.05714285714286	3.05714285714286	0.6	0.29743674415695	0.177807739007279	0.0961840882643421
0	0.0740740740740741	0.037037037037037	0	0	0.148148148148148	0.222222222222222	0.296296296296296	0.555555555555556	0.518518518518518	0.888888888888889	0.481481481481481	1.03703703703704	1.55555555555556	0.888888888888889	1.40731644689076	0.841294024377033	0.455093232435915
0	0	0	0	0	0.025	0.125	0.075	0.45	0.175	0.075	0.575	0.85	1.15	0.475	1.15814432256113	0.692338883759593	0.374516793679282
0	0	0	0	0	0.025	0.125	0.075	0.45	0.175	0.075	0.575	0.85	1.15	0.475	1.15814432256113	0.692338883759593	0.374516793679282
0	0	0	0	0	0.025	0.125	0.075	0.45	0.175	0.075	0.575	0.85	1.15	0.475	1.15814432256113	0.692338883759593	0.374516793679282
