0.894736842105263	0.12280701754386	0	0.0175438596491228	0.0526315789473684	0.140350877192982	0.0701754385964912	0.0350877192982456	0.087719298245614	0.0175438596491228	0.0526315789473684	0.12280701754386	0.105263157894737	0.0701754385964912	0.0526315789473684	0	0	0
0.46551724137931	4.01724137931035	1.58620689655172	0.0517241379310345	0.172413793103448	0.258620689655172	0.206896551724138	0.293103448275862	0.120689655172414	0.0862068965517241	0.0517241379310345	0.103448275862069	0.172413793103448	0.241379310344828	0.0344827586206897	0.0269231535659308	0.0160946660308313	0.00870631833427234
0	0	2.34782608695652	1.97826086956522	0.0217391304347826	0.0434782608695652	0.0652173913043478	0.108695652173913	0.0217391304347826	0.0217391304347826	0	0	0	0	0	0	0	0
0	0	0.186440677966102	0.525423728813559	0.169491525423729	0.271186440677966	0.220338983050847	0.389830508474576	0.0677966101694915	0.101694915254237	0.0169491525423729	0.0508474576271186	0.0169491525423729	0.0508474576271186	0	0	0	0
0.043010752688172	0	0	0.021505376344086	0.290322580645161	0.763440860215054	0.333333333333333	0.989247311827957	0.698924731182796	0.473118279569892	0.21505376344086	0.204301075268817	0.204301075268817	0.043010752688172	0	0	0	0
0	0.0133333333333333	0.0266666666666667	0.0933333333333333	0.466666666666667	0.893333333333333	0.773333333333333	0.92	0.506666666666667	0.72	0.493333333333333	0.586666666666667	0.08	0	0	0	0	0
0.32258064516129	0	0	0	0	0.193548387096774	0.370967741935484	0.435483870967742	0.032258064516129	0.0967741935483871	0.306451612903226	0.370967741935484	0.0645161290322581	0	0	0	0	0
0	0	0	0.0133333333333333	0.04	0.333333333333333	0.133333333333333	0.493333333333333	0.106666666666667	0.24	0.0666666666666667	0.0666666666666667	0.0266666666666667	0.0933333333333333	0.0133333333333333	0.0347009534849775	0.0207442362175159	0.0112214769641732
0	0	0.0240963855421687	0.0602409638554217	0.072289156626506	0.204819277108434	0.63855421686747	0.698795180722892	0.289156626506024	1.04819277108434	0.0963855421686747	0.0602409638554217	0.168674698795181	0.469879518072289	0.204819277108434	0.144238903039967	0.0862260421089516	0.0466434885860213
0	0	0.032258064516129	0.0645161290322581	0.344086021505376	0.526881720430108	0.774193548387097	0.989247311827957	0.688172043010753	0.774193548387097	0.301075268817204	0.365591397849462	0.236559139784946	0.139784946236559	0.0537634408602151	0.0447754238515839	0.0267667564096979	0.0144793251150622
0	0	0	0.145454545454545	0.254545454545455	0.872727272727273	1.49090909090909	1.6	1.14545454545455	1.18181818181818	1.09090909090909	0.963636363636364	0.345454545454545	0.363636363636364	0.163636363636364	0.141958446074908	0.0848627845262013	0.0459060421261633
0.0483870967741935	0.032258064516129	0	0.0161290322580645	0.032258064516129	0.209677419354839	0.370967741935484	0.564516129032258	0.32258064516129	0.887096774193548	0.806451612903226	1.29032258064516	0.548387096774194	0.435483870967742	0.451612903225806	0.327420286914707	0.195731906245916	0.105880064903893
0	0	0	0	0.0638297872340425	0.25531914893617	0.297872340425532	0.191489361702128	0.340425531914894	0.212765957446809	0.702127659574468	1.5531914893617	0.893617021276596	0.425531914893617	0.74468085106383	0.454065667941727	0.271440537739836	0.146834219850352
0.0571428571428571	0.171428571428571	0	0	0.0857142857142857	0.314285714285714	0.0857142857142857	0.457142857142857	0.914285714285714	0.657142857142857	0.771428571428571	1.2	1.68571428571429	2.91428571428571	1.02857142857143	0.550257976690358	0.328944317163466	0.177940563289033
0	0.037037037037037	0	0.037037037037037	0	0.037037037037037	0.111111111111111	0.185185185185185	0.148148148148148	0.222222222222222	0.444444444444444	0.37037037037037	0.777777777777778	1.14814814814815	0.407407407407407	0.578349224749626	0.345737270291931	0.187024616069554
0	0	0	0	0.1	0.075	0.05	0.2	0.175	0.3	0.2	0.2	0.45	0.375	0.2	0.94993860165126	0.567873466454497	0.307187931894242
0	0	0	0	0.1	0.075	0.05	0.2	0.175	0.3	0.2	0.2	0.45	0.375	0.2	0.94993860165126	0.567873466454497	0.307187931894242
0	0	0	0	0.1	0.075	0.05	0.2	0.175	0.3	0.2	0.2	0.45	0.375	0.2	0.94993860165126	0.567873466454497	0.307187931894242
