2.40350877192982	0.228070175438596	0	0.0175438596491228	0.12280701754386	0.491228070175439	0.192982456140351	0.175438596491228	0.140350877192982	0.0175438596491228	0.0526315789473684	0.12280701754386	0.0526315789473684	0.0350877192982456	0.0175438596491228	0	0	0
0.810344827586207	3.94827586206896	1.12068965517241	0.0517241379310345	0.155172413793103	0.189655172413793	0.206896551724138	0.155172413793103	0.103448275862069	0.137931034482759	0.0862068965517241	0.155172413793103	0.120689655172414	0.241379310344828	0	0	0	0
0	0.130434782608696	2.34782608695652	1.78260869565217	0.41304347826087	0.282608695652174	0.347826086956522	0.347826086956522	0.369565217391304	0.130434782608696	0.0869565217391304	0.0652173913043478	0	0	0.0217391304347826	0.0113155283103188	0.00676442485353779	0.00365917727092606
0	0	0.186440677966102	0.576271186440678	0.220338983050847	0.338983050847458	0.23728813559322	0.474576271186441	0.0677966101694915	0.152542372881356	0.0169491525423729	0.0677966101694915	0.0169491525423729	0.0677966101694915	0	0	0	0
0.064516129032258	0	0	0.010752688172043	0.473118279569892	0.634408602150538	0.67741935483871	0.817204301075269	1.06451612903226	0.655913978494624	0.344086021505376	0.193548387096774	0.268817204301075	0.053763440860215	0	0	0	0
0	0.0666666666666667	0.0133333333333333	0.0533333333333333	0.373333333333333	1.01333333333333	0.733333333333333	1	0.466666666666667	0.84	0.52	0.413333333333333	0.106666666666667	0.213333333333333	0.0666666666666667	0	0	0
0.161290322580645	0.112903225806452	0	0	0	0.0967741935483871	0.290322580645161	0.387096774193548	0.0483870967741935	0.209677419354839	0.032258064516129	0.0161290322580645	0.290322580645161	0.241935483870968	0.0483870967741935	0.0755585277495479	0.0451689014413652	0.0244338611316675
0	0	0	0.0266666666666667	0.04	0.146666666666667	0.24	0.386666666666667	0.173333333333333	0.36	0.12	0.2	0.0666666666666667	0.08	0.0133333333333333	0.0208205720909865	0.0124465417305095	0.00673288617850394
0	0	0.0240963855421687	0.0481927710843373	0.216867469879518	0.337349397590361	0.72289156626506	1.36144578313253	0.481927710843373	1.03614457831325	0.265060240963855	0.228915662650602	0.313253012048193	0.879518072289156	0.385542168674699	0.269664036118199	0.161205209160214	0.0872030438782137
0.010752688172043	0	0.010752688172043	0.0752688172043011	0.333333333333333	0.473118279569892	0.634408602150538	1.06451612903226	0.924731182795699	0.795698924731183	0.333333333333333	0.376344086021505	0.258064516129032	0.118279569892473	0.0967741935483871	0.0503723518330319	0.0301126009609101	0.016289240754445
0	0	0.0363636363636364	0.0545454545454545	0.0909090909090909	0.454545454545454	0.290909090909091	0.963636363636364	0.527272727272727	0.527272727272727	0.636363636363636	0.236363636363636	0.109090909090909	0.0727272727272727	0.0545454545454545	0.0189277928099877	0.0113150379368268	0.00612080561682177
0	0	0	0.0483870967741935	0.032258064516129	0.0967741935483871	0.306451612903226	0.387096774193548	0.161290322580645	0.612903225806452	0.225806451612903	0.838709677419355	0.451612903225806	0.387096774193548	0.32258064516129	0.285443327053847	0.170638072111824	0.0923056976085218
0	0	0	0	0.106382978723404	0.297872340425532	0.468085106382979	0.638297872340425	0.468085106382979	0.319148936170213	0.765957446808511	1.4468085106383	0.74468085106383	0.574468085106383	0.48936170212766	0.21042067538763	0.125789517489192	0.0680451262721143
0.0285714285714286	0.0285714285714286	0	0	0.114285714285714	0.485714285714286	0.114285714285714	0.371428571428571	1.02857142857143	0.628571428571428	1.17142857142857	1.74285714285714	1	3.65714285714286	1.02857142857143	0.431283279027578	0.257821221560555	0.139466927983296
0	0	0	0.037037037037037	0	0	0	0.148148148148148	0	0.37037037037037	0.0740740740740741	0.296296296296296	0.62962962962963	1.03703703703704	0.37037037037037	0.655462454716242	0.391835572997522	0.211961231545495
0	0	0	0	0.05	0.1	0.125	0.175	0.1	0.2	0.275	0.325	0.85	0.825	0.85	2.13410863932612	1.27577052737723	0.690120833296654
0	0	0	0	0.05	0.1	0.125	0.175	0.1	0.2	0.275	0.325	0.85	0.825	0.85	2.13410863932612	1.27577052737723	0.690120833296654
0	0	0	0	0.05	0.1	0.125	0.175	0.1	0.2	0.275	0.325	0.85	0.825	0.85	2.13410863932612	1.27577052737723	0.690120833296654
