1.33333333333333	0.140350877192982	0	0	0.0175438596491228	0.526315789473684	0.0701754385964912	0.0175438596491228	0.0175438596491228	0	0.0175438596491228	0.140350877192982	0.0526315789473684	0.0175438596491228	0	0	0	0
0.362068965517241	2.70689655172414	0.96551724137931	0.0517241379310345	0.155172413793103	0.344827586206897	0.206896551724138	0.310344827586207	0.137931034482759	0.0689655172413793	0.0172413793103448	0.0517241379310345	0.137931034482759	0.120689655172414	0.0689655172413793	0.0358975380879078	0.0214595547077751	0.0116084244456965
0	0	2.23913043478261	2.34782608695652	0.456521739130435	0.108695652173913	0.0434782608695652	0.195652173913043	0.869565217391304	0.108695652173913	0.369565217391304	0	0	0	0	0	0	0
0	0	1.79661016949153	2.03389830508475	0.406779661016949	0.576271186440678	0.576271186440678	0.576271186440678	0.135593220338983	0.169491525423729	0.0508474576271186	0.101694915254237	0.0169491525423729	0.0508474576271186	0	0	0	0
0.0645161290322581	0	0	0.010752688172043	0.483870967741935	0.688172043010753	0.688172043010753	1	1.11827956989247	0.505376344086022	0.354838709677419	0.172043010752688	0.247311827956989	0.032258064516129	0	0	0	0
0	0.0266666666666667	0.0133333333333333	0.0533333333333333	0.28	1.05333333333333	0.733333333333333	0.986666666666667	0.373333333333333	0.493333333333333	0.48	0.386666666666667	0.08	0.12	0.0266666666666667	0	0	0
0.193548387096774	0	0	0.032258064516129	0.0645161290322581	0.17741935483871	0.5	1.17741935483871	0.209677419354839	0.112903225806452	0.209677419354839	0.17741935483871	0.0483870967741935	0.032258064516129	0	0.016790783944344	0.0100375336536367	0.00542974691814834
0	0	0	0.0133333333333333	0.0133333333333333	0.16	0.2	0.48	0.08	0.346666666666667	0.2	0.2	0.0133333333333333	0.0133333333333333	0	0.0416411441819731	0.0248930834610191	0.0134657723570079
0	0	0.0240963855421687	0.0120481927710843	0.036144578313253	0.0481927710843374	0.289156626506024	0.771084337349398	0.144578313253012	0.542168674698795	0.0602409638554217	0.036144578313253	0.0481927710843374	0.301204819277108	0.0843373493975904	0.0564413098852044	0.033740625173068	0.0182517998814866
0.021505376344086	0.032258064516129	0	0.021505376344086	0.451612903225806	0.634408602150538	0.903225806451613	1.06451612903226	0.956989247311828	0.720430107526882	0.311827956989247	0.301075268817204	0.247311827956989	0.0967741935483871	0.043010752688172	0.0335815678886879	0.0200750673072734	0.0108594938362967
0	0	0.0181818181818182	0.0727272727272727	0.181818181818182	0.545454545454545	0.781818181818182	1.05454545454545	0.927272727272727	0.690909090909091	0.672727272727273	0.836363636363636	0.236363636363636	0.272727272727273	0.0909090909090909	0.141958446074908	0.0848627845262013	0.0459060421261633
0.0483870967741935	0.0161290322580645	0	0.0161290322580645	0.129032258064516	0.209677419354839	0.596774193548387	0.741935483870968	0.370967741935484	0.548387096774194	0.580645161290323	1	0.661290322580645	0.241935483870968	0.387096774193548	0.25186175916516	0.150563004804551	0.0814462037722251
0	0	0	0	0.170212765957447	0.468085106382979	0.425531914893617	0.404255319148936	0.765957446808511	0.574468085106383	0.659574468085106	1.34042553191489	0.702127659574468	0.765957446808511	0.276595744680851	0.110747723888226	0.0662050092048379	0.0358132243537444
0	0	0	0	0.0857142857142857	0.4	0.342857142857143	0.514285714285714	0.714285714285714	0.885714285714286	0.685714285714286	1.08571428571429	1.85714285714286	2.88571428571429	1.71428571428571	0.907182069678699	0.542313603972201	0.293361469206243
0	0.148148148148148	0	0	0.037037037037037	0.037037037037037	0.037037037037037	0.333333333333333	0.333333333333333	0.407407407407407	0.592592592592593	0.444444444444444	1.14814814814815	1.66666666666667	0.777777777777778	0.59762753224128	0.357261845968329	0.193258769938539
0	0	0	0	0	0.15	0.05	0.15	0.175	0.25	0.125	0.775	0.75	1.6	1	2.71968722938511	1.62582951354781	0.879483257067078
0	0	0	0	0	0.15	0.05	0.15	0.175	0.25	0.125	0.775	0.75	1.6	1	2.71968722938511	1.62582951354781	0.879483257067078
0	0	0	0	0	0.15	0.05	0.15	0.175	0.25	0.125	0.775	0.75	1.6	1	2.71968722938511	1.62582951354781	0.879483257067078
