2.29824561403509	0.245614035087719	0	0	0	0.491228070175439	0.0350877192982456	0	0	0	0.0175438596491228	0.0175438596491228	0.0526315789473684	0	0	0	0	0
0.413793103448276	4.13793103448276	2.1551724137931	0.0689655172413793	0.206896551724138	0.379310344827586	0.310344827586207	0.413793103448276	0.189655172413793	0.0517241379310345	0.0344827586206897	0.0517241379310345	0.206896551724138	0.46551724137931	0.103448275862069	0.0179487690439539	0.0107297773538875	0.00580421222284823
0	0.58695652173913	2.71739130434783	1.52173913043478	0.239130434782609	0.282608695652174	0.391304347826087	0.347826086956522	0.5	0.195652173913043	0.0652173913043478	0.130434782608696	0.152173913043478	0.130434782608696	0.0217391304347826	0.0792086981722313	0.0473509739747645	0.0256142408964824
0	0	0.440677966101695	0.898305084745763	0.169491525423729	0.271186440677966	0.23728813559322	0.576271186440678	0.0677966101694915	0.101694915254237	0.0169491525423729	0.0677966101694915	0.0169491525423729	0.0508474576271186	0	0	0	0
0.0645161290322581	0	0	0.021505376344086	0.408602150537634	0.634408602150538	0.526881720430108	0.67741935483871	0.817204301075269	0.623655913978495	0.258064516129032	0.204301075268817	0.161290322580645	0.043010752688172	0	0	0	0
0	0.0266666666666667	0.0266666666666667	0	0.16	0.533333333333333	0.306666666666667	0.266666666666667	0.146666666666667	0.666666666666667	0.306666666666667	0.106666666666667	0	0	0.04	0	0	0
0.0645161290322581	0.129032258064516	0	0.0161290322580645	0	0.161290322580645	0.290322580645161	0.564516129032258	0.0161290322580645	0.145161290322581	0	0.0161290322580645	0.596774193548387	0.516129032258065	0.0967741935483871	0.159512447471268	0.0953565697095488	0.0515825957224093
0	0	0	0	0.04	0.16	0.373333333333333	0.44	0.146666666666667	0.466666666666667	0.413333333333333	0.493333333333333	0.0666666666666667	0.04	0.0133333333333333	0.00694019069699551	0.00414884724350318	0.00224429539283465
0	0	0.0240963855421687	0.0602409638554217	0.132530120481928	0.349397590361446	0.903614457831325	1.10843373493976	0.433734939759036	1.07228915662651	0.156626506024096	0.168674698795181	0.144578313253012	0.228915662650602	0.0481927710843374	0.0501700532312928	0.0299916668205049	0.016223822116877
0.021505376344086	0.0967741935483871	0.010752688172043	0.021505376344086	0.32258064516129	0.591397849462366	0.78494623655914	1.01075268817204	0.827956989247312	0.946236559139785	0.333333333333333	0.225806451612903	0.150537634408602	0.10752688172043	0.043010752688172	0.0391784958701359	0.0234209118584857	0.0126694094756795
0	0	0	0.2	0.218181818181818	0.872727272727273	1.01818181818182	1.21818181818182	1.23636363636364	0.927272727272727	1.12727272727273	1.07272727272727	0.2	0.236363636363636	0.127272727272727	0.0851750676449449	0.0509176707157208	0.027543625275698
0.0161290322580645	0.032258064516129	0	0.0161290322580645	0.0967741935483871	0.209677419354839	0.725806451612903	0.806451612903226	0.451612903225806	0.967741935483871	1.04838709677419	1.16129032258065	0.870967741935484	0.209677419354839	0.516129032258065	0.369397246775567	0.220825740380008	0.119454432199264
0	0	0	0	0.106382978723404	0.25531914893617	0.340425531914894	0.574468085106383	0.617021276595745	0.382978723404255	0.74468085106383	1.12765957446809	1.02127659574468	1.02127659574468	0.595744680851064	0.409766578386437	0.2449585340579	0.132508930108854
0.0571428571428571	0.0857142857142857	0	0	0.0857142857142857	0.257142857142857	0.114285714285714	0.514285714285714	0.571428571428571	0.857142857142857	0.657142857142857	1.25714285714286	1.08571428571429	3.02857142857143	0.771428571428571	0.788207372015918	0.471190508369289	0.254887833900507
0	0.111111111111111	0	0.037037037037037	0.037037037037037	0.0740740740740741	0.222222222222222	0.37037037037037	0.333333333333333	0.62962962962963	1.11111111111111	0.777777777777778	1.07407407407407	2.11111111111111	0.481481481481481	0.616905839732934	0.368786421644727	0.199492923807524
0	0	0	0	0	0	0.2	0.125	0.05	0.15	0.175	0.675	0.975	0.975	0.675	2.75872580205571	1.64916677929251	0.892107418651773
0	0	0	0	0	0	0.2	0.125	0.05	0.15	0.175	0.675	0.975	0.975	0.675	2.75872580205571	1.64916677929251	0.892107418651773
0	0	0	0	0	0	0.2	0.125	0.05	0.15	0.175	0.675	0.975	0.975	0.675	2.75872580205571	1.64916677929251	0.892107418651773
