1.05263157894737	0.140350877192982	0	0	0.0175438596491228	0.210526315789474	0.0526315789473684	0.175438596491228	0.0350877192982456	0.0701754385964912	0.0526315789473684	0.0526315789473684	0.0526315789473684	0.0526315789473684	0.0350877192982456	0	0	0
0.827586206896552	3.01724137931034	1.36206896551724	0.0862068965517241	0.258620689655172	0.327586206896552	0.482758620689655	0.379310344827586	0.189655172413793	0.120689655172414	0.0862068965517241	0.224137931034483	0.172413793103448	0.258620689655172	0.0344827586206897	0.00897438452197695	0.00536488867694376	0.00290210611142411
0	0.782608695652174	3.56521739130435	2.41304347826087	0.326086956521739	0.282608695652174	0.326086956521739	0.347826086956522	0.5	0.152173913043478	0.108695652173913	0.0869565217391304	0.0434782608695652	0.0434782608695652	0.0217391304347826	0.0339465849309563	0.0202932745606134	0.0109775318127782
0	0	0.271186440677966	0.728813559322034	0.0508474576271186	0.0677966101694915	0.0338983050847458	0.220338983050847	0.0338983050847458	0.0508474576271186	0	0.0169491525423729	0.0169491525423729	0.0338983050847458	0	0	0	0
0.021505376344086	0	0	0.032258064516129	0.182795698924731	0.56989247311828	0.247311827956989	0.623655913978495	0.365591397849462	0.365591397849462	0.0860215053763441	0.0860215053763441	0.021505376344086	0.021505376344086	0	0	0	0
0	0.04	0.0266666666666667	0.0133333333333333	0.146666666666667	0.76	0.626666666666667	0.666666666666667	0.266666666666667	1.06666666666667	0.48	0.36	0.0266666666666667	0.12	0.0133333333333333	0	0	0
0.193548387096774	0.354838709677419	0	0.032258064516129	0.145161290322581	0.225806451612903	1.09677419354839	1.17741935483871	0.354838709677419	0.290322580645161	0.419354838709677	0.306451612903226	1.32258064516129	1	0.290322580645161	0.352606462831223	0.210788206726371	0.114024685281115
0	0	0	0	0.0266666666666667	0.12	0.32	0.36	0.146666666666667	0.693333333333333	0.36	0.533333333333333	0.0666666666666667	0.0666666666666667	0.0133333333333333	0.013880381393991	0.00829769448700635	0.0044885907856693
0	0	0.0602409638554217	0.0602409638554217	0.0481927710843374	0.168674698795181	0.265060240963855	0.55421686746988	0.156626506024096	0.55421686746988	0.0481927710843374	0.0963855421686747	0.132530120481928	0.385542168674699	0.180722891566265	0.131696389732144	0.0787281254038253	0.0425875330568021
0.010752688172043	0.0967741935483871	0.0537634408602151	0.161290322580645	0.333333333333333	0.602150537634409	0.795698924731183	1.0752688172043	0.989247311827957	0.795698924731183	0.397849462365591	0.537634408602151	0.376344086021505	0.161290322580645	0.139784946236559	0.02798463990724	0.0167292227560612	0.0090495781969139
0	0	0.0181818181818182	0.163636363636364	0.181818181818182	0.890909090909091	1	1.54545454545455	1.21818181818182	1	0.836363636363636	1.14545454545455	0.309090909090909	0.345454545454545	0.109090909090909	0.132494549669914	0.0792052655577879	0.0428456393177524
0.032258064516129	0.032258064516129	0	0.0161290322580645	0.032258064516129	0.193548387096774	0.32258064516129	0.435483870967742	0.290322580645161	0.596774193548387	0.612903225806452	1.06451612903226	1.06451612903226	0.403225806451613	0.483870967741935	0.352606462831223	0.210788206726371	0.114024685281115
0	0	0	0	0.0425531914893617	0.212765957446809	0.212765957446809	0.468085106382979	0.51063829787234	0.340425531914894	0.382978723404255	1.5531914893617	1	1.14893617021277	0.553191489361702	0.387617033608792	0.231717532216933	0.125346285238105
0.0857142857142857	0.0285714285714286	0	0	0.0571428571428571	0.257142857142857	0.0571428571428571	0.257142857142857	0.457142857142857	1.37142857142857	0.514285714285714	1.62857142857143	2.2	3.54285714285714	1.45714285714286	1.36820902312197	0.817915599433483	0.442446806015974
0	0	0.037037037037037	0.111111111111111	0	0.296296296296296	0	0.296296296296296	0.0740740740740741	0.481481481481481	0.148148148148148	0.259259259259259	0.740740740740741	0.555555555555556	0.37037037037037	0.59762753224128	0.357261845968329	0.193258769938539
0	0	0	0	0.075	0.075	0.125	0.15	0.225	0.3	0.2	0.675	1.625	1.025	0.975	1.28827289812979	0.770129769575277	0.416597332294932
0	0	0	0	0.075	0.075	0.125	0.15	0.225	0.3	0.2	0.675	1.625	1.025	0.975	1.28827289812979	0.770129769575277	0.416597332294932
0	0	0	0	0.075	0.075	0.125	0.15	0.225	0.3	0.2	0.675	1.625	1.025	0.975	1.28827289812979	0.770129769575277	0.416597332294932
