2.45614035087719	0.228070175438596	0	0	0.105263157894737	0.456140350877193	0.157894736842105	0.0701754385964912	0.105263157894737	0.0350877192982456	0.0350877192982456	0.157894736842105	0.0701754385964912	0.0175438596491228	0	0	0	0
0.672413793103448	4.18965517241379	2	0.0862068965517241	0.258620689655172	0.344827586206896	0.413793103448276	0.586206896551724	0.206896551724138	0.0517241379310345	0.0689655172413793	0.155172413793103	0.0517241379310345	0.120689655172414	0.0689655172413793	0.00897438452197695	0.00536488867694376	0.00290210611142411
0	1.39130434782609	2.69565217391304	1.76086956521739	0.41304347826087	0.326086956521739	0.456521739130435	0.326086956521739	0.391304347826087	0.0869565217391304	0.108695652173913	0.0652173913043478	0.0434782608695652	0	0.0434782608695652	0.0226310566206375	0.0135288497070756	0.00731835454185211
0	0	0.711864406779661	1.25423728813559	0.169491525423729	0.305084745762712	0.23728813559322	0.559322033898305	0.101694915254237	0.135593220338983	0.0169491525423729	0.0508474576271186	0.0338983050847458	0.101694915254237	0	0	0	0
0.043010752688172	0	0	0.064516129032258	0.236559139784946	0.376344086021505	0.247311827956989	0.43010752688172	0.301075268817204	0.462365591397849	0.0860215053763441	0.0860215053763441	0.064516129032258	0.010752688172043	0	0	0	0
0	0.0266666666666667	0.0533333333333333	0.08	0.426666666666667	1.13333333333333	1	1.18666666666667	0.52	1.01333333333333	0.52	0.76	0.133333333333333	0.04	0.0133333333333333	0	0	0
0.193548387096774	0.17741935483871	0	0	0.129032258064516	0.193548387096774	0.693548387096774	1.7258064516129	0.32258064516129	0.354838709677419	0.225806451612903	0.112903225806452	0.629032258064516	0.483870967741935	0.145161290322581	0.16790783944344	0.100375336536367	0.0542974691814834
0	0	0	0.0266666666666667	0.0533333333333333	0.213333333333333	0.453333333333333	0.653333333333333	0.293333333333333	0.52	0.386666666666667	0.466666666666667	0.0533333333333333	0.0533333333333333	0.0133333333333333	0.0347009534849775	0.0207442362175159	0.0112214769641732
0	0	0.0240963855421687	0.0120481927710843	0.072289156626506	0.180722891566265	0.240963855421687	0.662650602409638	0.216867469879518	0.831325301204819	0.120481927710843	0.072289156626506	0.0963855421686747	0.385542168674699	0.168674698795181	0.112882619770409	0.067481250346136	0.0365035997629732
0	0.064516129032258	0.021505376344086	0.032258064516129	0.483870967741935	0.56989247311828	0.655913978494624	1	0.838709677419355	0.774193548387097	0.397849462365591	0.376344086021505	0.182795698924731	0.193548387096774	0.021505376344086	0.106341631647512	0.0635710464730325	0.0343883971482728
0	0	0.0363636363636364	0.0181818181818182	0.127272727272727	0.527272727272727	0.654545454545454	1.12727272727273	0.6	0.6	0.672727272727273	0.672727272727273	0.290909090909091	0.254545454545455	0.0545454545454545	0.0378555856199755	0.0226300758736537	0.0122416112336435
0.0161290322580645	0.032258064516129	0	0	0.032258064516129	0.145161290322581	0.5	0.838709677419355	0.290322580645161	0.629032258064516	0.580645161290323	1.32258064516129	0.887096774193548	0.403225806451613	0.758064516129032	0.570886654107695	0.341276144223648	0.184611395217044
0.0425531914893617	0	0	0	0.0212765957446808	0.0425531914893617	0.0851063829787234	0.574468085106383	0.595744680851064	0.48936170212766	0.574468085106383	1.29787234042553	1.61702127659574	2	0.851063829787234	0.487289985108195	0.291302040501287	0.157578187156475
0	0.0285714285714286	0	0	0.0285714285714286	0.0285714285714286	0.171428571428571	0.4	0.771428571428571	0.457142857142857	0.542857142857143	0.6	1.05714285714286	2.85714285714286	0.885714285714286	0.758463697600223	0.453409734468561	0.245269425074072
0	0	0	0	0	0.222222222222222	0	0.222222222222222	0.037037037037037	0.185185185185185	0.148148148148148	0.185185185185185	1.03703703703704	0.814814814814815	0.666666666666667	0.809688914649476	0.484032178408704	0.261834462497376
0	0	0	0	0	0.125	0.05	0.1	0.175	0.325	0.1	0.375	0.6	0.65	0.475	1.23622146790232	0.739013415249003	0.399765116848672
0	0	0	0	0	0.125	0.05	0.1	0.175	0.325	0.1	0.375	0.6	0.65	0.475	1.23622146790232	0.739013415249003	0.399765116848672
0	0	0	0	0	0.125	0.05	0.1	0.175	0.325	0.1	0.375	0.6	0.65	0.475	1.23622146790232	0.739013415249003	0.399765116848672
