0.368421052631579	0.0350877192982456	0	0.0526315789473684	0.0701754385964912	0.403508771929825	0.12280701754386	0.12280701754386	0.157894736842105	0.0526315789473684	0.105263157894737	0.105263157894737	0.175438596491228	0.105263157894737	0.12280701754386	0	0	0
0.344827586206897	2.77586206896552	0.431034482758621	0.0172413793103448	0.0517241379310345	0.172413793103448	0.0517241379310345	0.0517241379310345	0.0344827586206897	0.137931034482759	0.0517241379310345	0.0517241379310345	0.189655172413793	0.224137931034483	0	0.0448719226098848	0.0268244433847188	0.0145105305571206
0	0.565217391304348	3.60869565217391	3.10869565217391	0.173913043478261	0.260869565217391	0.304347826086957	0.282608695652174	0.521739130434783	0.0869565217391304	0.0869565217391304	0.108695652173913	0	0.0869565217391304	0	0.0452621132412751	0.0270576994141512	0.0146367090837042
0	0	0.542372881355932	0.847457627118644	0	0.0338983050847458	0.0508474576271186	0.288135593220339	0.0677966101694915	0.0338983050847458	0	0.0169491525423729	0.0338983050847458	0.0677966101694915	0	0	0	0
0.0860215053763441	0	0	0	0.268817204301075	0.56989247311828	0.301075268817204	0.333333333333333	0.354838709677419	0.172043010752688	0.0860215053763441	0.021505376344086	0.236559139784946	0.010752688172043	0	0	0	0
0	0.04	0.0133333333333333	0.0266666666666667	0.24	0.76	0.24	0.493333333333333	0.186666666666667	0.586666666666667	0.28	0.24	0.08	0.0666666666666667	0.0266666666666667	0	0	0
0.0645161290322581	0.17741935483871	0	0	0.0967741935483871	0.274193548387097	0.725806451612903	0.951612903225806	0.274193548387097	0.193548387096774	0.274193548387097	0.209677419354839	0.645161290322581	0.516129032258065	0.145161290322581	0.176303231415612	0.105394103363186	0.0570123426405576
0	0	0	0.0266666666666667	0.0533333333333333	0.226666666666667	0.786666666666667	0.76	0.333333333333333	1	0.84	0.88	0.08	0.106666666666667	0.0133333333333333	0.013880381393991	0.00829769448700635	0.0044885907856693
0	0	0.0120481927710843	0.0240963855421687	0.072289156626506	0.168674698795181	0.337349397590361	0.590361445783133	0.216867469879518	0.590361445783133	0.120481927710843	0.120481927710843	0.0963855421686747	0.409638554216867	0.168674698795181	0.112882619770409	0.067481250346136	0.0365035997629732
0.021505376344086	0	0.021505376344086	0.021505376344086	0.279569892473118	0.376344086021505	0.698924731182796	0.870967741935484	0.838709677419355	0.516129032258065	0.32258064516129	0.408602150537634	0.150537634408602	0.129032258064516	0.043010752688172	0.0727600637588239	0.0434959791657591	0.0235289033119762
0	0	0.0181818181818182	0.145454545454545	0.127272727272727	0.727272727272727	0.563636363636364	1.09090909090909	0.818181818181818	0.654545454545455	0.636363636363636	0.781818181818182	0.272727272727273	0.127272727272727	0.109090909090909	0.0851750676449449	0.0509176707157208	0.027543625275698
0.0161290322580645	0.0161290322580645	0	0	0.0645161290322581	0.225806451612903	0.387096774193548	0.645161290322581	0.758064516129032	0.612903225806452	0.967741935483871	1.2741935483871	1.01612903225806	0.32258064516129	0.290322580645161	0.2098847993043	0.125469170670459	0.0678718364768543
0.0212765957446809	0	0	0	0.106382978723404	0.425531914893617	0.553191489361702	0.425531914893617	0.638297872340426	0.468085106382979	0.659574468085106	1.34042553191489	1.21276595744681	1.34042553191489	0.553191489361702	0.42084135077526	0.251579034978384	0.136090252544229
0	0	0	0	0.0571428571428571	0	0.0285714285714286	0.114285714285714	0.485714285714286	0.285714285714286	0.285714285714286	0.8	0.914285714285714	2.97142857142857	0.171428571428571	0.342052255780493	0.204478899858371	0.110611701503993
0	0	0.111111111111111	0	0	0.148148148148148	0.185185185185185	0.481481481481481	0.592592592592593	0.62962962962963	0.925925925925926	1.11111111111111	1.96296296296296	2.07407407407407	1.51851851851852	1.1374201420076	0.679949964907465	0.367815078270123
0	0	0	0	0	0.05	0.1	0.175	0.15	0.25	0.15	0.15	0.35	0.325	0.575	1.11910574989053	0.669001618014887	0.361892632094587
0	0	0	0	0	0.05	0.1	0.175	0.15	0.25	0.15	0.15	0.35	0.325	0.575	1.11910574989053	0.669001618014887	0.361892632094587
0	0	0	0	0	0.05	0.1	0.175	0.15	0.25	0.15	0.15	0.35	0.325	0.575	1.11910574989053	0.669001618014887	0.361892632094587
