1.24561403508772	0.175438596491228	0	0.0350877192982456	0	0.192982456140351	0	0.087719298245614	0.0526315789473684	0.0350877192982456	0.0526315789473684	0.140350877192982	0.175438596491228	0.105263157894737	0.0701754385964912	0	0	0
0.379310344827586	3.32758620689655	1.68965517241379	0.0689655172413793	0.155172413793103	0.310344827586207	0.258620689655172	0.413793103448276	0.120689655172414	0.0517241379310345	0.0344827586206897	0.103448275862069	0.206896551724138	0.327586206896552	0.0344827586206897	0.0538463071318617	0.0321893320616626	0.0174126366685447
0	2.17391304347826	3.76086956521739	2.6304347826087	0.282608695652174	0.304347826086957	0.304347826086957	0.347826086956522	0.543478260869565	0.217391304347826	0.173913043478261	0.0652173913043478	0	0	0	0	0	0
0	0	1.1864406779661	1.64406779661017	0.525423728813559	0.627118644067797	0.76271186440678	0.593220338983051	0.135593220338983	0.169491525423729	0.0677966101694915	0.152542372881356	0	0	0	0	0	0
0.129032258064516	0	0	0.010752688172043	0.516129032258065	0.720430107526882	0.688172043010753	1.0752688172043	1.21505376344086	0.806451612903226	0.397849462365591	0.236559139784946	0.0860215053763441	0.032258064516129	0	0	0	0
0	0.0533333333333333	0.04	0.04	0.253333333333333	0.84	0.72	1.04	0.413333333333333	0.64	0.48	0.373333333333333	0.04	0.106666666666667	0.04	0	0	0
0.0645161290322581	0.0483870967741935	0	0	0	0.0967741935483871	0.241935483870968	0.693548387096774	0.0483870967741935	0.129032258064516	0.0967741935483871	0.0967741935483871	0.032258064516129	0	0	0	0	0
0	0	0	0.0133333333333333	0.0266666666666667	0.2	0.333333333333333	0.346666666666667	0.226666666666667	0.72	0.346666666666667	0.48	0.0933333333333333	0.0266666666666667	0.04	0.013880381393991	0.00829769448700635	0.0044885907856693
0	0	0.0120481927710843	0.0240963855421687	0.0481927710843374	0.132530120481928	0.216867469879518	0.795180722891566	0.204819277108434	0.590361445783133	0.072289156626506	0.108433734939759	0.0963855421686747	0.421686746987952	0.168674698795181	0.11915387642432	0.0712302086986991	0.0385315775275828
0.010752688172043	0	0.043010752688172	0.0645161290322581	0.387096774193548	0.516129032258065	0.89247311827957	1.21505376344086	0.903225806451613	0.838709677419355	0.354838709677419	0.580645161290323	0.193548387096774	0.0860215053763441	0.032258064516129	0.02798463990724	0.0167292227560612	0.0090495781969139
0	0	0	0.109090909090909	0.109090909090909	0.745454545454545	0.636363636363636	1.41818181818182	0.854545454545454	0.981818181818182	0.8	0.8	0.345454545454545	0.218181818181818	0.145454545454545	0.075711171239951	0.0452601517473074	0.0244832224672871
0	0	0	0.032258064516129	0	0.145161290322581	0.403225806451613	0.290322580645161	0.225806451612903	0.806451612903226	0.467741935483871	0.82258064516129	0.854838709677419	0.32258064516129	0.548387096774194	0.621259005940727	0.371388745184559	0.200900635971489
0.0212765957446809	0	0	0	0.0425531914893617	0.25531914893617	0.212765957446809	0.297872340425532	0.382978723404255	0.319148936170213	0.51063829787234	2.23404255319149	0.978723404255319	0.829787234042553	0.234042553191489	0.177196358221162	0.105928014727741	0.057301158965991
0.0857142857142857	0.171428571428571	0	0	0.114285714285714	0.171428571428571	0.114285714285714	0.314285714285714	0.714285714285714	0.628571428571429	0.428571428571429	1.08571428571429	2.08571428571429	2.94285714285714	0.857142857142857	0.877438395263003	0.524532830071473	0.283743060379809
0	0	0	0	0	0	0	0	0	0.518518518518518	0.037037037037037	0.0740740740740741	1.25925925925926	1.88888888888889	1.55555555555556	0.616905839732934	0.368786421644727	0.199492923807524
0	0	0	0	0.1	0.1	0.175	0.175	0.3	0.325	0.4	0.75	1.65	1.2	0.975	1.24923432545919	0.746792503830572	0.403973170710237
0	0	0	0	0.1	0.1	0.175	0.175	0.3	0.325	0.4	0.75	1.65	1.2	0.975	1.24923432545919	0.746792503830572	0.403973170710237
0	0	0	0	0.1	0.1	0.175	0.175	0.3	0.325	0.4	0.75	1.65	1.2	0.975	1.24923432545919	0.746792503830572	0.403973170710237
