1.45614035087719	0.175438596491228	0	0	0.0701754385964912	0.192982456140351	0.140350877192982	0.157894736842105	0.12280701754386	0.0701754385964912	0.140350877192982	0.157894736842105	0.210526315789474	0.157894736842105	0.105263157894737	0	0	0
0.586206896551724	5.5	2.43103448275862	0.0862068965517241	0.275862068965517	0.293103448275862	0.310344827586207	0.448275862068966	0.206896551724138	0.172413793103448	0.0862068965517241	0.155172413793103	0.120689655172414	0.241379310344828	0.0689655172413793	0.0179487690439539	0.0107297773538875	0.00580421222284823
0	0.847826086956522	3.71739130434783	2.04347826086957	0.5	0.5	0.652173913043478	0.565217391304348	0.478260869565217	0.152173913043478	0.108695652173913	0.130434782608696	0.0434782608695652	0	0.0434782608695652	0.0226310566206375	0.0135288497070756	0.00731835454185211
0	0	0.288135593220339	0.610169491525424	0.0508474576271186	0.135593220338983	0.0677966101694915	0.338983050847458	0.0677966101694915	0.101694915254237	0	0.0338983050847458	0.0338983050847458	0.101694915254237	0	0	0	0
0.0645161290322581	0	0	0.043010752688172	0.387096774193548	0.612903225806452	0.451612903225806	0.666666666666667	0.688172043010753	0.483870967741935	0.225806451612903	0.161290322580645	0.129032258064516	0.021505376344086	0	0	0	0
0	0.04	0.0133333333333333	0.0533333333333333	0.426666666666667	1.18666666666667	0.8	1.02666666666667	0.52	0.746666666666667	0.6	0.453333333333333	0.08	0.0666666666666667	0.04	0	0	0
0.0645161290322581	0.0483870967741935	0	0.0161290322580645	0.0967741935483871	0.0967741935483871	0.564516129032258	0.645161290322581	0.225806451612903	0.306451612903226	0.306451612903226	0.209677419354839	0.274193548387097	0.0161290322580645	0.145161290322581	0.0587677438052039	0.0351313677877285	0.0190041142135192
0	0	0	0.0133333333333333	0.04	0.226666666666667	0.4	0.586666666666667	0.32	0.613333333333333	0.413333333333333	0.493333333333333	0.12	0.0666666666666667	0.0533333333333333	0.0208205720909865	0.0124465417305095	0.00673288617850395
0	0	0.0481927710843374	0.0481927710843374	0.192771084337349	0.506024096385542	0.91566265060241	1.12048192771084	0.55421686746988	1.46987951807229	0.27710843373494	0.180722891566265	0.240963855421687	0.590361445783133	0.216867469879518	0.163052673001702	0.0974729171666409	0.0527274218798502
0.021505376344086	0.129032258064516	0.043010752688172	0.0860215053763441	0.301075268817204	0.516129032258065	0.720430107526882	0.956989247311828	0.698924731182796	0.870967741935484	0.290322580645161	0.526881720430108	0.182795698924731	0.161290322580645	0.032258064516129	0.0335815678886879	0.0200750673072734	0.0108594938362967
0	0	0.0181818181818182	0.145454545454545	0.181818181818182	0.6	0.818181818181818	1.09090909090909	0.654545454545455	0.745454545454545	0.818181818181818	0.872727272727273	0.345454545454545	0.381818181818182	0.181818181818182	0.0378555856199755	0.0226300758736537	0.0122416112336435
0.0483870967741935	0.0161290322580645	0	0.0161290322580645	0.032258064516129	0.145161290322581	0.370967741935484	0.661290322580645	0.709677419354839	0.870967741935484	0.725806451612903	1.54838709677419	0.532258064516129	0.435483870967742	0.532258064516129	0.268652543109504	0.160600538458187	0.0868759506903735
0.0212765957446809	0	0	0	0.0212765957446809	0.0212765957446809	0.191489361702128	0.297872340425532	0.234042553191489	0.0212765957446809	0.382978723404255	0.382978723404255	0.957446808510638	0.702127659574468	0.297872340425532	0.188271130609985	0.112548515648224	0.0608824814013655
0.0285714285714286	0.0857142857142857	0	0	0.0285714285714286	0.142857142857143	0.0857142857142857	0.342857142857143	0.371428571428571	1.02857142857143	0.342857142857143	0.514285714285714	1.85714285714286	3.74285714285714	1.02857142857143	0.922053906886546	0.551203990922565	0.29817067361946
0	0.037037037037037	0.037037037037037	0	0	0.111111111111111	0.296296296296296	0.37037037037037	0.444444444444444	0.555555555555556	1.11111111111111	0.851851851851852	1.2962962962963	1	1	0.578349224749626	0.345737270291931	0.187024616069554
0	0	0	0	0	0.025	0.125	0.2	0.375	0.4	0	0.725	1.4	0.8	0.725	1.87385148818879	1.12018875574586	0.605959756065355
0	0	0	0	0	0.025	0.125	0.2	0.375	0.4	0	0.725	1.4	0.8	0.725	1.87385148818879	1.12018875574586	0.605959756065355
0	0	0	0	0	0.025	0.125	0.2	0.375	0.4	0	0.725	1.4	0.8	0.725	1.87385148818879	1.12018875574586	0.605959756065355
