0.982456140350877	0.087719298245614	0	0.0175438596491228	0.0701754385964912	0.245614035087719	0.105263157894737	0.12280701754386	0.087719298245614	0.0350877192982456	0.0526315789473684	0.0526315789473684	0.0175438596491228	0	0.0175438596491228	0	0	0
0.362068965517241	4.36206896551724	1.37931034482759	0.0517241379310345	0.155172413793103	0.206896551724138	0.224137931034483	0.224137931034483	0.120689655172414	0.0689655172413793	0.0344827586206897	0.103448275862069	0.137931034482759	0.0172413793103448	0.0344827586206897	0.0269231535659308	0.0160946660308313	0.00870631833427234
0	1.65217391304348	3.60869565217391	3.58695652173913	0.217391304347826	0.108695652173913	0.108695652173913	0.130434782608696	0.434782608695652	0.130434782608696	0.173913043478261	0	0	0	0	0	0	0
0	0	0.525423728813559	0.779661016949153	0	0.0338983050847458	0.0169491525423729	0.0338983050847458	0.0338983050847458	0.0169491525423729	0	0	0.0169491525423729	0.0338983050847458	0	0	0	0
0.021505376344086	0	0	0.032258064516129	0.290322580645161	0.67741935483871	0.451612903225806	0.67741935483871	0.698924731182796	0.580645161290323	0.21505376344086	0.161290322580645	0.204301075268817	0.043010752688172	0	0	0	0
0	0.0266666666666667	0.04	0.0133333333333333	0.24	0.76	0.64	0.72	0.306666666666667	0.76	0.44	0.4	0.0533333333333333	0.173333333333333	0.0533333333333333	0	0	0
0	0	0	0.032258064516129	0.0967741935483871	0.145161290322581	0.467741935483871	0.774193548387097	0.225806451612903	0.161290322580645	0.290322580645161	0.0806451612903226	0.193548387096774	0.032258064516129	0.145161290322581	0.0671631357773759	0.0401501346145469	0.0217189876725934
0	0	0	0.04	0.04	0.306666666666667	0.426666666666667	0.493333333333333	0.213333333333333	0.466666666666667	0.226666666666667	0.16	0.04	0.08	0.0133333333333333	0.0208205720909865	0.0124465417305095	0.00673288617850395
0	0	0.036144578313253	0.0481927710843374	0.108433734939759	0.301204819277108	0.409638554216867	0.626506024096386	0.301204819277108	1.10843373493976	0.156626506024096	0.192771084337349	0.0843373493975904	0.289156626506024	0.0963855421686747	0.0689838231930276	0.0412385418781942	0.0223077554107058
0.021505376344086	0.032258064516129	0	0.010752688172043	0.376344086021505	0.548387096774194	0.838709677419355	1.38709677419355	0.903225806451613	0.849462365591398	0.365591397849462	0.43010752688172	0.247311827956989	0.0537634408602151	0.043010752688172	0.0559692798144799	0.0334584455121224	0.0180991563938278
0	0	0.0181818181818182	0.0727272727272727	0.127272727272727	0.672727272727273	0.690909090909091	1.23636363636364	0.709090909090909	0.745454545454545	0.690909090909091	0.672727272727273	0.363636363636364	0.290909090909091	0.127272727272727	0.12303065326492	0.0735477465893745	0.0397852365093415
0.0483870967741935	0.0483870967741935	0	0.0161290322580645	0.032258064516129	0.32258064516129	0.516129032258065	0.758064516129032	0.693548387096774	1.04838709677419	0.903225806451613	1.5	0.596774193548387	0.370967741935484	0.741935483870968	0.327420286914707	0.195731906245916	0.105880064903893
0	0	0	0	0.0425531914893617	0.191489361702128	0.319148936170213	0.361702127659574	0.531914893617021	0.617021276595745	0.468085106382979	1.02127659574468	1.06382978723404	1.42553191489362	0.48936170212766	0.343317944053501	0.205235528534998	0.111020995496608
0.0285714285714286	0	0	0	0.0285714285714286	0.228571428571429	0.142857142857143	0.485714285714286	0.628571428571429	0.828571428571429	0.942857142857143	0.828571428571429	1.34285714285714	2.45714285714286	1.17142857142857	0.639488999937443	0.38228663886565	0.206795789768335
0	0.111111111111111	0.037037037037037	0	0.037037037037037	0.037037037037037	0.037037037037037	0.259259259259259	0.222222222222222	0.111111111111111	0.481481481481481	0.444444444444444	0.62962962962963	0.888888888888889	0.888888888888889	0.308452919866467	0.184393210822363	0.0997464619037621
0	0	0	0	0.075	0.1	0.15	0.175	0.25	0.425	0.35	1.125	2.05	2.8	1.45	1.62660719460832	0.972386072696057	0.526006732695621
0	0	0	0	0.075	0.1	0.15	0.175	0.25	0.425	0.35	1.125	2.05	2.8	1.45	1.62660719460832	0.972386072696057	0.526006732695621
0	0	0	0	0.075	0.1	0.15	0.175	0.25	0.425	0.35	1.125	2.05	2.8	1.45	1.62660719460832	0.972386072696057	0.526006732695621
