1.89473684210526	0.192982456140351	0	0	0.0701754385964912	0.175438596491228	0.12280701754386	0.140350877192982	0.087719298245614	0.0350877192982456	0.0526315789473684	0.105263157894737	0.0526315789473684	0.0526315789473684	0.0350877192982456	0	0	0
0	2.75862068965517	0.982758620689655	0.0344827586206897	0.103448275862069	0.224137931034483	0.241379310344828	0.224137931034483	0.103448275862069	0.0172413793103448	0.0172413793103448	0	0.137931034482759	0.103448275862069	0.0689655172413793	0.0358975380879078	0.0214595547077751	0.0116084244456965
0	0.543478260869565	2.17391304347826	1.41304347826087	0.152173913043478	0.478260869565217	0.58695652173913	0.478260869565217	0.239130434782609	0.195652173913043	0	0.130434782608696	0	0	0.0434782608695652	0.0226310566206375	0.0135288497070756	0.00731835454185211
0	0	0.406779661016949	0.88135593220339	0.288135593220339	0.406779661016949	0.457627118644068	0.593220338983051	0.203389830508475	0.186440677966102	0.0338983050847458	0.0847457627118644	0.0677966101694915	0.152542372881356	0	0	0	0
0.021505376344086	0	0	0.010752688172043	0.301075268817204	0.645161290322581	0.505376344086022	0.795698924731183	0.827956989247312	0.537634408602151	0.258064516129032	0.150537634408602	0.182795698924731	0.021505376344086	0	0	0	0
0	0.0533333333333333	0.0133333333333333	0.0266666666666667	0.24	0.68	0.44	0.6	0.28	0.52	0.28	0.253333333333333	0.08	0.106666666666667	0.0666666666666667	0	0	0
0.032258064516129	0.161290322580645	0	0.032258064516129	0.0967741935483871	0.161290322580645	0.709677419354839	1.19354838709677	0.290322580645161	0.32258064516129	0.32258064516129	0.32258064516129	0.403225806451613	0.274193548387097	0.0967741935483871	0.109140095638236	0.0652439687486387	0.0352933549679642
0	0	0	0.0133333333333333	0.04	0.226666666666667	0.346666666666667	0.56	0.24	0.533333333333333	0.32	0.44	0.0666666666666667	0.0533333333333333	0.04	0	0	0
0	0	0	0.0240963855421687	0.0481927710843374	0.240963855421687	0.36144578313253	0.614457831325301	0.228915662650602	0.879518072289157	0.072289156626506	0.0843373493975904	0.144578313253012	0.349397590361446	0.192771084337349	0.137967646386055	0.0824770837563885	0.0446155108214117
0.010752688172043	0	0.032258064516129	0.0645161290322581	0.344086021505376	0.526881720430108	0.827956989247312	0.946236559139785	0.78494623655914	0.709677419354839	0.419354838709677	0.505376344086022	0.21505376344086	0.0967741935483871	0.043010752688172	0.02798463990724	0.0167292227560612	0.0090495781969139
0	0	0.0545454545454545	0.0909090909090909	0.145454545454545	0.490909090909091	0.836363636363636	1.10909090909091	0.709090909090909	0.745454545454545	0.854545454545454	1.05454545454545	0.509090909090909	0.145454545454545	0.181818181818182	0.113566756859926	0.0678902276209611	0.0367248337009306
0.0161290322580645	0	0	0.0161290322580645	0.032258064516129	0.338709677419355	0.645161290322581	0.838709677419355	0.661290322580645	1.03225806451613	0.790322580645161	1.46774193548387	0.532258064516129	0.532258064516129	0.225806451612903	0.218280191276472	0.130487937497277	0.0705867099359285
0	0	0	0	0.0212765957446809	0.0425531914893617	0.148936170212766	0.425531914893617	0.297872340425532	0.0425531914893617	0.382978723404255	1.21276595744681	0.787234042553192	0.659574468085106	0.106382978723404	0.0442990895552905	0.0264820036819352	0.0143252897414978
0.0285714285714286	0.0857142857142857	0	0	0.0285714285714286	0.0285714285714286	0.0571428571428571	0.285714285714286	0.371428571428571	0.628571428571429	0.2	0.685714285714286	1.05714285714286	2.45714285714286	0.714285714285714	0.698976348768833	0.417848186667106	0.226032607421204
0	0.111111111111111	0	0	0	0.37037037037037	0.518518518518518	0.333333333333333	0.814814814814815	0.666666666666667	1.25925925925926	1.07407407407407	2	2	0.666666666666667	0.925358759599401	0.55317963246709	0.299239385711286
0	0	0	0	0.125	0.025	0.225	0.075	0.325	0.425	0.25	1.05	1.3	0.8	0.65	0.845835741196328	0.50564075780195	0.273523501001723
0	0	0	0	0.125	0.025	0.225	0.075	0.325	0.425	0.25	1.05	1.3	0.8	0.65	0.845835741196328	0.50564075780195	0.273523501001723
0	0	0	0	0.125	0.025	0.225	0.075	0.325	0.425	0.25	1.05	1.3	0.8	0.65	0.845835741196328	0.50564075780195	0.273523501001723
