0.56140350877193	0.0701754385964912	0	0	0.0701754385964912	0.157894736842105	0.140350877192982	0.12280701754386	0.087719298245614	0.0350877192982456	0.0526315789473684	0.12280701754386	0.157894736842105	0.0526315789473684	0.0350877192982456	0	0	0
0.448275862068966	2.55172413793103	1.27586206896552	0.0689655172413793	0.206896551724138	0.344827586206897	0.258620689655172	0.327586206896552	0.189655172413793	0.0517241379310345	0.0172413793103448	0.0517241379310345	0.0517241379310345	0.0172413793103448	0.103448275862069	0.0269231535659308	0.0160946660308313	0.00870631833427234
0	1.32608695652174	4.80434782608696	3.19565217391304	0.130434782608696	0.0434782608695652	0.173913043478261	0.239130434782609	0.347826086956522	0.0434782608695652	0.0217391304347826	0.0652173913043478	0.0434782608695652	0.130434782608696	0	0.0678931698619126	0.0405865491212267	0.0219550636255563
0	0	0.711864406779661	0.932203389830508	0.11864406779661	0.169491525423729	0.254237288135593	0.372881355932203	0.101694915254237	0.0677966101694915	0.0169491525423729	0.0677966101694915	0.0338983050847458	0.0677966101694915	0	0	0	0
0.0860215053763441	0	0	0.010752688172043	0.462365591397849	0.526881720430108	0.548387096774194	0.720430107526882	0.924731182795699	0.688172043010753	0.301075268817204	0.161290322580645	0.150537634408602	0.043010752688172	0	0	0	0
0	0.04	0	0.08	0.453333333333333	1.09333333333333	0.826666666666667	1.06666666666667	0.546666666666667	0.64	0.493333333333333	0.466666666666667	0.106666666666667	0.08	0.0533333333333333	0	0	0
0.032258064516129	0.112903225806452	0	0	0.0645161290322581	0.290322580645161	0.67741935483871	0.887096774193548	0.225806451612903	0.161290322580645	0.225806451612903	0.225806451612903	0.338709677419355	0.258064516129032	0.0483870967741935	0.0755585277495479	0.0451689014413652	0.0244338611316675
0	0	0	0.0133333333333333	0.0266666666666667	0.253333333333333	0.493333333333333	0.746666666666667	0.186666666666667	0.733333333333333	0.493333333333333	0.52	0.04	0.04	0.0133333333333333	0.00694019069699551	0.00414884724350318	0.00224429539283465
0	0	0.0481927710843374	0.0481927710843374	0.180722891566265	0.481927710843373	0.939759036144578	1.31325301204819	0.530120481927711	1.14457831325301	0.253012048192771	0.204819277108434	0.240963855421687	0.469879518072289	0.216867469879518	0.163052673001702	0.0974729171666409	0.0527274218798502
0.010752688172043	0.0645161290322581	0.043010752688172	0.139784946236559	0.516129032258065	0.655913978494624	0.860215053763441	1.11827956989247	1.01075268817204	0.946236559139785	0.43010752688172	0.440860215053763	0.21505376344086	0.10752688172043	0.043010752688172	0.02798463990724	0.0167292227560612	0.0090495781969139
0	0	0.0181818181818182	0.109090909090909	0.181818181818182	0.763636363636364	0.527272727272727	1.50909090909091	0.945454545454545	0.727272727272727	0.945454545454545	1.14545454545455	0.381818181818182	0.272727272727273	0.109090909090909	0.0283916892149816	0.0169725569052403	0.00918120842523265
0.0483870967741935	0.0161290322580645	0	0	0.032258064516129	0.145161290322581	0.403225806451613	0.67741935483871	0.516129032258065	0.645161290322581	1	1.43548387096774	0.951612903225806	0.209677419354839	0.306451612903226	0.193094015359956	0.115431637016822	0.0624420895587059
0	0	0	0	0.0638297872340425	0.25531914893617	0.234042553191489	0.74468085106383	0.553191489361702	0.48936170212766	0.446808510638298	1.34042553191489	1.29787234042553	1.61702127659574	0.829787234042553	0.476215212719373	0.284681539580803	0.153996864721101
0	0.0571428571428571	0	0	0	0.285714285714286	0.114285714285714	0.428571428571429	0.485714285714286	0.942857142857143	0.685714285714286	1.4	1.42857142857143	4.11428571428571	1.08571428571429	1.16000330221211	0.693450182128388	0.375117944230934
0	0.111111111111111	0.0740740740740741	0	0.037037037037037	0.037037037037037	0.037037037037037	0.111111111111111	0.296296296296296	0.481481481481481	0.407407407407407	0.444444444444444	1	1.18518518518519	1.11111111111111	0.790410607157822	0.472507602732306	0.255600308628391
0	0	0	0	0	0.025	0.1	0.15	0.275	0.25	0.2	0.8	1.325	1.225	0.95	0.858848598753194	0.513419846383518	0.277731554863288
0	0	0	0	0	0.025	0.1	0.15	0.275	0.25	0.2	0.8	1.325	1.225	0.95	0.858848598753194	0.513419846383518	0.277731554863288
0	0	0	0	0	0.025	0.1	0.15	0.275	0.25	0.2	0.8	1.325	1.225	0.95	0.858848598753194	0.513419846383518	0.277731554863288
