0.526315789473684	0.0701754385964912	0	0	0.0526315789473684	0.140350877192982	0.087719298245614	0.0350877192982456	0.087719298245614	0.0526315789473684	0.105263157894737	0.175438596491228	0.12280701754386	0.157894736842105	0.0701754385964912	0	0	0
0.413793103448276	4.29310344827586	1.63793103448276	0.0517241379310345	0.155172413793103	0.241379310344828	0.362068965517241	0.327586206896552	0.120689655172414	0.0862068965517241	0.0344827586206897	0.103448275862069	0.155172413793103	0.206896551724138	0.0344827586206897	0.00897438452197695	0.00536488867694376	0.00290210611142411
0	0	3.28260869565217	2.08695652173913	0	0.0434782608695652	0.0652173913043478	0.130434782608696	0.260869565217391	0.0652173913043478	0	0.0652173913043478	0	0.130434782608696	0.0652173913043478	0.101839754792869	0.0608798236818401	0.0329325954383345
0	0	0.440677966101695	0.610169491525424	0.271186440677966	0.491525423728814	0.203389830508475	0.576271186440678	0.0677966101694915	0.203389830508475	0.0169491525423729	0.0338983050847458	0.0169491525423729	0.0847457627118644	0	0	0	0
0.043010752688172	0	0	0.043010752688172	0.247311827956989	0.505376344086022	0.290322580645161	0.483870967741935	0.419354838709677	0.462365591397849	0.129032258064516	0.118279569892473	0.236559139784946	0.021505376344086	0	0	0	0
0	0.0533333333333333	0.0133333333333333	0.0133333333333333	0.32	1.22666666666667	0.893333333333333	1.08	0.466666666666667	0.8	0.613333333333333	0.413333333333333	0.106666666666667	0.24	0.0933333333333333	0	0	0
0	0	0	0	0.129032258064516	0.258064516129032	0.870967741935484	0.903225806451613	0.403225806451613	0.290322580645161	0.241935483870968	0.161290322580645	0.0645161290322581	0	0	0	0	0
0	0	0	0	0.0666666666666667	0.173333333333333	0.52	0.613333333333333	0.24	1.02666666666667	0.653333333333333	0.84	0.08	0.0266666666666667	0	0.0416411441819731	0.0248930834610191	0.0134657723570079
0	0	0.0120481927710843	0.0481927710843374	0.0963855421686747	0.301204819277108	0.506024096385542	1.4578313253012	0.421686746987952	0.867469879518072	0.144578313253012	0.144578313253012	0.132530120481928	0.228915662650602	0.108433734939759	0.0815263365008509	0.0487364585833205	0.0263637109399251
0.010752688172043	0.032258064516129	0.010752688172043	0.010752688172043	0.301075268817204	0.376344086021505	0.666666666666667	1.02150537634409	0.731182795698925	0.827956989247312	0.311827956989247	0.505376344086022	0.139784946236559	0.139784946236559	0.021505376344086	0.0727600637588239	0.0434959791657591	0.0235289033119762
0	0	0.0363636363636364	0.0727272727272727	0.0363636363636364	0.563636363636364	0.363636363636364	0.927272727272727	0.309090909090909	0.672727272727273	0.672727272727273	0.4	0.109090909090909	0.327272727272727	0.0727272727272727	0.0189277928099877	0.0113150379368268	0.00612080561682177
0.0645161290322581	0.032258064516129	0	0.0161290322580645	0.0483870967741935	0.354838709677419	0.564516129032258	0.725806451612903	0.290322580645161	0.629032258064516	1	1.09677419354839	0.838709677419355	0.548387096774194	0.419354838709677	0.386188030719911	0.230863274033645	0.124884179117412
0	0	0	0	0.0425531914893617	0.297872340425532	0.170212765957447	0.382978723404255	0.382978723404255	0.340425531914894	0.468085106382979	0.765957446808511	0.914893617021277	1.1063829787234	0.446808510638298	0.276869309720566	0.165512523012095	0.089533060884361
0.0571428571428571	0.257142857142857	0	0	0.0571428571428571	0.2	0.0857142857142857	0.685714285714286	0.914285714285714	1.05714285714286	0.857142857142857	1.14285714285714	1.4	4.45714285714286	0.857142857142857	1.04102860454933	0.622327086525477	0.336644308925197
0	0.111111111111111	0.037037037037037	0.037037037037037	0.037037037037037	0.0740740740740741	0.037037037037037	0.185185185185185	0.222222222222222	0.444444444444444	0.925925925925926	0.518518518518518	1.11111111111111	2	0.777777777777778	0.886802144616093	0.530130481114295	0.286771077973316
0	0	0	0	0.1	0.025	0.05	0.225	0.2	0.275	0.25	0.25	0.6	0.575	0.925	1.23622146790232	0.739013415249003	0.399765116848672
0	0	0	0	0.1	0.025	0.05	0.225	0.2	0.275	0.25	0.25	0.6	0.575	0.925	1.23622146790232	0.739013415249003	0.399765116848672
0	0	0	0	0.1	0.025	0.05	0.225	0.2	0.275	0.25	0.25	0.6	0.575	0.925	1.23622146790232	0.739013415249003	0.399765116848672
