0.175438596491228	0	0	0.0175438596491228	0.0175438596491228	0.087719298245614	0.0350877192982456	0.192982456140351	0.0526315789473684	0.0350877192982456	0.0526315789473684	0.12280701754386	0.105263157894737	0.0526315789473684	0.0526315789473684	0	0	0
0.551724137931034	2.17241379310345	0.517241379310345	0.0517241379310345	0.155172413793103	0.189655172413793	0.431034482758621	0.275862068965517	0.103448275862069	0.0517241379310345	0.0689655172413793	0.155172413793103	0.155172413793103	0.120689655172414	0	0.0269231535659308	0.0160946660308313	0.00870631833427234
0	1.26086956521739	4.32608695652174	4.1304347826087	0.152173913043478	0.217391304347826	0.326086956521739	0.326086956521739	0.260869565217391	0.0652173913043478	0.0217391304347826	0.0869565217391304	0.0434782608695652	0.0434782608695652	0	0.0226310566206375	0.0135288497070756	0.00731835454185211
0	0	0.423728813559322	0.661016949152542	0.169491525423729	0.355932203389831	0.220338983050847	0.305084745762712	0.0338983050847458	0.11864406779661	0.0169491525423729	0.0677966101694915	0	0.0508474576271186	0	0	0	0
0.10752688172043	0	0	0.010752688172043	0.290322580645161	0.473118279569892	0.0645161290322581	0.43010752688172	0.150537634408602	0.193548387096774	0.043010752688172	0.0537634408602151	0.129032258064516	0.021505376344086	0	0	0	0
0	0	0.0133333333333333	0.0533333333333333	0.32	0.813333333333333	0.493333333333333	0.706666666666667	0.413333333333333	0.68	0.333333333333333	0.306666666666667	0.0533333333333333	0.0266666666666667	0.0133333333333333	0	0	0
0.129032258064516	0.129032258064516	0	0	0.0645161290322581	0.161290322580645	0.580645161290323	0.661290322580645	0.209677419354839	0.145161290322581	0.370967741935484	0.370967741935484	0.645161290322581	0.483870967741935	0.0967741935483871	0.151117055499096	0.0903378028827305	0.0488677222633351
0	0	0	0	0.04	0.213333333333333	0.333333333333333	0.333333333333333	0.28	0.826666666666667	0.346666666666667	0.48	0.12	0.0666666666666667	0.04	0.0347009534849775	0.0207442362175159	0.0112214769641732
0	0	0.0120481927710843	0.0481927710843374	0.108433734939759	0.349397590361446	0.457831325301205	0.903614457831325	0.349397590361446	1.4578313253012	0.180722891566265	0.132530120481928	0.0481927710843374	0.216867469879518	0.0240963855421687	0.0125425133078232	0.00749791670512622	0.00405595552921924
0.021505376344086	0.032258064516129	0.032258064516129	0	0.150537634408602	0.311827956989247	0.494623655913978	0.741935483870968	0.698924731182796	0.56989247311828	0.354838709677419	0.311827956989247	0.258064516129032	0.139784946236559	0.0752688172043011	0.0503723518330319	0.0301126009609102	0.016289240754445
0	0	0.0181818181818182	0.109090909090909	0.163636363636364	0.6	0.618181818181818	1.25454545454545	1.01818181818182	0.763636363636364	0.781818181818182	0.636363636363636	0.236363636363636	0.327272727272727	0.109090909090909	0.075711171239951	0.0452601517473074	0.0244832224672871
0	0.0483870967741935	0	0.0161290322580645	0.0645161290322581	0.32258064516129	0.725806451612903	0.790322580645161	0.290322580645161	0.451612903225806	0.387096774193548	0.870967741935484	0.887096774193548	0.258064516129032	0.467741935483871	0.419769598608599	0.250938341340918	0.135743672953709
0.0212765957446809	0	0	0	0	0	0.0851063829787234	0.212765957446809	0.276595744680851	0.0851063829787234	0.361702127659574	0.680851063829787	0.787234042553192	0.425531914893617	0.234042553191489	0.221495447776452	0.132410018409676	0.0716264487074888
0.0285714285714286	0.114285714285714	0	0	0.0285714285714286	0.171428571428571	0.142857142857143	0.4	0.771428571428571	0.457142857142857	0.771428571428571	1.42857142857143	0.971428571428571	2.28571428571429	1.14285714285714	0.401539604611883	0.240040447659827	0.129848519156862
0	0.037037037037037	0	0	0	0.296296296296296	0.185185185185185	0.222222222222222	0.148148148148148	0.148148148148148	0.37037037037037	0.185185185185185	0.851851851851852	1.11111111111111	0.444444444444444	0.501235994783009	0.299638967586341	0.162088000593613
0	0	0	0	0	0.15	0	0.4	0.15	0.35	0.1	0.4	0.375	0.5	0.25	1.05404146210619	0.630106175107045	0.340852362786762
0	0	0	0	0	0.15	0	0.4	0.15	0.35	0.1	0.4	0.375	0.5	0.25	1.05404146210619	0.630106175107045	0.340852362786762
0	0	0	0	0	0.15	0	0.4	0.15	0.35	0.1	0.4	0.375	0.5	0.25	1.05404146210619	0.630106175107045	0.340852362786762
