0.56140350877193	0.087719298245614	0	0	0.0175438596491228	0.0526315789473684	0.0350877192982456	0.105263157894737	0.0175438596491228	0.0175438596491228	0	0.105263157894737	0	0.0701754385964912	0	0	0	0
0.5	4.41379310344828	1.53448275862069	0.0517241379310345	0.155172413793103	0.344827586206896	0.396551724137931	0.344827586206896	0.120689655172414	0.120689655172414	0.0344827586206897	0.103448275862069	0.172413793103448	0.0344827586206897	0.0344827586206897	0.0358975380879078	0.0214595547077751	0.0116084244456965
0	0.608695652173913	1.89130434782609	1.06521739130435	0.108695652173913	0.0434782608695652	0.130434782608696	0.108695652173913	0.108695652173913	0.0434782608695652	0	0.0217391304347826	0	0.0434782608695652	0	0.0226310566206375	0.0135288497070756	0.00731835454185211
0	0	0	0.305084745762712	0.101694915254237	0.254237288135593	0.0169491525423729	0.305084745762712	0	0.11864406779661	0	0.0169491525423729	0	0.0508474576271186	0	0	0	0
0.043010752688172	0	0	0.032258064516129	0.376344086021505	0.731182795698925	0.559139784946237	0.763440860215054	0.935483870967742	0.623655913978495	0.311827956989247	0.193548387096774	0.311827956989247	0.032258064516129	0	0	0	0
0	0.0533333333333333	0	0.0666666666666667	0.426666666666667	1.37333333333333	1.2	1.49333333333333	0.64	0.733333333333333	0.72	0.533333333333333	0.106666666666667	0.12	0.0666666666666667	0	0	0
0.0645161290322581	0.225806451612903	0	0	0.0967741935483871	0.290322580645161	0.935483870967742	0.887096774193548	0.32258064516129	0.225806451612903	0.32258064516129	0.209677419354839	0.661290322580645	0.483870967741935	0.145161290322581	0.16790783944344	0.100375336536367	0.0542974691814834
0	0	0	0	0.04	0.4	0.346666666666667	0.333333333333333	0.186666666666667	0.586666666666667	0.386666666666667	0.493333333333333	0.0666666666666667	0.04	0.0266666666666667	0.0208205720909865	0.0124465417305095	0.00673288617850394
0	0	0.0120481927710843	0.0481927710843373	0.0602409638554217	0.289156626506024	0.325301204819277	0.819277108433735	0.180722891566265	0.831325301204819	0.0843373493975904	0.0843373493975904	0.0481927710843373	0.0963855421686747	0.0120481927710843	0.0125425133078232	0.00749791670512622	0.00405595552921924
0.021505376344086	0.064516129032258	0.032258064516129	0.0752688172043011	0.32258064516129	0.548387096774194	0.720430107526882	1	0.763440860215054	0.881720430107527	0.32258064516129	0.365591397849462	0.247311827956989	0.129032258064516	0.064516129032258	0.0335815678886879	0.0200750673072734	0.0108594938362967
0	0	0.0181818181818182	0.163636363636364	0.127272727272727	0.509090909090909	0.363636363636364	1.07272727272727	0.763636363636364	0.727272727272727	0.8	0.727272727272727	0.327272727272727	0.2	0.163636363636364	0.0189277928099877	0.0113150379368268	0.00612080561682177
0.032258064516129	0	0	0.0161290322580645	0.032258064516129	0.129032258064516	0.564516129032258	0.774193548387097	0.241935483870968	0.645161290322581	0.661290322580645	0.903225806451613	0.725806451612903	0.354838709677419	0.419354838709677	0.394583422692083	0.235882040860463	0.127599052576486
0.0212765957446808	0	0	0	0.0638297872340425	0.276595744680851	0.25531914893617	0.212765957446808	0.25531914893617	0.191489361702128	0.468085106382979	0.361702127659574	1.87234042553191	1.34042553191489	0.829787234042553	0.730934977662293	0.43695306075193	0.236367280734713
0.0857142857142857	0.114285714285714	0	0	0.0285714285714286	0.142857142857143	0.0571428571428571	0.142857142857143	0.171428571428571	0.457142857142857	0.285714285714286	0.771428571428571	1.54285714285714	3.91428571428571	0.657142857142857	0.490770627858968	0.29338276936201	0.158703745636164
0	0	0	0	0	0.037037037037037	0	0.148148148148148	0.185185185185185	0.592592592592593	0.407407407407407	0.0740740740740741	1.18518518518519	1.51851851851852	1.14814814814815	1.17597675699091	0.70299911626026	0.380283386008093
0	0	0	0	0	0.05	0.025	0.075	0.075	0.225	0.075	0.275	0.525	0.775	0.775	1.17115718011799	0.700117972341161	0.378724847540847
0	0	0	0	0	0.05	0.025	0.075	0.075	0.225	0.075	0.275	0.525	0.775	0.775	1.17115718011799	0.700117972341161	0.378724847540847
0	0	0	0	0	0.05	0.025	0.075	0.075	0.225	0.075	0.275	0.525	0.775	0.775	1.17115718011799	0.700117972341161	0.378724847540847
