0.157894736842105	0.0701754385964912	0	0	0.0175438596491228	0.0701754385964912	0.0526315789473684	0.192982456140351	0.0175438596491228	0	0.0175438596491228	0.0701754385964912	0	0	0	0	0	0
0.0689655172413793	4.56896551724138	2.24137931034483	0.0172413793103448	0.0517241379310345	0.137931034482759	0.137931034482759	0.224137931034483	0.0517241379310345	0.0172413793103448	0	0	0.0862068965517241	0.137931034482759	0.0344827586206897	0.0269231535659308	0.0160946660308313	0.00870631833427234
0	0.543478260869565	2.69565217391304	1.82608695652174	0.217391304347826	0.0434782608695652	0	0.0652173913043478	0.456521739130435	0.0869565217391304	0.173913043478261	0	0	0	0.0217391304347826	0.0113155283103188	0.00676442485353779	0.00365917727092606
0	0	0.271186440677966	0.661016949152542	0.101694915254237	0.135593220338983	0.0847457627118644	0.186440677966102	0.0338983050847458	0.0847457627118644	0	0.0677966101694915	0.0169491525423729	0.0338983050847458	0	0	0	0
0.043010752688172	0	0	0.043010752688172	0.483870967741935	0.774193548387097	0.688172043010753	1.10752688172043	1.21505376344086	0.774193548387097	0.397849462365591	0.236559139784946	0.150537634408602	0.032258064516129	0	0	0	0
0	0.0133333333333333	0.0133333333333333	0.0533333333333333	0.32	0.92	0.533333333333333	0.533333333333333	0.346666666666667	0.4	0.32	0.373333333333333	0.0533333333333333	0.0133333333333333	0	0	0	0
0	0.0483870967741935	0	0.0161290322580645	0.0967741935483871	0.193548387096774	0.629032258064516	0.82258064516129	0.274193548387097	0.225806451612903	0.274193548387097	0.209677419354839	0.145161290322581	0.0161290322580645	0.0483870967741935	0.0335815678886879	0.0200750673072734	0.0108594938362967
0	0	0	0.0133333333333333	0.0533333333333333	0.253333333333333	0.426666666666667	0.64	0.226666666666667	0.48	0.426666666666667	0.533333333333333	0.08	0.04	0	0.00694019069699551	0.00414884724350318	0.00224429539283465
0	0	0.036144578313253	0.0481927710843374	0.0963855421686747	0.301204819277108	0.506024096385542	0.686746987951807	0.349397590361446	0.91566265060241	0.0963855421686747	0.120481927710843	0.192771084337349	0.433734939759036	0.132530120481928	0.106611363116497	0.0637322919935729	0.0344756219983636
0.032258064516129	0.0645161290322581	0.021505376344086	0.021505376344086	0.397849462365591	0.526881720430108	0.559139784946237	1.06451612903226	0.956989247311828	1.08602150537634	0.516129032258065	0.397849462365591	0.21505376344086	0.0645161290322581	0.021505376344086	0.0447754238515839	0.0267667564096979	0.0144793251150622
0	0	0	0.145454545454545	0.2	0.8	0.909090909090909	1.30909090909091	1.27272727272727	0.927272727272727	1.18181818181818	1.27272727272727	0.381818181818182	0.363636363636364	0.127272727272727	0.104102860454933	0.0622327086525477	0.0336644308925197
0.0161290322580645	0.0806451612903226	0	0.0161290322580645	0.129032258064516	0.483870967741935	0.725806451612903	0.967741935483871	0.645161290322581	0.5	0.887096774193548	1.19354838709677	0.887096774193548	0.435483870967742	0.467741935483871	0.310629502970363	0.185694372592279	0.100450317985744
0.0638297872340425	0	0	0	0.0212765957446809	0.0425531914893617	0.234042553191489	0.574468085106383	0.170212765957447	0.0851063829787234	0.595744680851064	1.42553191489362	0.914893617021277	0.765957446808511	0.212765957446809	0.188271130609985	0.112548515648224	0.0608824814013655
0.0285714285714286	0.0857142857142857	0	0	0	0.171428571428571	0.171428571428571	0.285714285714286	0.428571428571429	0.514285714285714	0.2	0.771428571428571	1.11428571428571	2.62857142857143	0.885714285714286	0.535386139482511	0.320053930213102	0.173131358875816
0	0	0.111111111111111	0	0	0.259259259259259	0	0.296296296296296	0.333333333333333	0.407407407407407	0.148148148148148	0.333333333333333	1.40740740740741	1.48148148148148	1.48148148148148	0.848245529632784	0.507081329761499	0.274302770235346
0	0	0	0	0.1	0.075	0.05	0.175	0.225	0.125	0.325	0.15	0.675	1	0.9	1.27526004057292	0.762350680993709	0.412389278433367
0	0	0	0	0.1	0.075	0.05	0.175	0.225	0.125	0.325	0.15	0.675	1	0.9	1.27526004057292	0.762350680993709	0.412389278433367
0	0	0	0	0.1	0.075	0.05	0.175	0.225	0.125	0.325	0.15	0.675	1	0.9	1.27526004057292	0.762350680993709	0.412389278433367
