0.947368421052632	0.087719298245614	0	0.0175438596491228	0.0701754385964912	0.526315789473684	0.105263157894737	0.228070175438596	0.105263157894737	0.0526315789473684	0.0526315789473684	0.175438596491228	0.140350877192982	0.0701754385964912	0.0526315789473684	0	0	0
0.448275862068966	2.41379310344828	0.672413793103448	0.0344827586206897	0.103448275862069	0.275862068965517	0.189655172413793	0.189655172413793	0.0862068965517241	0.0517241379310345	0.0344827586206897	0.0517241379310345	0.155172413793103	0.327586206896552	0.0344827586206897	0.0179487690439539	0.0107297773538875	0.00580421222284823
0	0.565217391304348	1.34782608695652	0	0	0.0434782608695652	0.0652173913043478	0.0434782608695652	0	0.0652173913043478	0	0	0	0	0.0217391304347826	0.0113155283103188	0.00676442485353779	0.00365917727092606
0	0	0.508474576271186	1	0.169491525423729	0.254237288135593	0.271186440677966	0.389830508474576	0.203389830508475	0.169491525423729	0.0169491525423729	0.0338983050847458	0.0847457627118644	0.186440677966102	0	0	0	0
0.0645161290322581	0	0	0.021505376344086	0.301075268817204	0.462365591397849	0.279569892473118	0.870967741935484	0.580645161290323	0.516129032258065	0.172043010752688	0.172043010752688	0.0967741935483871	0.043010752688172	0	0	0	0
0	0.0533333333333333	0	0.0533333333333333	0.36	1.21333333333333	0.96	1.04	0.52	0.733333333333333	0.52	0.48	0.106666666666667	0.12	0.04	0	0	0
0	0.0483870967741935	0	0	0.0645161290322581	0.0806451612903226	0.564516129032258	1.32258064516129	0.241935483870968	0.32258064516129	0.274193548387097	0.290322580645161	0.0806451612903226	0	0	0	0	0
0	0	0	0	0.0266666666666667	0.213333333333333	0.44	0.706666666666667	0.226666666666667	0.733333333333333	0.44	0.52	0.0933333333333333	0.12	0.04	0	0	0
0	0	0.0240963855421687	0.0120481927710843	0.072289156626506	0.204819277108434	0.36144578313253	0.72289156626506	0.313253012048193	0.975903614457831	0.120481927710843	0.0963855421686747	0.036144578313253	0.144578313253012	0.0120481927710843	0.0125425133078232	0.00749791670512622	0.00405595552921924
0.021505376344086	0	0.043010752688172	0.0860215053763441	0.494623655913978	0.645161290322581	0.741935483870968	1.33333333333333	1	0.849462365591398	0.419354838709677	0.483870967741935	0.333333333333333	0.301075268817204	0.043010752688172	0.0839539197217199	0.0501876682681836	0.0271487345907417
0	0	0.0181818181818182	0.181818181818182	0.290909090909091	1.21818181818182	0.963636363636364	1.89090909090909	1.47272727272727	1.14545454545455	1.32727272727273	1.47272727272727	0.509090909090909	0.218181818181818	0.109090909090909	0.0473194820249694	0.0282875948420671	0.0153020140420544
0.032258064516129	0.0161290322580645	0	0.0483870967741935	0	0.241935483870968	0.564516129032258	0.596774193548387	0.258064516129032	0.693548387096774	0.838709677419355	1.03225806451613	0.67741935483871	0.564516129032258	0.516129032258065	0.478537342413803	0.286069709128646	0.154747787167228
0	0	0	0	0.0425531914893617	0.191489361702128	0.25531914893617	0.659574468085106	0.340425531914894	0.212765957446809	0.638297872340426	1.72340425531915	0.914893617021277	0.680851063829787	0.404255319148936	0.166121585832339	0.0993075138072569	0.0537198365306166
0.0285714285714286	0	0	0	0.0857142857142857	0.142857142857143	0.142857142857143	0.542857142857143	0.8	0.542857142857143	0.628571428571429	0.828571428571429	1.2	0.8	0.6	0.550257976690358	0.328944317163466	0.177940563289033
0	0.111111111111111	0	0	0	0.111111111111111	0.333333333333333	0.0740740740740741	0.481481481481481	0.740740740740741	0.444444444444444	0.666666666666667	1.25925925925926	2.22222222222222	0.62962962962963	1.21453337197421	0.726048267613056	0.392751693746064
0	0	0	0	0	0.025	0	0.175	0.2	0.3	0.05	0.325	1.475	1.5	1.175	1.14513146500426	0.684559795178024	0.370308739817717
0	0	0	0	0	0.025	0	0.175	0.2	0.3	0.05	0.325	1.475	1.5	1.175	1.14513146500426	0.684559795178024	0.370308739817717
0	0	0	0	0	0.025	0	0.175	0.2	0.3	0.05	0.325	1.475	1.5	1.175	1.14513146500426	0.684559795178024	0.370308739817717
