0.192982456140351	0.0350877192982456	0	0	0	0.0526315789473684	0	0.263157894736842	0.0526315789473684	0.0701754385964912	0.105263157894737	0.105263157894737	0.157894736842105	0.157894736842105	0.105263157894737	0	0	0
0.482758620689655	3.62068965517241	1.18965517241379	0.0344827586206897	0.103448275862069	0.275862068965517	0.310344827586207	0.224137931034483	0.0862068965517241	0.0172413793103448	0.0344827586206897	0.0517241379310345	0.137931034482759	0.0344827586206897	0.0344827586206897	0.0358975380879078	0.0214595547077751	0.0116084244456965
0	0.956521739130435	2.58695652173913	1.82608695652174	0.173913043478261	0.0652173913043478	0.0434782608695652	0.217391304347826	0.0217391304347826	0.0434782608695652	0.0434782608695652	0	0.0869565217391304	0	0	0	0	0
0	0	0.355932203389831	0.677966101694915	0.389830508474576	0.661016949152542	0.406779661016949	0.491525423728814	0.101694915254237	0.220338983050847	0.0338983050847458	0.0847457627118644	0.0169491525423729	0.0677966101694915	0	0	0	0
0.0645161290322581	0	0	0.043010752688172	0.290322580645161	0.483870967741935	0.268817204301075	0.580645161290323	0.408602150537634	0.333333333333333	0.129032258064516	0.129032258064516	0.0752688172043011	0.021505376344086	0	0	0	0
0	0.0266666666666667	0.0266666666666667	0.04	0.226666666666667	0.826666666666667	0.76	0.866666666666667	0.386666666666667	0.56	0.546666666666667	0.426666666666667	0.0266666666666667	0.08	0.04	0	0	0
0.0645161290322581	0.0483870967741935	0	0.0161290322580645	0	0.129032258064516	0.274193548387097	1.5	0.032258064516129	0.112903225806452	0.0645161290322581	0.112903225806452	0.0967741935483871	0.0161290322580645	0	0.00839539197217199	0.00501876682681836	0.00271487345907417
0	0	0	0.0133333333333333	0.0666666666666667	0.32	0.506666666666667	0.653333333333333	0.24	0.773333333333333	0.6	0.813333333333333	0.133333333333333	0.12	0.0133333333333333	0	0	0
0	0	0	0.036144578313253	0.0963855421686747	0.265060240963855	0.578313253012048	1.03614457831325	0.44578313253012	1.04819277108434	0.168674698795181	0.120481927710843	0.192771084337349	0.530120481927711	0.27710843373494	0.188137699617348	0.112468750576893	0.0608393329382887
0.010752688172043	0.032258064516129	0.0537634408602151	0.0645161290322581	0.344086021505376	0.537634408602151	0.870967741935484	1.06451612903226	0.924731182795699	0.913978494623656	0.494623655913978	0.56989247311828	0.161290322580645	0.182795698924731	0.043010752688172	0.0559692798144799	0.0334584455121224	0.0180991563938278
0	0	0	0.0545454545454545	0.0545454545454545	0.563636363636364	0.218181818181818	1.16363636363636	0.490909090909091	0.709090909090909	0.509090909090909	0.363636363636364	0.181818181818182	0.254545454545455	0.0909090909090909	0.00946389640499387	0.00565751896841342	0.00306040280841088
0.0483870967741935	0.0161290322580645	0	0.0161290322580645	0.0967741935483871	0.403225806451613	1.11290322580645	1.32258064516129	0.903225806451613	1.2258064516129	0.774193548387097	1.12903225806452	1.11290322580645	0.435483870967742	0.516129032258065	0.377792638747739	0.225844507206826	0.122169305658338
0	0	0	0	0.0851063829787234	0.25531914893617	0.48936170212766	0.468085106382979	0.468085106382979	0.297872340425532	0.680851063829787	1.4468085106383	0.574468085106383	0.446808510638298	0.468085106382979	0.177196358221162	0.105928014727741	0.057301158965991
0.0571428571428571	0.114285714285714	0	0	0.0571428571428571	0.4	0.0857142857142857	0.257142857142857	0.542857142857143	1.17142857142857	0.457142857142857	0.942857142857143	2.57142857142857	5.14285714285714	1.4	1.2194906510435	0.729011729929844	0.394354761883803
0	0.111111111111111	0	0.037037037037037	0.037037037037037	0.0740740740740741	0.222222222222222	0.222222222222222	0.518518518518518	0.555555555555556	1	0.814814814814815	1.55555555555556	1.77777777777778	1.33333333333333	0.674740762207897	0.40336014867392	0.21819538541448
0	0	0	0	0.1	0.05	0.1	0.075	0.15	0.15	0.25	0.325	1.65	1.35	0.925	1.44442718881219	0.863478832554099	0.467093978633711
0	0	0	0	0.1	0.05	0.1	0.075	0.15	0.15	0.25	0.325	1.65	1.35	0.925	1.44442718881219	0.863478832554099	0.467093978633711
0	0	0	0	0.1	0.05	0.1	0.075	0.15	0.15	0.25	0.325	1.65	1.35	0.925	1.44442718881219	0.863478832554099	0.467093978633711
