0.912280701754386	0.087719298245614	0	0.0175438596491228	0.0526315789473684	0.333333333333333	0.0701754385964912	0.228070175438596	0.087719298245614	0.0175438596491228	0.0701754385964912	0.140350877192982	0.087719298245614	0.087719298245614	0.0526315789473684	0	0	0
0.293103448275862	3.12068965517241	1.12068965517241	0	0	0.224137931034483	0.0689655172413793	0.120689655172414	0	0.0689655172413793	0.0172413793103448	0	0.120689655172414	0.206896551724138	0	0.0269231535659308	0.0160946660308313	0.00870631833427234
0	0.804347826086957	3.47826086956522	2.69565217391304	0.195652173913043	0.260869565217391	0.326086956521739	0.282608695652174	0.217391304347826	0.130434782608696	0.0217391304347826	0.0869565217391304	0.0434782608695652	0.0434782608695652	0	0.0226310566206375	0.0135288497070756	0.00731835454185211
0	0	0.559322033898305	1.15254237288136	0.152542372881356	0.23728813559322	0.0847457627118644	0.305084745762712	0.101694915254237	0.152542372881356	0	0.0338983050847458	0.0508474576271186	0.101694915254237	0	0	0	0
0.043010752688172	0	0	0.032258064516129	0.236559139784946	0.56989247311828	0.290322580645161	0.56989247311828	0.483870967741935	0.451612903225806	0.129032258064516	0.150537634408602	0.258064516129032	0.043010752688172	0	0	0	0
0	0.04	0.0133333333333333	0.0266666666666667	0.28	0.68	0.466666666666667	0.653333333333333	0.346666666666667	0.893333333333333	0.386666666666667	0.293333333333333	0.0533333333333333	0.08	0.0533333333333333	0	0	0
0.0645161290322581	0	0	0.0161290322580645	0.161290322580645	0.17741935483871	0.596774193548387	0.725806451612903	0.467741935483871	0.258064516129032	0.564516129032258	0.306451612903226	0.225806451612903	0.0161290322580645	0.145161290322581	0.0587677438052039	0.0351313677877285	0.0190041142135192
0	0	0	0.0266666666666667	0.0533333333333333	0.453333333333333	0.306666666666667	0.72	0.24	0.4	0.186666666666667	0.2	0.0533333333333333	0.04	0.0266666666666667	0.0347009534849775	0.0207442362175159	0.0112214769641732
0	0	0.036144578313253	0.0481927710843374	0.120481927710843	0.216867469879518	0.36144578313253	0.469879518072289	0.337349397590361	1.09638554216867	0.144578313253012	0.228915662650602	0.120481927710843	0.289156626506024	0.120481927710843	0.0815263365008509	0.0487364585833205	0.0263637109399251
0	0.032258064516129	0	0.043010752688172	0.397849462365591	0.537634408602151	0.913978494623656	1.0752688172043	0.89247311827957	0.763440860215054	0.311827956989247	0.408602150537634	0.236559139784946	0.0860215053763441	0.0537634408602151	0.0559692798144799	0.0334584455121224	0.0180991563938278
0	0	0.0545454545454545	0.109090909090909	0.145454545454545	0.563636363636364	0.527272727272727	1.09090909090909	1.18181818181818	0.636363636363636	0.781818181818182	1.07272727272727	0.527272727272727	0.290909090909091	0.145454545454545	0.160886238884896	0.0961778224630282	0.052026847742985
0.032258064516129	0.0161290322580645	0	0	0	0.129032258064516	0.0645161290322581	0.32258064516129	0.419354838709677	0.661290322580645	0.870967741935484	1.41935483870968	0.774193548387097	0.241935483870968	0.274193548387097	0.159512447471268	0.0953565697095488	0.0515825957224093
0	0	0	0	0.106382978723404	0.425531914893617	0.425531914893617	0.74468085106383	0.638297872340426	0.659574468085106	0.617021276595745	1.46808510638298	0.74468085106383	0.978723404255319	0.723404255319149	0.25471976494292	0.152271521171127	0.0823704160136121
0.114285714285714	0.285714285714286	0	0	0.0285714285714286	0.171428571428571	0.0285714285714286	0.342857142857143	0.285714285714286	0.514285714285714	0.314285714285714	1.02857142857143	1	3.48571428571429	0.8	0.565129813898206	0.33783470411383	0.18274976770225
0	0	0	0	0	0.037037037037037	0	0.148148148148148	0.185185185185185	0.814814814814815	0.555555555555556	0.148148148148148	2	1.48148148148148	1.51851851851852	0.809688914649476	0.484032178408704	0.261834462497376
0	0	0	0	0	0.075	0.1	0.125	0.325	0	0.225	0.725	1	0.925	0.475	1.27526004057292	0.762350680993709	0.412389278433367
0	0	0	0	0	0.075	0.1	0.125	0.325	0	0.225	0.725	1	0.925	0.475	1.27526004057292	0.762350680993709	0.412389278433367
0	0	0	0	0	0.075	0.1	0.125	0.325	0	0.225	0.725	1	0.925	0.475	1.27526004057292	0.762350680993709	0.412389278433367
