0.421052631578947	0	0	0	0.0175438596491228	0.0526315789473684	0.0350877192982456	0.087719298245614	0.0175438596491228	0.0175438596491228	0	0.105263157894737	0.105263157894737	0.0350877192982456	0	0	0	0
0.655172413793103	3.60344827586207	1.70689655172414	0.0862068965517241	0.206896551724138	0.224137931034483	0.224137931034483	0.310344827586207	0.155172413793103	0.103448275862069	0.0517241379310345	0.155172413793103	0.0344827586206897	0	0.0344827586206897	0.0269231535659308	0.0160946660308313	0.00870631833427234
0	1.08695652173913	3.19565217391304	2.60869565217391	0.152173913043478	0.0434782608695652	0.0869565217391304	0.108695652173913	0.282608695652174	0.0869565217391304	0.0869565217391304	0	0	0	0	0	0	0
0	0	0.627118644067796	0.949152542372881	0.23728813559322	0.288135593220339	0.423728813559322	0.406779661016949	0.135593220338983	0.101694915254237	0.0338983050847458	0.0847457627118644	0.0338983050847458	0.0677966101694915	0	0	0	0
0.064516129032258	0	0	0.032258064516129	0.344086021505376	0.67741935483871	0.354838709677419	0.645161290322581	0.591397849462366	0.483870967741935	0.172043010752688	0.129032258064516	0.236559139784946	0.021505376344086	0	0	0	0
0	0.0266666666666667	0.0133333333333333	0.106666666666667	0.533333333333333	1.13333333333333	1.02666666666667	1.26666666666667	0.706666666666667	0.813333333333333	0.653333333333333	0.626666666666667	0.08	0.0533333333333333	0.0266666666666667	0	0	0
0.0645161290322581	0.0645161290322581	0	0.0161290322580645	0.0645161290322581	0.0967741935483871	0.435483870967742	1.12903225806452	0.225806451612903	0.306451612903226	0.17741935483871	0.0806451612903226	0.209677419354839	0.0161290322580645	0.0967741935483871	0.0419769598608599	0.0250938341340918	0.0135743672953709
0	0	0	0.0266666666666667	0.04	0.253333333333333	0.453333333333333	0.6	0.306666666666667	0.586666666666667	0.44	0.533333333333333	0.12	0.12	0.04	0.013880381393991	0.00829769448700635	0.0044885907856693
0	0	0	0.0120481927710843	0.0120481927710843	0.144578313253012	0.0481927710843373	0.566265060240964	0.168674698795181	0.421686746987952	0.0120481927710843	0.072289156626506	0.144578313253012	0.518072289156626	0.27710843373494	0.181866442963436	0.10871979222433	0.058811355173679
0.010752688172043	0	0.053763440860215	0.129032258064516	0.483870967741935	0.623655913978495	0.720430107526882	1.09677419354839	0.78494623655914	1.12903225806452	0.419354838709677	0.344086021505376	0.247311827956989	0.21505376344086	0.0860215053763441	0.0447754238515839	0.0267667564096979	0.0144793251150622
0	0	0.0363636363636364	0	0.0727272727272727	0.4	0.363636363636364	1.07272727272727	0.472727272727273	0.563636363636364	0.672727272727273	0.545454545454545	0.0727272727272727	0.254545454545455	0.0181818181818182	0.0189277928099877	0.0113150379368268	0.00612080561682177
0.032258064516129	0	0	0.0161290322580645	0	0.0806451612903226	0.258064516129032	0.419354838709677	0.483870967741935	0.758064516129032	0.919354838709677	1.11290322580645	0.806451612903226	0.370967741935484	0.483870967741935	0.361001854803395	0.215806973553189	0.116739558740189
0.0212765957446808	0	0	0	0	0.0638297872340425	0.0851063829787234	0.276595744680851	0.361702127659574	0.276595744680851	0.340425531914894	1.91489361702128	0.787234042553191	0.978723404255319	0.468085106382979	0.155046813443517	0.0926870128867731	0.0501385140952421
0	0	0	0	0.171428571428571	0.285714285714286	0.0857142857142857	0.857142857142857	1.2	1.05714285714286	1.17142857142857	1.28571428571429	1.31428571428571	2.85714285714286	0.714285714285714	0.461026953443273	0.275601995461282	0.14908533680973
0	0.148148148148148	0.037037037037037	0	0.037037037037037	0.037037037037037	0.037037037037037	0.259259259259259	0.222222222222222	0.481481481481481	0.518518518518518	0.666666666666667	1.62962962962963	1.55555555555556	1.55555555555556	0.559070917257971	0.334212694615534	0.180790462200569
0	0	0	0	0.15	0.05	0.15	0.2	0.25	0.275	0.425	0.725	1.675	2.275	1.225	1.14513146500426	0.684559795178024	0.370308739817717
0	0	0	0	0.15	0.05	0.15	0.2	0.25	0.275	0.425	0.725	1.675	2.275	1.225	1.14513146500426	0.684559795178024	0.370308739817717
0	0	0	0	0.15	0.05	0.15	0.2	0.25	0.275	0.425	0.725	1.675	2.275	1.225	1.14513146500426	0.684559795178024	0.370308739817717
