0.43859649122807	0.0350877192982456	0	0.0175438596491228	0.0701754385964912	0.526315789473684	0.12280701754386	0.210526315789474	0.105263157894737	0.0350877192982456	0.087719298245614	0.140350877192982	0.087719298245614	0.0701754385964912	0.0526315789473684	0	0	0
0.344827586206897	5.20689655172414	2.05172413793103	0.0344827586206897	0.103448275862069	0.0862068965517241	0.224137931034483	0.155172413793103	0.0689655172413793	0.0862068965517241	0.0862068965517241	0.103448275862069	0.0689655172413793	0	0	0	0	0
0	0.956521739130435	3.78260869565217	3.95652173913043	0.130434782608696	0.0434782608695652	0.217391304347826	0.130434782608696	0.0434782608695652	0	0.0434782608695652	0	0.0869565217391304	0	0	0	0	0
0	0	0.694915254237288	1.20338983050847	0.11864406779661	0.186440677966102	0.254237288135593	0.423728813559322	0.0677966101694915	0.0677966101694915	0.0169491525423729	0.0847457627118644	0.0169491525423729	0.0508474576271186	0	0	0	0
0.043010752688172	0	0	0.021505376344086	0.290322580645161	0.623655913978495	0.408602150537634	0.978494623655914	0.817204301075269	0.67741935483871	0.258064516129032	0.193548387096774	0.172043010752688	0.0645161290322581	0	0	0	0
0	0.0266666666666667	0.0133333333333333	0.08	0.426666666666667	1.09333333333333	0.906666666666667	1.16	0.56	0.906666666666667	0.6	0.64	0.12	0.0666666666666667	0.0133333333333333	0	0	0
0.032258064516129	0.112903225806452	0	0	0.161290322580645	0.225806451612903	0.838709677419355	0.467741935483871	0.403225806451613	0.274193548387097	0.419354838709677	0.241935483870968	0.532258064516129	0.241935483870968	0.193548387096774	0.12593087958258	0.0752815024022754	0.0407231018861126
0	0	0	0.0133333333333333	0.0266666666666667	0.2	0.186666666666667	0.76	0.133333333333333	0.293333333333333	0.0933333333333333	0.146666666666667	0	0	0	0.00694019069699551	0.00414884724350318	0.00224429539283465
0	0	0.0240963855421687	0.0481927710843374	0.144578313253012	0.325301204819277	0.662650602409639	1.03614457831325	0.469879518072289	1.19277108433735	0.265060240963855	0.0843373493975904	0.132530120481928	0.373493975903614	0.180722891566265	0.125425133078232	0.0749791670512622	0.0405595552921924
0.010752688172043	0	0.010752688172043	0.010752688172043	0.139784946236559	0.247311827956989	0.344086021505376	0.483870967741935	0.43010752688172	0.483870967741935	0.150537634408602	0.193548387096774	0.139784946236559	0.0752688172043011	0.021505376344086	0.02798463990724	0.0167292227560612	0.0090495781969139
0	0	0.0363636363636364	0.163636363636364	0.2	0.781818181818182	1.09090909090909	1.38181818181818	0.945454545454545	1.12727272727273	1.30909090909091	1.01818181818182	0.381818181818182	0.127272727272727	0.163636363636364	0.0378555856199755	0.0226300758736537	0.0122416112336435
0.0483870967741935	0.032258064516129	0	0.0161290322580645	0.0645161290322581	0.17741935483871	0.467741935483871	0.741935483870968	0.306451612903226	0.741935483870968	0.806451612903226	1.20967741935484	1.33870967741935	0.548387096774194	0.467741935483871	0.503723518330319	0.301126009609102	0.16289240754445
0.0425531914893617	0	0	0	0.0212765957446809	0.0425531914893617	0.170212765957447	0.48936170212766	0.191489361702128	0.170212765957447	0.148936170212766	1.46808510638298	0.829787234042553	1.06382978723404	0.468085106382979	0.232570220165275	0.13903051933016	0.0752077711428632
0.0571428571428571	0.0857142857142857	0	0	0.171428571428571	0.171428571428571	0.114285714285714	0.428571428571429	0.914285714285714	0.857142857142857	0.8	1.68571428571429	2.05714285714286	2.97142857142857	0.828571428571429	0.936925744094394	0.560094377872929	0.302979878032678
0	0	0.0740740740740741	0.037037037037037	0	0.0740740740740741	0	0.259259259259259	0.185185185185185	0.814814814814815	0.37037037037037	0.703703703703704	1.77777777777778	2.55555555555556	1.33333333333333	1.02175029705767	0.610802510849079	0.330410155056212
0	0	0	0	0.1	0.05	0.35	0.175	0.225	0.3	0.6	0.9	1.45	1.5	0.925	1.35333718591412	0.80902521248312	0.437637601602756
0	0	0	0	0.1	0.05	0.35	0.175	0.225	0.3	0.6	0.9	1.45	1.5	0.925	1.35333718591412	0.80902521248312	0.437637601602756
0	0	0	0	0.1	0.05	0.35	0.175	0.225	0.3	0.6	0.9	1.45	1.5	0.925	1.35333718591412	0.80902521248312	0.437637601602756
