1.33333333333333	0.210526315789474	0	0	0.0526315789473684	0.508771929824561	0.0701754385964912	0.0526315789473684	0.0526315789473684	0	0.0350877192982456	0.12280701754386	0.0350877192982456	0.0350877192982456	0	0	0	0
0.482758620689655	3.68965517241379	0.862068965517241	0.0517241379310345	0.155172413793103	0.275862068965517	0.224137931034483	0.327586206896552	0.120689655172414	0.172413793103448	0.0517241379310345	0.103448275862069	0.0862068965517241	0.0172413793103448	0.0344827586206897	0.0179487690439539	0.0107297773538875	0.00580421222284823
0	2.52173913043478	4.39130434782609	3.41304347826087	0.239130434782609	0.239130434782609	0.369565217391304	0.41304347826087	0.391304347826087	0.0869565217391304	0.130434782608696	0.0652173913043478	0.0869565217391304	0	0.0217391304347826	0.0113155283103188	0.00676442485353779	0.00365917727092606
0	0	0.440677966101695	1.06779661016949	0.169491525423729	0.271186440677966	0.23728813559322	0.288135593220339	0.0677966101694915	0.101694915254237	0.0169491525423729	0.0677966101694915	0.0169491525423729	0.0508474576271186	0	0	0	0
0.0860215053763441	0	0	0	0.397849462365591	0.591397849462366	0.473118279569892	0.838709677419355	0.827956989247312	0.43010752688172	0.258064516129032	0.150537634408602	0.118279569892473	0.010752688172043	0	0	0	0
0	0.0133333333333333	0.0133333333333333	0.08	0.36	0.96	1.09333333333333	1.24	0.626666666666667	0.693333333333333	0.653333333333333	0.48	0.0266666666666667	0.106666666666667	0.04	0	0	0
0.032258064516129	0.0645161290322581	0	0	0.209677419354839	0.241935483870968	1.08064516129032	1.32258064516129	0.564516129032258	0.370967741935484	0.419354838709677	0.306451612903226	0.387096774193548	0.241935483870968	0.0483870967741935	0.0755585277495479	0.0451689014413652	0.0244338611316675
0	0	0	0.0133333333333333	0.04	0.24	0.173333333333333	0.373333333333333	0.146666666666667	0.293333333333333	0.133333333333333	0.106666666666667	0.0666666666666667	0.04	0.04	0.0208205720909865	0.0124465417305095	0.00673288617850395
0	0	0.0120481927710843	0.0481927710843374	0.132530120481928	0.289156626506024	0.578313253012048	1	0.36144578313253	0.927710843373494	0.180722891566265	0.192771084337349	0.168674698795181	0.44578313253012	0.192771084337349	0.137967646386055	0.0824770837563885	0.0446155108214117
0.010752688172043	0.172043010752688	0.0537634408602151	0.0537634408602151	0.397849462365591	0.526881720430108	0.881720430107527	1.09677419354839	1.10752688172043	0.978494623655914	0.494623655913978	0.440860215053763	0.204301075268817	0.0860215053763441	0.043010752688172	0.016790783944344	0.0100375336536367	0.00542974691814834
0	0	0.0181818181818182	0.127272727272727	0.0545454545454545	0.327272727272727	0.327272727272727	0.618181818181818	0.418181818181818	0.418181818181818	0.381818181818182	0.145454545454545	0.2	0.109090909090909	0.127272727272727	0.132494549669914	0.0792052655577879	0.0428456393177524
0.0645161290322581	0.0645161290322581	0	0.032258064516129	0.0806451612903226	0.370967741935484	0.532258064516129	0.693548387096774	0.32258064516129	0.467741935483871	1.38709677419355	0.903225806451613	0.758064516129032	0.161290322580645	0.241935483870968	0.285443327053848	0.170638072111824	0.0923056976085218
0	0	0	0	0.0851063829787234	0.170212765957447	0.234042553191489	0.659574468085106	0.319148936170213	0.234042553191489	0.48936170212766	1.82978723404255	0.914893617021277	1.02127659574468	0.340425531914894	0.243644992554098	0.145651020250643	0.0787890935782377
0.0285714285714286	0.0857142857142857	0	0	0.0857142857142857	0.0571428571428571	0.114285714285714	0.457142857142857	0.571428571428571	0.771428571428571	0.828571428571429	1.02857142857143	2.08571428571429	3.28571428571429	1.31428571428571	0.877438395263003	0.524532830071473	0.283743060379809
0	0	0.037037037037037	0	0	0.296296296296296	0	0.37037037037037	0.481481481481481	0.444444444444444	0	0.037037037037037	0.555555555555556	0.62962962962963	0.814814814814815	0.192783074916542	0.115245756763977	0.0623415386898513
0	0	0	0	0	0.075	0.225	0.05	0.325	0.2	0.325	0.85	1.425	1.625	0.925	1.73071005506326	1.0346187813486	0.559671163588141
0	0	0	0	0	0.075	0.225	0.05	0.325	0.2	0.325	0.85	1.425	1.625	0.925	1.73071005506326	1.0346187813486	0.559671163588141
0	0	0	0	0	0.075	0.225	0.05	0.325	0.2	0.325	0.85	1.425	1.625	0.925	1.73071005506326	1.0346187813486	0.559671163588141
