0.175438596491228	0	0	0.0175438596491228	0	0.491228070175439	0	0	0.0350877192982456	0.0350877192982456	0.0350877192982456	0.0701754385964912	0.140350877192982	0.0701754385964912	0.0526315789473684	0	0	0
0.206896551724138	4.5	1.98275862068966	0.0689655172413793	0.206896551724138	0.327586206896552	0.293103448275862	0.482758620689655	0.189655172413793	0.0172413793103448	0.0172413793103448	0.0517241379310345	0.0172413793103448	0.0344827586206897	0.103448275862069	0.0269231535659308	0.0160946660308313	0.00870631833427234
0	1.84782608695652	2.58695652173913	1	0.369565217391304	0.0869565217391304	0.173913043478261	0.217391304347826	0.173913043478261	0.0652173913043478	0	0.0217391304347826	0	0.0434782608695652	0	0.0226310566206375	0.0135288497070756	0.00731835454185211
0	0	1.28813559322034	1.67796610169492	0.457627118644068	0.677966101694915	0.593220338983051	0.864406779661017	0.135593220338983	0.254237288135593	0.0508474576271186	0.11864406779661	0.0169491525423729	0.101694915254237	0	0	0	0
0.043010752688172	0	0	0.010752688172043	0.32258064516129	0.795698924731183	0.56989247311828	0.989247311827957	1	0.720430107526882	0.301075268817204	0.193548387096774	0.118279569892473	0.010752688172043	0	0	0	0
0	0.0133333333333333	0.0133333333333333	0.0266666666666667	0.2	0.533333333333333	0.36	0.373333333333333	0.213333333333333	0.333333333333333	0.2	0.226666666666667	0.0533333333333333	0.0666666666666667	0.0266666666666667	0	0	0
0.0645161290322581	0.0483870967741935	0	0.032258064516129	0.193548387096774	0.338709677419355	1.03225806451613	1.12903225806452	0.580645161290323	0.354838709677419	0.419354838709677	0.209677419354839	0.241935483870968	0.032258064516129	0.0967741935483871	0.0503723518330319	0.0301126009609102	0.016289240754445
0	0	0	0.04	0.0533333333333333	0.466666666666667	0.52	0.613333333333333	0.32	0.573333333333333	0.386666666666667	0.506666666666667	0.12	0.0533333333333333	0.0133333333333333	0.013880381393991	0.00829769448700635	0.0044885907856693
0	0	0.0120481927710843	0.0240963855421687	0.120481927710843	0.27710843373494	0.566265060240964	1.16867469879518	0.421686746987952	0.771084337349398	0.216867469879518	0.072289156626506	0.132530120481928	0.397590361445783	0.192771084337349	0.125425133078232	0.0749791670512622	0.0405595552921924
0	0	0.032258064516129	0.0537634408602151	0.268817204301075	0.462365591397849	0.655913978494624	1.04301075268817	0.89247311827957	0.709677419354839	0.473118279569892	0.333333333333333	0.333333333333333	0.129032258064516	0.0860215053763441	0.0671631357773759	0.0401501346145469	0.0217189876725934
0	0	0	0.145454545454545	0.272727272727273	0.981818181818182	1.25454545454545	1.8	0.963636363636364	1.10909090909091	0.945454545454545	0.981818181818182	0.490909090909091	0.545454545454545	0.163636363636364	0.0473194820249694	0.0282875948420671	0.0153020140420544
0.032258064516129	0.0161290322580645	0	0	0	0.161290322580645	0.306451612903226	0.483870967741935	0.580645161290323	1.19354838709677	0.758064516129032	1.41935483870968	0.790322580645161	0.338709677419355	0.532258064516129	0.436560382552943	0.260975874994555	0.141173419871857
0.0212765957446809	0	0	0	0.0638297872340425	0.0851063829787234	0.148936170212766	0.404255319148936	0.297872340425532	0.51063829787234	0.404255319148936	0.872340425531915	1.14893617021277	1.29787234042553	0.446808510638298	0.232570220165275	0.13903051933016	0.0752077711428632
0.0285714285714286	0.0285714285714286	0	0	0.0571428571428571	0.228571428571429	0.142857142857143	0.628571428571429	0.571428571428571	0.6	0.542857142857143	0.914285714285714	1.08571428571429	2.08571428571429	0.914285714285714	0.594873488313901	0.355615478014558	0.192368176528684
0	0	0.037037037037037	0	0	0.296296296296296	0.185185185185185	0.37037037037037	0.814814814814815	0.333333333333333	0.851851851851852	0.555555555555556	1.66666666666667	1.74074074074074	0.62962962962963	0.443401072308046	0.265065240557147	0.143385538986658
0	0	0	0	0	0.025	0.05	0.025	0.175	0.1	0.05	0.075	0.375	0.675	0.45	0.611604305172729	0.365617163333717	0.197778531493553
0	0	0	0	0	0.025	0.05	0.025	0.175	0.1	0.05	0.075	0.375	0.675	0.45	0.611604305172729	0.365617163333717	0.197778531493553
0	0	0	0	0	0.025	0.05	0.025	0.175	0.1	0.05	0.075	0.375	0.675	0.45	0.611604305172729	0.365617163333717	0.197778531493553
