0.754385964912281	0.0526315789473684	0	0	0.0350877192982456	0.245614035087719	0.0701754385964912	0.0175438596491228	0.0526315789473684	0.0350877192982456	0.0350877192982456	0.12280701754386	0.12280701754386	0.0526315789473684	0.0350877192982456	0	0	0
0.431034482758621	3.8448275862069	1.25862068965517	0.0344827586206897	0.120689655172414	0.0689655172413793	0.206896551724138	0.103448275862069	0.0689655172413793	0.172413793103448	0.0689655172413793	0.103448275862069	0.103448275862069	0.224137931034483	0	0	0	0
0	0.543478260869565	1.56521739130435	0.0434782608695652	0	0.0869565217391304	0.130434782608696	0.239130434782609	0.173913043478261	0.0434782608695652	0	0.0434782608695652	0	0.0869565217391304	0.0217391304347826	0.0565776415515938	0.0338221242676889	0.0182958863546303
0	0	0.779661016949153	1.1864406779661	0.101694915254237	0.271186440677966	0.0338983050847458	0.372881355932203	0.0338983050847458	0.135593220338983	0	0.0169491525423729	0.0169491525423729	0.0847457627118644	0	0	0	0
0.0645161290322581	0	0	0.043010752688172	0.301075268817204	0.731182795698925	0.290322580645161	0.89247311827957	0.591397849462366	0.548387096774194	0.172043010752688	0.193548387096774	0.118279569892473	0.010752688172043	0	0	0	0
0	0.0133333333333333	0.0266666666666667	0.0933333333333333	0.386666666666667	0.64	0.893333333333333	0.84	0.573333333333333	0.866666666666667	0.573333333333333	0.493333333333333	0.0266666666666667	0.0266666666666667	0.04	0	0	0
0	0.0483870967741935	0	0.032258064516129	0	0.290322580645161	0.32258064516129	0.67741935483871	0.0806451612903226	0.145161290322581	0.0161290322580645	0.0161290322580645	0.0806451612903226	0.032258064516129	0	0.016790783944344	0.0100375336536367	0.00542974691814834
0	0	0	0.04	0.0533333333333333	0.186666666666667	0.413333333333333	0.666666666666667	0.2	0.6	0.32	0.213333333333333	0.0533333333333333	0.0933333333333333	0	0.0208205720909865	0.0124465417305095	0.00673288617850395
0	0	0.0481927710843374	0.0481927710843374	0.156626506024096	0.421686746987952	0.734939759036145	1.25301204819277	0.457831325301205	1.72289156626506	0.228915662650602	0.192771084337349	0.108433734939759	0.289156626506024	0.036144578313253	0.0438987965773812	0.0262427084679418	0.0141958443522674
0.021505376344086	0.139784946236559	0.021505376344086	0.010752688172043	0.311827956989247	0.526881720430108	0.978494623655914	1.13978494623656	0.989247311827957	1.19354838709677	0.354838709677419	0.408602150537634	0.129032258064516	0.0967741935483871	0.021505376344086	0.0391784958701359	0.0234209118584857	0.0126694094756795
0	0	0	0.0363636363636364	0.127272727272727	0.654545454545455	0.545454545454545	1.07272727272727	0.963636363636364	0.636363636363636	0.890909090909091	0.763636363636364	0.181818181818182	0.0909090909090909	0.0363636363636364	0.141958446074908	0.0848627845262013	0.0459060421261633
0.032258064516129	0.0483870967741935	0	0	0.112903225806452	0.306451612903226	0.483870967741935	0.806451612903226	0.32258064516129	0.612903225806452	0.806451612903226	1.58064516129032	0.387096774193548	0.5	0.516129032258065	0.302234110998192	0.180675605765461	0.0977354445266702
0.0425531914893617	0	0	0	0	0.0425531914893617	0.0425531914893617	0.234042553191489	0.404255319148936	0.170212765957447	0.51063829787234	0.829787234042553	1.14893617021277	1.06382978723404	0.595744680851064	0.276869309720566	0.165512523012095	0.089533060884361
0	0	0	0	0.0571428571428571	0.2	0.0857142857142857	0.2	0.771428571428571	0.714285714285714	0.342857142857143	1.31428571428571	1	2.02857142857143	0.457142857142857	0.461026953443273	0.275601995461282	0.14908533680973
0	0	0	0	0	0.0740740740740741	0	0.185185185185185	0.37037037037037	0.0740740740740741	0.037037037037037	0.148148148148148	0.703703703703704	1.07407407407407	0.703703703703704	0.481957687291355	0.288114391909943	0.155853846724628
0	0	0	0	0	0.075	0.075	0.2	0.2	0.4	0.075	0.6	1.45	1.25	1.8	1.76974862773385	1.05795604709331	0.572295325172835
0	0	0	0	0	0.075	0.075	0.2	0.2	0.4	0.075	0.6	1.45	1.25	1.8	1.76974862773385	1.05795604709331	0.572295325172835
0	0	0	0	0	0.075	0.075	0.2	0.2	0.4	0.075	0.6	1.45	1.25	1.8	1.76974862773385	1.05795604709331	0.572295325172835
