0.192982456140351	0	0	0.0350877192982456	0	0.0350877192982456	0.0175438596491228	0	0.0526315789473684	0.0175438596491228	0.0350877192982456	0.0350877192982456	0.157894736842105	0.0526315789473684	0.0701754385964912	0	0	0
0.396551724137931	3.81034482758621	1.79310344827586	0.0517241379310345	0.155172413793103	0.293103448275862	0.379310344827586	0.362068965517241	0.137931034482759	0.0517241379310345	0.0344827586206897	0.0517241379310345	0.120689655172414	0	0.0689655172413793	0.00897438452197695	0.00536488867694376	0.00290210611142411
0	0.717391304347826	1.54347826086957	0.108695652173913	0	0.0652173913043478	0.108695652173913	0.152173913043478	0.0869565217391304	0.0217391304347826	0.0217391304347826	0.0217391304347826	0.0434782608695652	0.0434782608695652	0.0217391304347826	0.0339465849309563	0.0202932745606134	0.0109775318127782
0	0	0.593220338983051	0.830508474576271	0.338983050847458	0.576271186440678	0.389830508474576	0.525423728813559	0.0677966101694915	0.203389830508475	0.0338983050847458	0.0847457627118644	0	0.0677966101694915	0	0	0	0
0.043010752688172	0	0	0.0645161290322581	0.247311827956989	0.602150537634409	0.344086021505376	0.731182795698925	0.559139784946237	0.516129032258065	0.172043010752688	0.172043010752688	0.0752688172043011	0.0752688172043011	0	0	0	0
0	0.0266666666666667	0.0133333333333333	0.0666666666666667	0.453333333333333	0.906666666666667	0.653333333333333	0.693333333333333	0.413333333333333	0.573333333333333	0.36	0.44	0.106666666666667	0.12	0.0266666666666667	0	0	0
0	0.0483870967741935	0	0	0.225806451612903	0.274193548387097	1.17741935483871	1.19354838709677	0.67741935483871	0.370967741935484	0.483870967741935	0.258064516129032	0.0806451612903226	0	0.0483870967741935	0.016790783944344	0.0100375336536367	0.00542974691814834
0	0	0	0.0133333333333333	0.0266666666666667	0.253333333333333	0.373333333333333	0.6	0.173333333333333	0.533333333333333	0.346666666666667	0.4	0.04	0.0266666666666667	0	0.013880381393991	0.00829769448700635	0.0044885907856693
0	0	0.036144578313253	0.036144578313253	0.0843373493975904	0.216867469879518	0.493975903614458	0.759036144578313	0.313253012048193	1.16867469879518	0.144578313253012	0.0963855421686747	0.036144578313253	0.228915662650602	0.0120481927710843	0.0125425133078232	0.00749791670512622	0.00405595552921924
0.010752688172043	0.032258064516129	0.021505376344086	0	0.258064516129032	0.505376344086022	0.827956989247312	0.989247311827957	0.924731182795699	0.774193548387097	0.268817204301075	0.333333333333333	0.225806451612903	0.182795698924731	0.0860215053763441	0.0615662077959279	0.0368042900633346	0.0199090720332106
0	0	0	0.0727272727272727	0.254545454545455	0.963636363636364	1.16363636363636	1.63636363636364	1.45454545454545	1.16363636363636	1.2	0.872727272727273	0.472727272727273	0.181818181818182	0.127272727272727	0.217669617314859	0.130122936273509	0.0703892645934503
0.0483870967741935	0.0161290322580645	0	0.032258064516129	0.032258064516129	0.209677419354839	0.419354838709677	0.483870967741935	0.306451612903226	0.645161290322581	1.33870967741935	1.06451612903226	0.919354838709677	0.532258064516129	0.467741935483871	0.453351166497287	0.271013408648191	0.146603166790005
0.0212765957446809	0	0	0	0.0212765957446809	0	0.127659574468085	0.25531914893617	0.319148936170213	0.170212765957447	0.340425531914894	0.531914893617021	1.40425531914894	0.936170212765957	0.446808510638298	0.25471976494292	0.152271521171127	0.0823704160136121
0	0	0	0	0.0285714285714286	0.371428571428571	0.2	0.4	0.571428571428571	0.628571428571429	0.542857142857143	1.02857142857143	1.31428571428571	3.37142857142857	1.08571428571429	0.684104511560986	0.408957799716742	0.221223403007987
0	0.037037037037037	0.037037037037037	0	0	0.111111111111111	0.333333333333333	0.407407407407407	0.407407407407407	0.518518518518518	0.925925925925926	0.925925925925926	0.888888888888889	1.33333333333333	0.481481481481481	1.29164660194083	0.772146570318647	0.417688309222004
0	0	0	0	0.1	0.05	0.1	0.05	0.125	0.025	0.225	0.15	1.5	1.35	0.925	1.01500288943559	0.60676890936234	0.328228201202067
0	0	0	0	0.1	0.05	0.1	0.05	0.125	0.025	0.225	0.15	1.5	1.35	0.925	1.01500288943559	0.60676890936234	0.328228201202067
0	0	0	0	0.1	0.05	0.1	0.05	0.125	0.025	0.225	0.15	1.5	1.35	0.925	1.01500288943559	0.60676890936234	0.328228201202067
