1.14035087719298	0.140350877192982	0	0.0175438596491228	0.0350877192982456	0.087719298245614	0.105263157894737	0.087719298245614	0.0701754385964912	0.0526315789473684	0.0350877192982456	0.0350877192982456	0.105263157894737	0.0526315789473684	0.0526315789473684	0	0	0
0.431034482758621	4.39655172413793	1.86206896551724	0.0517241379310345	0.155172413793103	0.275862068965517	0.275862068965517	0.275862068965517	0.137931034482759	0.155172413793103	0.0172413793103448	0.0517241379310345	0.137931034482759	0.327586206896552	0.0689655172413793	0.00897438452197695	0.00536488867694376	0.00290210611142411
0	0.717391304347826	4.8695652173913	2.93478260869565	0.152173913043478	0.0217391304347826	0.0217391304347826	0.260869565217391	0.391304347826087	0.0217391304347826	0.108695652173913	0.0434782608695652	0.0434782608695652	0.0869565217391304	0.0217391304347826	0.0565776415515938	0.0338221242676889	0.0182958863546303
0	0	0.525423728813559	0.864406779661017	0.203389830508475	0.305084745762712	0.0677966101694915	0.254237288135593	0.0338983050847458	0.169491525423729	0	0.0508474576271186	0.0169491525423729	0.0508474576271186	0	0	0	0
0.021505376344086	0	0	0.021505376344086	0.247311827956989	0.559139784946237	0.172043010752688	0.451612903225806	0.279569892473118	0.537634408602151	0.0860215053763441	0.0967741935483871	0.301075268817204	0.032258064516129	0	0	0	0
0	0.0266666666666667	0.0133333333333333	0.08	0.453333333333333	1.08	1.05333333333333	1.22666666666667	0.6	0.84	0.64	0.56	0.08	0.08	0.0133333333333333	0	0	0
0.0967741935483871	0.0645161290322581	0	0.0161290322580645	0	0.193548387096774	0.306451612903226	1.17741935483871	0.0161290322580645	0.0967741935483871	0.0967741935483871	0.129032258064516	0.354838709677419	0.258064516129032	0.0483870967741935	0.0839539197217199	0.0501876682681836	0.0271487345907417
0	0	0	0.0266666666666667	0.0533333333333333	0.386666666666667	0.293333333333333	0.653333333333333	0.16	0.4	0.2	0.226666666666667	0.0266666666666667	0.0133333333333333	0.0133333333333333	0.00694019069699551	0.00414884724350318	0.00224429539283465
0	0	0.0240963855421687	0.0240963855421687	0.120481927710843	0.240963855421687	0.493975903614458	0.867469879518072	0.385542168674699	1.01204819277108	0.204819277108434	0.108433734939759	0.132530120481928	0.421686746987952	0.180722891566265	0.125425133078232	0.0749791670512622	0.0405595552921924
0.010752688172043	0.118279569892473	0.043010752688172	0.10752688172043	0.301075268817204	0.440860215053763	0.666666666666667	0.741935483870968	0.655913978494624	0.860215053763441	0.301075268817204	0.440860215053763	0.247311827956989	0.139784946236559	0.0645161290322581	0.0391784958701359	0.0234209118584857	0.0126694094756795
0	0	0	0.272727272727273	0.163636363636364	0.672727272727273	0.654545454545455	1.32727272727273	0.945454545454545	0.763636363636364	0.727272727272727	0.727272727272727	0.109090909090909	0.127272727272727	0.218181818181818	0.0662472748349571	0.039602632778894	0.0214228196588762
0.0161290322580645	0.032258064516129	0	0.0161290322580645	0.032258064516129	0.193548387096774	0.629032258064516	0.806451612903226	0.290322580645161	0.838709677419355	0.67741935483871	1.14516129032258	0.612903225806452	0.435483870967742	0.709677419354839	0.486932734385975	0.291088475955465	0.157462660626302
0.0212765957446809	0	0	0	0.106382978723404	0.276595744680851	0.382978723404255	0.404255319148936	0.638297872340426	0.51063829787234	0.702127659574468	1.14893617021277	1.57446808510638	1.57446808510638	0.74468085106383	0.697710660495825	0.417091557990479	0.22562331342859
0	0	0	0	0.114285714285714	0.257142857142857	0.142857142857143	0.485714285714286	0.628571428571429	1	0.485714285714286	0.8	1.88571428571429	3.17142857142857	0.971428571428571	0.922053906886546	0.551203990922565	0.29817067361946
0	0.111111111111111	0.0740740740740741	0	0.037037037037037	0.0740740740740741	0.037037037037037	0.222222222222222	0.222222222222222	0.296296296296296	0.62962962962963	0.555555555555556	1.74074074074074	1.7037037037037	1.18518518518519	0.559070917257972	0.334212694615534	0.180790462200569
0	0	0	0	0.05	0.125	0.125	0.075	0.275	0.2	0.25	0.5	1.025	0.9	0.625	0.962951459208127	0.575652555036066	0.311395985755807
0	0	0	0	0.05	0.125	0.125	0.075	0.275	0.2	0.25	0.5	1.025	0.9	0.625	0.962951459208127	0.575652555036066	0.311395985755807
0	0	0	0	0.05	0.125	0.125	0.075	0.275	0.2	0.25	0.5	1.025	0.9	0.625	0.962951459208127	0.575652555036066	0.311395985755807
