2.10526315789474	0.192982456140351	0	0	0.0526315789473684	0.280701754385965	0.105263157894737	0.210526315789474	0.0526315789473684	0.0350877192982456	0.0350877192982456	0.12280701754386	0.087719298245614	0.0350877192982456	0	0	0	0
0.413793103448276	3.20689655172414	1.3448275862069	0.0344827586206897	0.103448275862069	0.258620689655172	0.344827586206897	0.241379310344828	0.0862068965517241	0.0517241379310345	0.0172413793103448	0.0517241379310345	0.189655172413793	0.241379310344828	0.0344827586206897	0.00897438452197695	0.00536488867694376	0.00290210611142411
0	0.239130434782609	2.93478260869565	2.73913043478261	0.195652173913043	0.0434782608695652	0.152173913043478	0.282608695652174	0.195652173913043	0.0652173913043478	0.0217391304347826	0.0217391304347826	0.0434782608695652	0.0434782608695652	0	0.0226310566206375	0.0135288497070756	0.00731835454185211
0	0	0.610169491525424	0.76271186440678	0.338983050847458	0.457627118644068	0.389830508474576	0.440677966101695	0.101694915254237	0.169491525423729	0.0338983050847458	0.0677966101694915	0.0169491525423729	0.0508474576271186	0	0	0	0
0.021505376344086	0	0	0.032258064516129	0.290322580645161	0.612903225806452	0.397849462365591	0.838709677419355	0.806451612903226	0.645161290322581	0.258064516129032	0.182795698924731	0.268817204301075	0	0	0	0	0
0	0.0133333333333333	0	0.0933333333333333	0.48	1.22666666666667	0.933333333333333	1.01333333333333	0.6	0.653333333333333	0.506666666666667	0.626666666666667	0.106666666666667	0.08	0.0266666666666667	0	0	0
0.145161290322581	0	0	0.032258064516129	0.161290322580645	0.209677419354839	0.870967741935484	1	0.483870967741935	0.241935483870968	0.354838709677419	0.241935483870968	0.0645161290322581	0.032258064516129	0.0483870967741935	0.0335815678886879	0.0200750673072734	0.0108594938362967
0	0	0	0.0133333333333333	0.0133333333333333	0.173333333333333	0.24	0.24	0.133333333333333	0.28	0.16	0.146666666666667	0.0666666666666667	0.0533333333333333	0	0.013880381393991	0.00829769448700635	0.0044885907856693
0	0	0.0240963855421687	0.072289156626506	0.192771084337349	0.409638554216867	0.855421686746988	1.02409638554217	0.518072289156627	0.963855421686747	0.216867469879518	0.253012048192771	0.180722891566265	0.301204819277108	0.0602409638554217	0.062712566539116	0.0374895835256311	0.0202797776460962
0	0	0.010752688172043	0.043010752688172	0.236559139784946	0.440860215053763	0.56989247311828	0.913978494623656	0.774193548387097	0.741935483870968	0.311827956989247	0.301075268817204	0.279569892473118	0.0967741935483871	0.0537634408602151	0.0447754238515839	0.0267667564096979	0.0144793251150622
0	0	0	0.109090909090909	0.0909090909090909	0.890909090909091	0.654545454545455	1.4	1.05454545454545	0.981818181818182	1.09090909090909	1.41818181818182	0.345454545454545	0.181818181818182	0.0727272727272727	0.0946389640499388	0.0565751896841342	0.0306040280841088
0.032258064516129	0.0645161290322581	0	0.0161290322580645	0	0.338709677419355	0.451612903225806	0.564516129032258	0.661290322580645	1.11290322580645	1.20967741935484	1.43548387096774	0.661290322580645	0.483870967741935	0.629032258064516	0.394583422692083	0.235882040860463	0.127599052576486
0.0212765957446809	0	0	0	0	0.127659574468085	0.0851063829787234	0.404255319148936	0.574468085106383	0.127659574468085	0.638297872340426	0.914893617021277	1.12765957446809	1.25531914893617	0.808510638297872	0.609112481385244	0.364127550626609	0.196972733945594
0.0857142857142857	0.114285714285714	0	0	0.0857142857142857	0.171428571428571	0	0.371428571428571	0.771428571428571	0.714285714285714	0.371428571428571	1.17142857142857	1.28571428571429	1.94285714285714	0.628571428571429	0.951797581302241	0.568984764823293	0.307789082445895
0	0.037037037037037	0.037037037037037	0	0	0.0740740740740741	0.111111111111111	0.222222222222222	0.222222222222222	0.481481481481481	0.555555555555556	0.740740740740741	1.18518518518519	0.888888888888889	0.666666666666667	1.06030691204098	0.633851662201874	0.342878462794182
0	0	0	0	0.075	0.075	0.075	0.1	0.2	0.225	0.15	0.175	0.8	0.675	0.5	0.94993860165126	0.567873466454497	0.307187931894242
0	0	0	0	0.075	0.075	0.075	0.1	0.2	0.225	0.15	0.175	0.8	0.675	0.5	0.94993860165126	0.567873466454497	0.307187931894242
0	0	0	0	0.075	0.075	0.075	0.1	0.2	0.225	0.15	0.175	0.8	0.675	0.5	0.94993860165126	0.567873466454497	0.307187931894242
