0.614035087719298	0.087719298245614	0	0	0.0175438596491228	0.368421052631579	0.0350877192982456	0.175438596491228	0.0175438596491228	0.0350877192982456	0	0	0.140350877192982	0	0	0	0	0
0.310344827586207	2.56896551724138	0.741379310344828	0.0172413793103448	0.0689655172413793	0.155172413793103	0.293103448275862	0.172413793103448	0.0344827586206897	0.137931034482759	0.0689655172413793	0.0517241379310345	0.0862068965517241	0.0172413793103448	0	0.0269231535659308	0.0160946660308313	0.00870631833427234
0	0.782608695652174	3.19565217391304	2	0.130434782608696	0.0434782608695652	0.108695652173913	0.217391304347826	0.282608695652174	0	0.0217391304347826	0.0652173913043478	0.0434782608695652	0.130434782608696	0	0.0678931698619126	0.0405865491212267	0.0219550636255563
0	0	0.457627118644068	0.864406779661017	0.11864406779661	0.254237288135593	0.271186440677966	0.627118644067797	0.101694915254237	0.11864406779661	0.0169491525423729	0.0847457627118644	0.0338983050847458	0.11864406779661	0	0	0	0
0.021505376344086	0	0	0.010752688172043	0.279569892473118	0.483870967741935	0.376344086021505	0.483870967741935	0.580645161290323	0.537634408602151	0.172043010752688	0.0752688172043011	0.0752688172043011	0.021505376344086	0	0	0	0
0	0	0.0266666666666667	0.0666666666666667	0.36	0.6	0.746666666666667	0.76	0.493333333333333	0.653333333333333	0.466666666666667	0.426666666666667	0.0266666666666667	0.0266666666666667	0.0266666666666667	0	0	0
0.225806451612903	0.354838709677419	0	0	0	0.225806451612903	0.725806451612903	0.338709677419355	0.0645161290322581	0.193548387096774	0.0967741935483871	0.193548387096774	0.919354838709677	0.741935483870968	0.145161290322581	0.243466367192988	0.145544237977732	0.078731330313151
0	0	0	0.04	0.0533333333333333	0.28	0.546666666666667	0.666666666666667	0.266666666666667	0.88	0.493333333333333	0.586666666666667	0.106666666666667	0.0533333333333333	0.0266666666666667	0.00694019069699551	0.00414884724350318	0.00224429539283465
0	0	0.0481927710843374	0.036144578313253	0.120481927710843	0.228915662650602	0.433734939759036	0.698795180722892	0.385542168674699	0.63855421686747	0.144578313253012	0.180722891566265	0.120481927710843	0.373493975903614	0.108433734939759	0.0877975931547624	0.0524854169358836	0.0283916887045347
0.010752688172043	0.032258064516129	0.010752688172043	0.010752688172043	0.311827956989247	0.483870967741935	0.741935483870968	0.978494623655914	0.849462365591398	0.720430107526882	0.344086021505376	0.365591397849462	0.182795698924731	0.129032258064516	0.043010752688172	0.0391784958701359	0.0234209118584857	0.0126694094756795
0	0	0	0.181818181818182	0.127272727272727	0.727272727272727	0.709090909090909	0.981818181818182	1.03636363636364	0.763636363636364	1.01818181818182	1.16363636363636	0.4	0.109090909090909	0.0909090909090909	0.151422342479902	0.0905203034946148	0.0489664449345741
0.0645161290322581	0.0161290322580645	0	0.032258064516129	0	0.274193548387097	0.354838709677419	0.548387096774194	0.790322580645161	1.17741935483871	0.983870967741935	1.30645161290323	0.951612903225806	0.403225806451613	0.548387096774194	0.319024894942535	0.190713139419098	0.103165191444819
0.0212765957446809	0	0	0	0.191489361702128	0.340425531914894	0.382978723404255	0.468085106382979	0.617021276595745	0.531914893617021	0.936170212765957	1.5531914893617	1.17021276595745	1.38297872340426	0.382978723404255	0.332243171664679	0.198615027614514	0.107439673061233
0.171428571428571	0.485714285714286	0	0	0.114285714285714	0.685714285714286	0	0.457142857142857	0.885714285714286	1.05714285714286	0.714285714285714	1.54285714285714	1.25714285714286	3.22857142857143	0.571428571428571	0.877438395263003	0.524532830071473	0.283743060379809
0	0.037037037037037	0	0	0	0.481481481481481	0.111111111111111	0.444444444444444	0.148148148148148	0.185185185185185	0.703703703703704	0.37037037037037	1.03703703703704	0.481481481481481	0.407407407407407	0.36628784234143	0.218966937851557	0.118448923510718
0	0	0	0	0	0.15	0	0.175	0.125	0.3	0.05	0.4	0.675	0.725	0.375	1.60058147949459	0.95682789553292	0.517590624972491
0	0	0	0	0	0.15	0	0.175	0.125	0.3	0.05	0.4	0.675	0.725	0.375	1.60058147949459	0.95682789553292	0.517590624972491
0	0	0	0	0	0.15	0	0.175	0.125	0.3	0.05	0.4	0.675	0.725	0.375	1.60058147949459	0.95682789553292	0.517590624972491
