0.350877192982456	0.0350877192982456	0	0.0175438596491228	0	0.192982456140351	0.0350877192982456	0.087719298245614	0.0350877192982456	0.0350877192982456	0.0350877192982456	0.0350877192982456	0.0701754385964912	0.0526315789473684	0.0526315789473684	0	0	0
0.603448275862069	3.37931034482759	1.08620689655172	0.0344827586206897	0.103448275862069	0.275862068965517	0.172413793103448	0.224137931034483	0.0689655172413793	0.155172413793103	0.0344827586206897	0.120689655172414	0.0862068965517241	0.120689655172414	0	0.0179487690439539	0.0107297773538875	0.00580421222284823
0	0.173913043478261	3.17391304347826	2.58695652173913	0.282608695652174	0.521739130434783	0.608695652173913	0.434782608695652	0.478260869565217	0.239130434782609	0.108695652173913	0.130434782608696	0.0434782608695652	0	0.0217391304347826	0.0113155283103188	0.00676442485353779	0.00365917727092606
0	0	0.677966101694915	1.08474576271186	0.169491525423729	0.372881355932203	0.186440677966102	0.457627118644068	0.0338983050847458	0.135593220338983	0.0169491525423729	0.0338983050847458	0	0.0677966101694915	0	0	0	0
0	0	0	0.010752688172043	0.258064516129032	0.602150537634409	0.290322580645161	0.451612903225806	0.43010752688172	0.301075268817204	0.129032258064516	0.0967741935483871	0.182795698924731	0.021505376344086	0	0	0	0
0	0	0.04	0.0533333333333333	0.293333333333333	1.02666666666667	0.773333333333333	0.973333333333333	0.426666666666667	0.666666666666667	0.546666666666667	0.506666666666667	0.0266666666666667	0.0666666666666667	0.0133333333333333	0	0	0
0.258064516129032	0.129032258064516	0	0.0161290322580645	0.0645161290322581	0.193548387096774	0.693548387096774	0.774193548387097	0.209677419354839	0.17741935483871	0.17741935483871	0.0967741935483871	0.580645161290323	0.5	0.0967741935483871	0.159512447471268	0.0953565697095488	0.0515825957224093
0	0	0	0	0.04	0.08	0.266666666666667	0.28	0.12	0.44	0.306666666666667	0.4	0.0666666666666667	0.0666666666666667	0	0.0416411441819731	0.0248930834610191	0.0134657723570079
0	0	0	0.0120481927710843	0.120481927710843	0.337349397590361	0.457831325301205	1.37349397590361	0.36144578313253	0.891566265060241	0.192771084337349	0.156626506024096	0.132530120481928	0.36144578313253	0.180722891566265	0.125425133078232	0.0749791670512622	0.0405595552921924
0.021505376344086	0	0.032258064516129	0.043010752688172	0.408602150537634	0.602150537634409	0.752688172043011	1	0.870967741935484	0.849462365591398	0.376344086021505	0.290322580645161	0.225806451612903	0.118279569892473	0.043010752688172	0.0615662077959279	0.0368042900633346	0.0199090720332106
0	0	0.0181818181818182	0.109090909090909	0.127272727272727	0.745454545454545	0.927272727272727	1.61818181818182	0.727272727272727	0.909090909090909	0.836363636363636	0.763636363636364	0.2	0.309090909090909	0.0909090909090909	0.00946389640499387	0.00565751896841342	0.00306040280841088
0.0483870967741935	0.032258064516129	0	0.032258064516129	0.032258064516129	0.387096774193548	0.758064516129032	0.806451612903226	0.387096774193548	0.903225806451613	0.951612903225806	0.951612903225806	0.967741935483871	0.403225806451613	0.5	0.461746558469459	0.27603217547501	0.149318040249079
0.0212765957446809	0	0	0	0.0425531914893617	0.170212765957447	0.234042553191489	0.25531914893617	0.382978723404255	0.297872340425532	0.446808510638298	0.48936170212766	0.659574468085106	0.51063829787234	0.340425531914894	0.188271130609985	0.112548515648224	0.0608824814013655
0.0571428571428571	0.114285714285714	0	0	0.0285714285714286	0.285714285714286	0.171428571428571	0.2	0.6	0.771428571428571	0.257142857142857	1	1.25714285714286	2.17142857142857	0.742857142857143	0.907182069678699	0.542313603972201	0.293361469206243
0	0.037037037037037	0	0	0	0.37037037037037	0.111111111111111	0.185185185185185	0.555555555555556	0.518518518518518	0.37037037037037	0.37037037037037	1.18518518518519	1.81481481481481	1.18518518518519	1.00247198956602	0.599277935172681	0.324176001187227
0	0	0	0	0.05	0.1	0.05	0.225	0.275	0.225	0.125	0.3	0.7	0.475	0.65	0.936925744094394	0.560094377872929	0.302979878032678
0	0	0	0	0.05	0.1	0.05	0.225	0.275	0.225	0.125	0.3	0.7	0.475	0.65	0.936925744094394	0.560094377872929	0.302979878032678
0	0	0	0	0.05	0.1	0.05	0.225	0.275	0.225	0.125	0.3	0.7	0.475	0.65	0.936925744094394	0.560094377872929	0.302979878032678
