0.614035087719298	0.105263157894737	0	0.0350877192982456	0.0701754385964912	0.228070175438596	0.105263157894737	0.0526315789473684	0.140350877192982	0.0526315789473684	0.105263157894737	0.192982456140351	0.175438596491228	0.12280701754386	0.105263157894737	0	0	0
0.362068965517241	3.89655172413793	1.68965517241379	0.0689655172413793	0.206896551724138	0.344827586206897	0.206896551724138	0.310344827586207	0.189655172413793	0.0689655172413793	0.0517241379310345	0.0517241379310345	0.0689655172413793	0.120689655172414	0.103448275862069	0.0179487690439539	0.0107297773538875	0.00580421222284823
0	0.717391304347826	1.69565217391304	1.28260869565217	0.0434782608695652	0.0217391304347826	0.0434782608695652	0.108695652173913	0.130434782608696	0.0217391304347826	0.0217391304347826	0.0217391304347826	0.0434782608695652	0.0434782608695652	0.0217391304347826	0.0339465849309563	0.0202932745606134	0.0109775318127782
0	0	0.254237288135593	0.593220338983051	0	0.101694915254237	0.0508474576271186	0.288135593220339	0	0.0338983050847458	0	0.0508474576271186	0	0.0338983050847458	0	0	0	0
0.043010752688172	0	0	0.010752688172043	0.225806451612903	0.698924731182796	0.225806451612903	0.817204301075269	0.494623655913978	0.451612903225806	0.129032258064516	0.118279569892473	0.118279569892473	0.010752688172043	0	0	0	0
0	0.0266666666666667	0	0.0533333333333333	0.333333333333333	0.88	0.44	0.733333333333333	0.306666666666667	0.68	0.4	0.44	0.0533333333333333	0.16	0.0133333333333333	0	0	0
0	0.0483870967741935	0	0	0.161290322580645	0.145161290322581	0.903225806451613	1.35483870967742	0.467741935483871	0.338709677419355	0.387096774193548	0.161290322580645	0.0806451612903226	0	0.0483870967741935	0.016790783944344	0.0100375336536367	0.00542974691814834
0	0	0	0	0.0666666666666667	0.16	0.573333333333333	0.413333333333333	0.2	0.826666666666667	0.626666666666667	0.773333333333333	0.0666666666666667	0.04	0	0	0	0
0	0	0.0240963855421687	0.0120481927710843	0.0240963855421687	0.0843373493975904	0.216867469879518	0.506024096385542	0.228915662650602	0.518072289156627	0.0240963855421687	0.0963855421686747	0.0481927710843374	0.240963855421687	0.0843373493975904	0.0564413098852044	0.033740625173068	0.0182517998814866
0.010752688172043	0	0.043010752688172	0.0860215053763441	0.408602150537634	0.612903225806452	0.720430107526882	1.21505376344086	0.946236559139785	1.03225806451613	0.440860215053763	0.537634408602151	0.268817204301075	0.172043010752688	0.0860215053763441	0.0335815678886879	0.0200750673072734	0.0108594938362967
0	0	0.0181818181818182	0.0909090909090909	0.181818181818182	0.8	0.763636363636364	1.25454545454545	1.27272727272727	1	1.10909090909091	1.03636363636364	0.327272727272727	0.163636363636364	0.109090909090909	0.141958446074908	0.0848627845262013	0.0459060421261633
0.0645161290322581	0	0	0.032258064516129	0.0967741935483871	0.17741935483871	0.741935483870968	0.854838709677419	0.532258064516129	0.758064516129032	1.33870967741935	0.725806451612903	0.82258064516129	0.274193548387097	0.451612903225806	0.377792638747739	0.225844507206826	0.122169305658338
0.0425531914893617	0	0	0	0.106382978723404	0.127659574468085	0.425531914893617	0.340425531914894	0.25531914893617	0.212765957446809	0.74468085106383	1.36170212765957	0.638297872340426	0.872340425531915	0.340425531914894	0.299018854498211	0.178753524853062	0.0966957057551099
0.0285714285714286	0	0	0	0.0857142857142857	0.257142857142857	0.2	0.485714285714286	0.8	0.971428571428571	0.8	1.37142857142857	2.57142857142857	4.11428571428571	1.57142857142857	0.922053906886546	0.551203990922565	0.29817067361946
0	0.037037037037037	0.0740740740740741	0	0	0.111111111111111	0.111111111111111	0.185185185185185	0.296296296296296	0.777777777777778	0.518518518518518	0.740740740740741	1.2962962962963	1.37037037037037	1.96296296296296	1.07958521953263	0.645376237878272	0.349112616663168
0	0	0	0	0.1	0.025	0.125	0.175	0.15	0.325	0.225	0.4	1.025	0.625	0.7	1.52250433415339	0.910153364043509	0.492342301803101
0	0	0	0	0.1	0.025	0.125	0.175	0.15	0.325	0.225	0.4	1.025	0.625	0.7	1.52250433415339	0.910153364043509	0.492342301803101
0	0	0	0	0.1	0.025	0.125	0.175	0.15	0.325	0.225	0.4	1.025	0.625	0.7	1.52250433415339	0.910153364043509	0.492342301803101
