1.7719298245614	0.210526315789474	0	0.0175438596491228	0.298245614035088	0.87719298245614	0.421052631578947	0.350877192982456	0.315789473684211	0	0.105263157894737	0.228070175438596	0.0350877192982456	0	0.0175438596491228	0	0	0
0.620689655172414	4.79310344827586	1.43103448275862	0.0344827586206897	0.103448275862069	0.396551724137931	0.241379310344828	0.275862068965517	0.0862068965517241	0.120689655172414	0.0517241379310345	0.0517241379310345	0.137931034482759	0.0172413793103448	0.0344827586206897	0.0269231535659308	0.0160946660308313	0.00870631833427234
0	1.15217391304348	2.82608695652174	1.60869565217391	0.152173913043478	0.0434782608695652	0.152173913043478	0.217391304347826	0.0869565217391304	0	0	0	0	0	0	0	0	0
0	0	0.694915254237288	1	0.220338983050847	0.372881355932203	0.23728813559322	0.322033898305085	0.0677966101694915	0.152542372881356	0.0169491525423729	0.0677966101694915	0.0169491525423729	0.0677966101694915	0	0	0	0
0.0645161290322581	0	0	0.032258064516129	0.290322580645161	0.494623655913978	0.301075268817204	0.731182795698925	0.559139784946237	0.473118279569892	0.172043010752688	0.139784946236559	0.290322580645161	0.021505376344086	0	0	0	0
0	0.0533333333333333	0.0133333333333333	0.0666666666666667	0.453333333333333	1.2	0.693333333333333	1.08	0.506666666666667	0.813333333333333	0.493333333333333	0.533333333333333	0.133333333333333	0.0933333333333333	0.04	0	0	0
0.032258064516129	0.112903225806452	0	0.0645161290322581	0.129032258064516	0.370967741935484	0.967741935483871	1.33870967741935	0.387096774193548	0.354838709677419	0.290322580645161	0.129032258064516	0.467741935483871	0.306451612903226	0.145161290322581	0.142721663526924	0.0853190360559121	0.0461528488042609
0	0	0	0.0133333333333333	0.0533333333333333	0.253333333333333	0.573333333333333	0.626666666666667	0.306666666666667	0.733333333333333	0.653333333333333	0.8	0.133333333333333	0.0666666666666667	0.0133333333333333	0.00694019069699551	0.00414884724350318	0.00224429539283465
0	0	0	0.072289156626506	0.072289156626506	0.337349397590361	0.337349397590361	0.807228915662651	0.265060240963855	1.27710843373494	0.120481927710843	0.072289156626506	0.036144578313253	0.0843373493975904	0.0120481927710843	0.0125425133078232	0.00749791670512622	0.00405595552921924
0.021505376344086	0	0.032258064516129	0.129032258064516	0.333333333333333	0.612903225806452	0.752688172043011	1.18279569892473	0.860215053763441	0.78494623655914	0.397849462365591	0.440860215053763	0.311827956989247	0.193548387096774	0.0860215053763441	0.0559692798144799	0.0334584455121224	0.0180991563938278
0	0	0.0181818181818182	0.0363636363636364	0.0909090909090909	0.545454545454545	0.345454545454545	1.12727272727273	0.854545454545454	0.6	0.618181818181818	0.854545454545454	0.236363636363636	0.236363636363636	0.0909090909090909	0.0378555856199755	0.0226300758736537	0.0122416112336435
0.0967741935483871	0.0161290322580645	0	0	0	0.145161290322581	0.32258064516129	0.435483870967742	0.32258064516129	0.516129032258065	1.24193548387097	0.82258064516129	0.661290322580645	0.419354838709677	0.387096774193548	0.260257151137332	0.155581771631369	0.0841610772312993
0	0	0	0	0.148936170212766	0.361702127659574	0.446808510638298	0.297872340425532	0.617021276595745	0.638297872340426	0.893617021276596	1.61702127659574	0.808510638297872	0.957446808510638	0.382978723404255	0.199345902998807	0.119169016568708	0.0644638038367399
0.0285714285714286	0.0285714285714286	0	0	0.0571428571428571	0.285714285714286	0.0571428571428571	0.485714285714286	0.628571428571429	1.08571428571429	0.6	1.17142857142857	1.25714285714286	1.74285714285714	0.542857142857143	0.862566558055156	0.515642443121109	0.278933855966592
0	0.111111111111111	0	0	0.037037037037037	0.0740740740740741	0.222222222222222	0.518518518518518	0.518518518518518	0.296296296296296	1	0.777777777777778	1.59259259259259	1.44444444444444	1	0.501235994783009	0.299638967586341	0.162088000593613
0	0	0	0	0	0.025	0	0.075	0.2	0.25	0.1	0.2	0.425	0.6	0.475	1.08006717721993	0.645664352270182	0.349268470509892
0	0	0	0	0	0.025	0	0.075	0.2	0.25	0.1	0.2	0.425	0.6	0.475	1.08006717721993	0.645664352270182	0.349268470509892
0	0	0	0	0	0.025	0	0.075	0.2	0.25	0.1	0.2	0.425	0.6	0.475	1.08006717721993	0.645664352270182	0.349268470509892
