0.280701754385965	0.0350877192982456	0	0.0175438596491228	0	0.350877192982456	0	0.105263157894737	0.0350877192982456	0.0701754385964912	0.0350877192982456	0.087719298245614	0.192982456140351	0.0701754385964912	0.0526315789473684	0	0	0
0.517241379310345	4.37931034482759	1.32758620689655	0.0344827586206897	0.103448275862069	0.189655172413793	0.120689655172414	0.120689655172414	0.0689655172413793	0.137931034482759	0.0517241379310345	0.103448275862069	0.103448275862069	0.0344827586206897	0	0.0179487690439539	0.0107297773538875	0.00580421222284823
0	0.717391304347826	3.34782608695652	2.04347826086957	0.0217391304347826	0	0.0434782608695652	0.108695652173913	0.0434782608695652	0	0.0217391304347826	0	0.0434782608695652	0	0	0	0	0
0	0	0.186440677966102	0.711864406779661	0.169491525423729	0.254237288135593	0.254237288135593	0.186440677966102	0.0677966101694915	0.0847457627118644	0.0169491525423729	0.0847457627118644	0.0169491525423729	0.0338983050847458	0	0	0	0
0.0645161290322581	0	0	0.032258064516129	0.247311827956989	0.516129032258065	0.258064516129032	0.741935483870968	0.559139784946237	0.494623655913978	0.172043010752688	0.161290322580645	0.193548387096774	0.032258064516129	0	0	0	0
0	0.04	0.0133333333333333	0.04	0.293333333333333	1.10666666666667	0.733333333333333	0.88	0.4	0.866666666666667	0.44	0.466666666666667	0.08	0.133333333333333	0.04	0	0	0
0.129032258064516	0.0967741935483871	0	0	0	0.290322580645161	0.483870967741935	1.06451612903226	0.0806451612903226	0.129032258064516	0.161290322580645	0.209677419354839	0.0645161290322581	0	0	0	0	0
0	0	0	0.0133333333333333	0.08	0.24	0.746666666666667	0.693333333333333	0.4	0.986666666666667	0.88	1.2	0.12	0.04	0.0133333333333333	0.0347009534849775	0.0207442362175159	0.0112214769641732
0	0	0.0120481927710843	0.0602409638554217	0.192771084337349	0.530120481927711	0.831325301204819	1.37349397590361	0.55421686746988	1.39759036144578	0.265060240963855	0.228915662650602	0.481927710843373	1.2289156626506	0.63855421686747	0.445259222427724	0.266176043031981	0.143986421287283
0.043010752688172	0.0967741935483871	0.032258064516129	0.032258064516129	0.247311827956989	0.505376344086022	0.741935483870968	0.956989247311828	0.924731182795699	0.698924731182796	0.311827956989247	0.32258064516129	0.236559139784946	0.10752688172043	0.0537634408602151	0.022387711925792	0.013383378204849	0.00723966255753112
0	0	0.0363636363636364	0.163636363636364	0.236363636363636	1.18181818181818	1.18181818181818	2.25454545454545	1.18181818181818	1.23636363636364	1.21818181818182	1.10909090909091	0.418181818181818	0.309090909090909	0.127272727272727	0.0473194820249694	0.0282875948420671	0.0153020140420544
0.0161290322580645	0.0483870967741935	0	0.0161290322580645	0.032258064516129	0.274193548387097	0.387096774193548	0.483870967741935	0.274193548387097	0.596774193548387	0.629032258064516	1	0.629032258064516	0.258064516129032	0.258064516129032	0.310629502970363	0.185694372592279	0.100450317985744
0	0	0	0	0.127659574468085	0.574468085106383	0.531914893617021	0.404255319148936	0.659574468085106	0.51063829787234	0.638297872340426	1	0.787234042553192	0.702127659574468	0.25531914893617	0.177196358221162	0.105928014727741	0.057301158965991
0.0571428571428571	0.0857142857142857	0	0	0.0285714285714286	0.285714285714286	0.114285714285714	0.2	0.285714285714286	0.628571428571429	0.2	0.971428571428571	1.4	3.54285714285714	0.771428571428571	0.773335534808071	0.462300121418925	0.250078629487289
0	0	0.0740740740740741	0.037037037037037	0	0.0740740740740741	0	0.259259259259259	0.333333333333333	0.444444444444444	0.185185185185185	0.740740740740741	0.592592592592593	0.851851851851852	0.481481481481481	0.462679379799701	0.276589816233545	0.149619692855643
0	0	0	0	0	0.2	0.075	0.225	0.275	0.075	0.075	0.35	0.6	0.825	0.525	2.44641722069092	1.46246865333487	0.791114125974214
0	0	0	0	0	0.2	0.075	0.225	0.275	0.075	0.075	0.35	0.6	0.825	0.525	2.44641722069092	1.46246865333487	0.791114125974214
0	0	0	0	0	0.2	0.075	0.225	0.275	0.075	0.075	0.35	0.6	0.825	0.525	2.44641722069092	1.46246865333487	0.791114125974214
