1.17543859649123	0.140350877192982	0	0.0350877192982456	0.175438596491228	0.649122807017544	0.263157894736842	0.298245614035088	0.210526315789474	0.0175438596491228	0.0526315789473684	0.12280701754386	0.0350877192982456	0	0.0350877192982456	0	0	0
0.293103448275862	3.81034482758621	1.31034482758621	0.0172413793103448	0.0517241379310345	0.189655172413793	0.258620689655172	0.310344827586207	0.0344827586206897	0.0689655172413793	0.0344827586206897	0.0517241379310345	0.120689655172414	0.155172413793103	0	0.0179487690439539	0.0107297773538875	0.00580421222284823
0	0	3.89130434782609	4.67391304347826	0.282608695652174	0.326086956521739	0.434782608695652	0.326086956521739	0.565217391304348	0.152173913043478	0.173913043478261	0.0652173913043478	0	0	0.0434782608695652	0.0226310566206375	0.0135288497070756	0.00731835454185211
0	0	0.355932203389831	0.830508474576271	0.23728813559322	0.271186440677966	0.406779661016949	0.406779661016949	0.101694915254237	0.0847457627118644	0.0338983050847458	0.0847457627118644	0.0169491525423729	0.0338983050847458	0	0	0	0
0	0	0	0.021505376344086	0.21505376344086	0.290322580645161	0.236559139784946	0.419354838709677	0.301075268817204	0.43010752688172	0.0860215053763441	0.0645161290322581	0.204301075268817	0.043010752688172	0	0	0	0
0	0.0266666666666667	0.0133333333333333	0.04	0.266666666666667	1.01333333333333	0.8	0.693333333333333	0.4	0.653333333333333	0.426666666666667	0.373333333333333	0.0266666666666667	0	0.0133333333333333	0	0	0
0	0	0	0.032258064516129	0.032258064516129	0.129032258064516	0.209677419354839	0.435483870967742	0.0645161290322581	0.0645161290322581	0.290322580645161	0.32258064516129	0.17741935483871	0.032258064516129	0.0483870967741935	0.0335815678886879	0.0200750673072734	0.0108594938362967
0	0	0	0.0266666666666667	0.0533333333333333	0.453333333333333	0.653333333333333	0.666666666666667	0.373333333333333	1	0.706666666666667	0.906666666666667	0.106666666666667	0.04	0.0133333333333333	0.00694019069699551	0.00414884724350318	0.00224429539283465
0	0	0.0481927710843374	0.036144578313253	0.0843373493975904	0.27710843373494	0.55421686746988	1.03614457831325	0.204819277108434	0.650602409638554	0.108433734939759	0.108433734939759	0.228915662650602	0.686746987951807	0.27710843373494	0.19440895627126	0.116217708929456	0.0628673107028983
0.010752688172043	0	0.0537634408602151	0.0860215053763441	0.301075268817204	0.56989247311828	1.10752688172043	1.17204301075269	1.06451612903226	0.623655913978495	0.354838709677419	0.516129032258065	0.204301075268817	0.10752688172043	0.043010752688172	0.02798463990724	0.0167292227560612	0.0090495781969139
0	0	0.0363636363636364	0.345454545454545	0.145454545454545	1.18181818181818	0.709090909090909	1.74545454545455	1.16363636363636	1.14545454545455	1.21818181818182	1.76363636363636	0.236363636363636	0.309090909090909	0.163636363636364	0.0189277928099877	0.0113150379368268	0.00612080561682177
0.0483870967741935	0.0483870967741935	0	0	0.032258064516129	0.241935483870968	0.532258064516129	0.951612903225806	0.225806451612903	0.467741935483871	0.354838709677419	1.11290322580645	0.451612903225806	0.564516129032258	0.419354838709677	0.12593087958258	0.0752815024022754	0.0407231018861126
0	0	0	0	0.0212765957446809	0.0851063829787234	0.127659574468085	0.319148936170213	0.51063829787234	0.382978723404255	0.553191489361702	0.893617021276596	1.21276595744681	1.51063829787234	0.659574468085106	0.498364757497018	0.297922541421771	0.16115950959185
0	0.0285714285714286	0	0	0	0.371428571428571	0.142857142857143	0.714285714285714	0.371428571428571	1.05714285714286	0.714285714285714	0.857142857142857	1.6	3.31428571428571	1.34285714285714	0.580001651106053	0.346725091064194	0.187558972115467
0	0	0	0	0	0.037037037037037	0	0.148148148148148	0.185185185185185	0.444444444444444	0.259259259259259	0.111111111111111	0.555555555555556	1	0.518518518518518	0.443401072308046	0.265065240557147	0.143385538986658
0	0	0	0	0.075	0.025	0.125	0	0.275	0.05	0.1	0.225	0.55	0.625	0.575	1.76974862773385	1.05795604709331	0.572295325172835
0	0	0	0	0.075	0.025	0.125	0	0.275	0.05	0.1	0.225	0.55	0.625	0.575	1.76974862773385	1.05795604709331	0.572295325172835
0	0	0	0	0.075	0.025	0.125	0	0.275	0.05	0.1	0.225	0.55	0.625	0.575	1.76974862773385	1.05795604709331	0.572295325172835
