1.19298245614035	0.245614035087719	0	0	0.0350877192982456	0.0701754385964912	0.0701754385964912	0	0.0526315789473684	0.0526315789473684	0.0526315789473684	0.0175438596491228	0.087719298245614	0.0526315789473684	0.0350877192982456	0	0	0
0.206896551724138	2.44827586206896	0.948275862068965	0.0344827586206897	0.103448275862069	0.344827586206896	0.206896551724138	0.327586206896552	0.103448275862069	0	0.0172413793103448	0	0.241379310344828	0.517241379310345	0.0689655172413793	0.0269231535659308	0.0160946660308313	0.00870631833427234
0	0.565217391304348	3.60869565217391	2.95652173913043	0.152173913043478	0.239130434782609	0.41304347826087	0.434782608695652	0.260869565217391	0.0652173913043478	0	0.0869565217391304	0	0.0434782608695652	0.0217391304347826	0.0339465849309563	0.0202932745606134	0.0109775318127782
0	0	0.0169491525423729	0.186440677966102	0	0.0677966101694915	0.0338983050847458	0.254237288135593	0.0338983050847458	0.0338983050847458	0	0.0169491525423729	0.0169491525423729	0.0508474576271186	0	0	0	0
0.043010752688172	0	0	0.032258064516129	0.43010752688172	0.591397849462366	0.591397849462366	0.774193548387097	0.978494623655914	0.56989247311828	0.301075268817204	0.161290322580645	0.0967741935483871	0.043010752688172	0	0	0	0
0	0.0133333333333333	0.0266666666666667	0.08	0.453333333333333	1.2	1.09333333333333	1.36	0.706666666666667	0.76	0.68	0.6	0.08	0.146666666666667	0.0266666666666667	0	0	0
0.129032258064516	0.0483870967741935	0	0.032258064516129	0	0.161290322580645	0.225806451612903	1.19354838709677	0.032258064516129	0.112903225806452	0.161290322580645	0.193548387096774	0.0806451612903226	0.032258064516129	0	0.016790783944344	0.0100375336536367	0.00542974691814834
0	0	0	0.0133333333333333	0.0266666666666667	0.28	0.133333333333333	0.36	0.0933333333333333	0.28	0.0933333333333333	0.0666666666666667	0.0666666666666667	0.0933333333333333	0	0.0208205720909865	0.0124465417305095	0.00673288617850394
0	0	0.0240963855421687	0.036144578313253	0.108433734939759	0.168674698795181	0.373493975903614	0.578313253012048	0.27710843373494	0.951807228915662	0.168674698795181	0.120481927710843	0.0843373493975904	0.289156626506024	0.0963855421686747	0.0689838231930276	0.0412385418781942	0.0223077554107058
0.021505376344086	0.064516129032258	0.010752688172043	0.021505376344086	0.32258064516129	0.43010752688172	0.827956989247312	0.795698924731183	0.752688172043011	0.548387096774194	0.258064516129032	0.483870967741935	0.182795698924731	0.139784946236559	0	0.0951477756846158	0.0568793573706081	0.0307685658695073
0	0	0	0.163636363636364	0.181818181818182	0.672727272727273	0.818181818181818	1.32727272727273	1.18181818181818	0.8	0.872727272727273	0.945454545454545	0.236363636363636	0.4	0.145454545454545	0.132494549669914	0.0792052655577879	0.0428456393177524
0.112903225806452	0	0	0.0161290322580645	0.0967741935483871	0.209677419354839	0.580645161290323	0.806451612903226	0.483870967741935	0.661290322580645	1.33870967741935	0.967741935483871	1.01612903225806	0.32258064516129	0.32258064516129	0.268652543109504	0.160600538458187	0.0868759506903735
0	0	0	0	0.106382978723404	0.425531914893617	0.48936170212766	0.531914893617021	0.659574468085106	0.404255319148936	0.617021276595745	1	0.851063829787234	1	0.51063829787234	0.354392716442324	0.211856029455481	0.114602317931982
0.0571428571428571	0	0	0	0.0857142857142857	0.428571428571429	0.142857142857143	0.457142857142857	1.25714285714286	0.771428571428571	0.514285714285714	1.2	1.6	2.94285714285714	0.971428571428571	0.490770627858968	0.29338276936201	0.158703745636164
0	0	0	0.0740740740740741	0	0.444444444444444	0	0.444444444444444	0.185185185185185	0.0740740740740741	0.037037037037037	0.222222222222222	1.18518518518519	1.51851851851852	0.777777777777778	0.674740762207896	0.40336014867392	0.21819538541448
0	0	0	0	0.15	0.075	0.1	0.075	0.175	0.15	0.275	0.15	0.825	0.7	0.475	0.793784310968861	0.474524403475676	0.256691285555463
0	0	0	0	0.15	0.075	0.1	0.075	0.175	0.15	0.275	0.15	0.825	0.7	0.475	0.793784310968861	0.474524403475676	0.256691285555463
0	0	0	0	0.15	0.075	0.1	0.075	0.175	0.15	0.275	0.15	0.825	0.7	0.475	0.793784310968861	0.474524403475676	0.256691285555463
