0.140350877192982	0.0350877192982456	0	0	0	0	0.0350877192982456	0.175438596491228	0	0	0.0175438596491228	0.0526315789473684	0.0175438596491228	0	0	0	0	0
0.189655172413793	3.60344827586207	1.48275862068966	0.0344827586206897	0.103448275862069	0.327586206896552	0.241379310344828	0.310344827586207	0.103448275862069	0.0862068965517241	0.0172413793103448	0	0.241379310344828	0.241379310344828	0.0689655172413793	0.0538463071318617	0.0321893320616626	0.0174126366685447
0	1.26086956521739	2.47826086956522	1.06521739130435	0.0217391304347826	0.0217391304347826	0.0434782608695652	0.0434782608695652	0.0434782608695652	0.0652173913043478	0.0217391304347826	0	0.0434782608695652	0	0	0	0	0
0	0	1.3728813559322	1.67796610169492	0.338983050847458	0.491525423728814	0.423728813559322	0.525423728813559	0.101694915254237	0.186440677966102	0.0338983050847458	0.101694915254237	0.0169491525423729	0.0677966101694915	0	0	0	0
0	0	0	0.032258064516129	0.301075268817204	0.548387096774194	0.408602150537634	0.666666666666667	0.67741935483871	0.559139784946237	0.21505376344086	0.161290322580645	0.0537634408602151	0	0	0	0	0
0	0.0266666666666667	0.0266666666666667	0.0533333333333333	0.266666666666667	0.84	0.746666666666667	0.786666666666667	0.4	0.533333333333333	0.493333333333333	0.48	0.0533333333333333	0.0666666666666667	0.0266666666666667	0	0	0
0.0967741935483871	0.112903225806452	0	0.0161290322580645	0.241935483870968	0.258064516129032	1.08064516129032	0.82258064516129	0.580645161290323	0.306451612903226	0.467741935483871	0.290322580645161	0.483870967741935	0.258064516129032	0.193548387096774	0.134326271554752	0.0803002692290937	0.0434379753451867
0	0	0	0.0266666666666667	0.0666666666666667	0.306666666666667	0.493333333333333	0.44	0.266666666666667	0.44	0.493333333333333	0.493333333333333	0.0933333333333333	0.0666666666666667	0	0.027760762787982	0.0165953889740127	0.00897718157133859
0	0	0.0240963855421687	0.072289156626506	0.0963855421686747	0.228915662650602	0.373493975903614	0.542168674698795	0.457831325301205	0.542168674698795	0.0963855421686747	0.168674698795181	0.204819277108434	0.55421686746988	0.204819277108434	0.150510159693878	0.0899750004615147	0.0486714663506309
0.032258064516129	0	0.010752688172043	0	0.333333333333333	0.516129032258065	0.666666666666667	0.838709677419355	0.634408602150538	0.752688172043011	0.344086021505376	0.408602150537634	0.193548387096774	0.193548387096774	0.0645161290322581	0.134326271554752	0.0803002692290937	0.0434379753451867
0	0	0.0181818181818182	0.109090909090909	0.109090909090909	0.654545454545455	0.490909090909091	1.34545454545455	0.618181818181818	0.709090909090909	0.563636363636364	0.563636363636364	0.272727272727273	0.218181818181818	0.145454545454545	0.0473194820249694	0.0282875948420671	0.0153020140420544
0.0483870967741935	0.032258064516129	0	0.032258064516129	0	0.17741935483871	0.32258064516129	0.419354838709677	0.338709677419355	0.790322580645161	1.01612903225806	1.03225806451613	0.661290322580645	0.306451612903226	0.258064516129032	0.310629502970363	0.185694372592279	0.100450317985744
0.0851063829787234	0	0	0	0.0212765957446809	0.0638297872340425	0.170212765957447	0.191489361702128	0.212765957446809	0.191489361702128	0.553191489361702	0.404255319148936	0.808510638297872	0.787234042553192	0.340425531914894	0.365467488831146	0.218476530375965	0.118183640367356
0	0.0285714285714286	0	0	0	0.0857142857142857	0.114285714285714	0.342857142857143	0.2	0.485714285714286	0.4	1	1.11428571428571	2.22857142857143	0.857142857142857	0.624617162729596	0.373396251915286	0.201986585355118
0	0	0.037037037037037	0	0	0.259259259259259	0.185185185185185	0.259259259259259	0.259259259259259	0.518518518518518	0.592592592592593	0.592592592592593	0.851851851851852	1.2962962962963	0.518518518518518	0.636184147224588	0.380310997321125	0.205727077676509
0	0	0	0	0.05	0.075	0.075	0.175	0.225	0.25	0.3	0.55	0.75	1	0.65	0.936925744094394	0.560094377872929	0.302979878032678
0	0	0	0	0.05	0.075	0.075	0.175	0.225	0.25	0.3	0.55	0.75	1	0.65	0.936925744094394	0.560094377872929	0.302979878032678
0	0	0	0	0.05	0.075	0.075	0.175	0.225	0.25	0.3	0.55	0.75	1	0.65	0.936925744094394	0.560094377872929	0.302979878032678
