0.280701754385965	0.0350877192982456	0	0.0175438596491228	0	0.210526315789474	0.0175438596491228	0.280701754385965	0.0526315789473684	0.0350877192982456	0.0701754385964912	0.0526315789473684	0.192982456140351	0.105263157894737	0.087719298245614	0	0	0
0.620689655172414	2.27586206896552	0.741379310344828	0.0862068965517241	0.258620689655172	0.275862068965517	0.362068965517241	0.327586206896552	0.224137931034483	0.103448275862069	0.0689655172413793	0.155172413793103	0.103448275862069	0.0344827586206897	0.0689655172413793	0.0179487690439539	0.0107297773538875	0.00580421222284823
0	0.543478260869565	2.23913043478261	1.19565217391304	0.130434782608696	0.0652173913043478	0.0652173913043478	0.108695652173913	0.260869565217391	0.0434782608695652	0.0869565217391304	0	0	0	0.0217391304347826	0.0113155283103188	0.00676442485353779	0.00365917727092606
0	0	0.694915254237288	0.932203389830508	0.220338983050847	0.338983050847458	0.220338983050847	0.305084745762712	0.0677966101694915	0.135593220338983	0.0169491525423729	0.0508474576271186	0.0169491525423729	0.0508474576271186	0	0	0	0
0.021505376344086	0	0	0	0.290322580645161	0.591397849462366	0.333333333333333	0.623655913978495	0.591397849462366	0.354838709677419	0.172043010752688	0.10752688172043	0.0967741935483871	0.043010752688172	0	0	0	0
0	0.0266666666666667	0	0.04	0.253333333333333	0.8	0.56	0.64	0.333333333333333	0.48	0.226666666666667	0.253333333333333	0.0533333333333333	0.0933333333333333	0.0266666666666667	0	0	0
0.0967741935483871	0.161290322580645	0	0.032258064516129	0.0967741935483871	0.145161290322581	0.629032258064516	1.17741935483871	0.306451612903226	0.354838709677419	0.209677419354839	0.112903225806452	0.370967741935484	0.274193548387097	0.0967741935483871	0.109140095638236	0.0652439687486387	0.0352933549679642
0	0	0	0	0.0533333333333333	0.146666666666667	0.333333333333333	0.253333333333333	0.106666666666667	0.626666666666667	0.386666666666667	0.413333333333333	0.0666666666666667	0.0666666666666667	0	0.00694019069699551	0.00414884724350318	0.00224429539283465
0	0	0.0240963855421687	0.0602409638554217	0.0602409638554217	0.36144578313253	0.337349397590361	0.373493975903614	0.216867469879518	0.855421686746988	0.0602409638554217	0.0963855421686747	0.216867469879518	0.590361445783133	0.27710843373494	0.19440895627126	0.116217708929456	0.0628673107028983
0.021505376344086	0.032258064516129	0.010752688172043	0.0537634408602151	0.365591397849462	0.537634408602151	0.838709677419355	0.806451612903226	0.795698924731183	0.752688172043011	0.247311827956989	0.354838709677419	0.129032258064516	0.0860215053763441	0.043010752688172	0.0615662077959279	0.0368042900633346	0.0199090720332106
0	0	0	0.0545454545454545	0.0727272727272727	0.381818181818182	0.654545454545455	0.872727272727273	0.672727272727273	0.636363636363636	0.872727272727273	0.709090909090909	0.236363636363636	0.163636363636364	0.0545454545454545	0.0851750676449449	0.0509176707157208	0.027543625275698
0.0967741935483871	0.0161290322580645	0	0.032258064516129	0	0.290322580645161	0.338709677419355	0.435483870967742	0.467741935483871	1.03225806451613	1.01612903225806	0.790322580645161	0.806451612903226	0.419354838709677	0.483870967741935	0.344211070859051	0.205769439899553	0.111309811822041
0	0	0	0	0.0851063829787234	0.382978723404255	0.340425531914894	0.382978723404255	0.51063829787234	0.382978723404255	0.404255319148936	0.595744680851064	1	0.851063829787234	0.48936170212766	0.365467488831146	0.218476530375965	0.118183640367356
0.0285714285714286	0.114285714285714	0	0	0.114285714285714	0.0571428571428571	0.142857142857143	0.2	0.485714285714286	1.08571428571429	0.742857142857143	1.05714285714286	2.17142857142857	4.8	1.05714285714286	1.02615676734148	0.613436699575113	0.33183510451198
0	0.037037037037037	0	0.037037037037037	0	0.0740740740740741	0.111111111111111	0.0740740740740741	0.333333333333333	0.296296296296296	0.259259259259259	0.333333333333333	0.814814814814815	0.962962962962963	0.666666666666667	0.655462454716242	0.391835572997522	0.211961231545495
0	0	0	0	0.05	0.025	0.05	0.15	0.25	0.3	0.15	0.2	0.975	1.175	0.725	1.01500288943559	0.60676890936234	0.328228201202067
0	0	0	0	0.05	0.025	0.05	0.15	0.25	0.3	0.15	0.2	0.975	1.175	0.725	1.01500288943559	0.60676890936234	0.328228201202067
0	0	0	0	0.05	0.025	0.05	0.15	0.25	0.3	0.15	0.2	0.975	1.175	0.725	1.01500288943559	0.60676890936234	0.328228201202067
