0.649122807017544	0.087719298245614	0	0	0.0175438596491228	0.210526315789474	0.0701754385964912	0.175438596491228	0.0526315789473684	0.0526315789473684	0.0701754385964912	0.0701754385964912	0.175438596491228	0.140350877192982	0.0701754385964912	0	0	0
0.206896551724138	3.17241379310345	1.79310344827586	0.0862068965517241	0.258620689655172	0.344827586206897	0.275862068965517	0.413793103448276	0.241379310344828	0.0344827586206897	0.0862068965517241	0.0517241379310345	0.137931034482759	0.310344827586207	0.137931034482759	0.00897438452197695	0.00536488867694376	0.00290210611142411
0	1.93478260869565	3.93478260869565	2.69565217391304	0.434782608695652	0.347826086956522	0.434782608695652	0.434782608695652	0.456521739130435	0.108695652173913	0.108695652173913	0.0869565217391304	0.0434782608695652	0.0434782608695652	0.0217391304347826	0.0339465849309563	0.0202932745606134	0.0109775318127782
0	0	0.745762711864407	1.15254237288136	0.169491525423729	0.271186440677966	0.288135593220339	0.389830508474576	0.169491525423729	0.152542372881356	0.0169491525423729	0.0677966101694915	0.0677966101694915	0.152542372881356	0	0	0	0
0.043010752688172	0	0	0.021505376344086	0.408602150537634	0.634408602150538	0.56989247311828	0.559139784946237	0.720430107526882	0.43010752688172	0.21505376344086	0.10752688172043	0.172043010752688	0.010752688172043	0	0	0	0
0	0.0266666666666667	0	0.0666666666666667	0.36	1.14666666666667	0.76	0.986666666666667	0.52	0.666666666666667	0.453333333333333	0.466666666666667	0.08	0.0666666666666667	0.0533333333333333	0	0	0
0.0645161290322581	0.241935483870968	0	0.0161290322580645	0	0.0483870967741935	0.370967741935484	0.854838709677419	0.0967741935483871	0.17741935483871	0.0161290322580645	0.0483870967741935	0.580645161290323	0.532258064516129	0.0967741935483871	0.159512447471268	0.0953565697095488	0.0515825957224093
0	0	0	0.04	0.04	0.173333333333333	0.266666666666667	0.533333333333333	0.226666666666667	0.453333333333333	0.0933333333333333	0.146666666666667	0.0666666666666667	0.08	0.0133333333333333	0.0416411441819731	0.0248930834610191	0.0134657723570079
0	0	0.0240963855421687	0.0481927710843374	0.180722891566265	0.397590361445783	0.891566265060241	1.25301204819277	0.662650602409639	1.24096385542169	0.313253012048193	0.156626506024096	0.265060240963855	0.759036144578313	0.36144578313253	0.257121522810376	0.153707292455088	0.0831470883489945
0	0	0.043010752688172	0.0860215053763441	0.387096774193548	0.612903225806452	0.913978494623656	1.05376344086022	0.89247311827957	0.752688172043011	0.483870967741935	0.526881720430108	0.290322580645161	0.118279569892473	0.0752688172043011	0.0503723518330319	0.0301126009609102	0.016289240754445
0	0	0.0363636363636364	0.0363636363636364	0.163636363636364	0.672727272727273	0.654545454545455	1.30909090909091	1.21818181818182	0.781818181818182	0.781818181818182	0.909090909090909	0.127272727272727	0.218181818181818	0	0.0567833784299632	0.0339451138104805	0.0183624168504653
0.032258064516129	0.0161290322580645	0	0	0	0.225806451612903	0.5	0.629032258064516	0.5	0.790322580645161	1.12903225806452	1.24193548387097	0.612903225806452	0.564516129032258	0.403225806451613	0.361001854803395	0.215806973553189	0.116739558740189
0.0212765957446809	0	0	0	0.0851063829787234	0.425531914893617	0.425531914893617	0.659574468085106	0.936170212765957	0.936170212765957	0.659574468085106	0.978723404255319	1.51063829787234	1.87234042553191	0.638297872340426	0.310093626887033	0.185374025773546	0.100277028190484
0.0285714285714286	0.0285714285714286	0	0	0.0285714285714286	0.142857142857143	0.0285714285714286	0.314285714285714	0.657142857142857	0.457142857142857	0.371428571428571	1.05714285714286	1.45714285714286	3.88571428571429	0.771428571428571	0.743591860392376	0.444519347518198	0.240460220660855
0	0	0	0	0	0	0	0.0740740740740741	0.444444444444444	0.444444444444444	0.481481481481481	0.407407407407407	2.2962962962963	2.37037037037037	1.40740740740741	0.848245529632784	0.507081329761499	0.274302770235346
0	0	0	0	0	0.05	0.05	0.3	0.15	0.325	0.05	0.125	0.2	0.4	0.625	0.741732880741395	0.443408049149402	0.239859070109203
0	0	0	0	0	0.05	0.05	0.3	0.15	0.325	0.05	0.125	0.2	0.4	0.625	0.741732880741395	0.443408049149402	0.239859070109203
0	0	0	0	0	0.05	0.05	0.3	0.15	0.325	0.05	0.125	0.2	0.4	0.625	0.741732880741395	0.443408049149402	0.239859070109203
