1.03508771929825	0.087719298245614	0	0.0175438596491228	0.0526315789473684	0.175438596491228	0.087719298245614	0.0701754385964912	0.105263157894737	0.0701754385964912	0.12280701754386	0.12280701754386	0.210526315789474	0.105263157894737	0.087719298245614	0	0	0
0.379310344827586	3.82758620689655	1.6551724137931	0.0689655172413793	0.206896551724138	0.327586206896552	0.275862068965517	0.448275862068966	0.172413793103448	0.224137931034483	0.0862068965517241	0.103448275862069	0.120689655172414	0.241379310344828	0.0689655172413793	0.00897438452197695	0.00536488867694376	0.00290210611142411
0	0.543478260869565	3.1304347826087	2.65217391304348	0.260869565217391	0.260869565217391	0.391304347826087	0.434782608695652	0.565217391304348	0.130434782608696	0.0869565217391304	0.108695652173913	0	0.0869565217391304	0.0217391304347826	0.0565776415515938	0.0338221242676889	0.0182958863546303
0	0	0.0169491525423729	0.152542372881356	0	0.0677966101694915	0.0508474576271186	0.23728813559322	0.0338983050847458	0.0338983050847458	0	0.0338983050847458	0.0169491525423729	0.0508474576271186	0	0	0	0
0.10752688172043	0	0	0.021505376344086	0.311827956989247	0.440860215053763	0.204301075268817	0.548387096774194	0.311827956989247	0.301075268817204	0.0860215053763441	0.0860215053763441	0.0537634408602151	0.0537634408602151	0	0	0	0
0	0.04	0.0133333333333333	0.133333333333333	0.626666666666667	1.30666666666667	1.26666666666667	1.49333333333333	0.84	0.906666666666667	0.786666666666667	0.706666666666667	0.106666666666667	0.08	0.04	0	0	0
0.145161290322581	0.17741935483871	0	0	0.0645161290322581	0.290322580645161	0.887096774193548	0.774193548387097	0.225806451612903	0.209677419354839	0.145161290322581	0.0806451612903226	0.596774193548387	0.483870967741935	0.0967741935483871	0.151117055499096	0.0903378028827305	0.0488677222633351
0	0	0	0.0133333333333333	0.0266666666666667	0.12	0.44	0.52	0.226666666666667	0.453333333333333	0.413333333333333	0.453333333333333	0.08	0.0666666666666667	0.0133333333333333	0.013880381393991	0.00829769448700635	0.0044885907856693
0	0	0.0240963855421687	0.0240963855421687	0.108433734939759	0.228915662650602	0.614457831325301	1.18072289156627	0.325301204819277	1.26506024096386	0.180722891566265	0.0843373493975904	0.036144578313253	0.0963855421686747	0.0120481927710843	0.0125425133078232	0.00749791670512622	0.00405595552921924
0	0.0645161290322581	0.021505376344086	0.0752688172043011	0.301075268817204	0.505376344086022	0.645161290322581	1.19354838709677	0.827956989247312	0.860215053763441	0.258064516129032	0.32258064516129	0.311827956989247	0.204301075268817	0.0752688172043011	0.0559692798144799	0.0334584455121224	0.0180991563938278
0	0	0	0.145454545454545	0.0909090909090909	0.418181818181818	0.490909090909091	0.709090909090909	0.781818181818182	0.563636363636364	0.818181818181818	0.709090909090909	0.163636363636364	0.0181818181818182	0.109090909090909	0.075711171239951	0.0452601517473074	0.0244832224672871
0.0645161290322581	0.032258064516129	0	0	0	0.403225806451613	0.419354838709677	0.693548387096774	0.725806451612903	1.2258064516129	1.24193548387097	1.46774193548387	0.854838709677419	0.483870967741935	0.467741935483871	0.319024894942535	0.190713139419098	0.103165191444819
0.0425531914893617	0	0	0	0.106382978723404	0.170212765957447	0.297872340425532	0.170212765957447	0.297872340425532	0.212765957446809	0.553191489361702	0.936170212765957	1	1.08510638297872	0.468085106382979	0.46514044033055	0.278061038660319	0.150415542285726
0.0571428571428571	0.0857142857142857	0	0	0.0285714285714286	0	0.228571428571429	0.171428571428571	0.228571428571429	0.4	0.314285714285714	0.942857142857143	1.37142857142857	2.31428571428571	0.971428571428571	0.624617162729596	0.373396251915286	0.201986585355118
0	0.111111111111111	0.0740740740740741	0	0.037037037037037	0.037037037037037	0.037037037037037	0.111111111111111	0.296296296296296	0.37037037037037	0.740740740740741	0.592592592592593	1.7037037037037	1.07407407407407	1	0.559070917257972	0.334212694615534	0.180790462200569
0	0	0	0	0	0.1	0.05	0.2	0.225	0.375	0.15	0.725	0.8	0.7	0.5	0.871861456310061	0.521198934965087	0.281939608724853
0	0	0	0	0	0.1	0.05	0.2	0.225	0.375	0.15	0.725	0.8	0.7	0.5	0.871861456310061	0.521198934965087	0.281939608724853
0	0	0	0	0	0.1	0.05	0.2	0.225	0.375	0.15	0.725	0.8	0.7	0.5	0.871861456310061	0.521198934965087	0.281939608724853
