0.719298245614035	0.0526315789473684	0	0	0.0175438596491228	0.228070175438596	0.0526315789473684	0.0175438596491228	0.0701754385964912	0.12280701754386	0.105263157894737	0.105263157894737	0.157894736842105	0.175438596491228	0.105263157894737	0	0	0
0.258620689655172	3.41379310344828	0.931034482758621	0	0	0.137931034482759	0.0862068965517241	0.0344827586206897	0	0	0	0	0.155172413793103	0.206896551724138	0	0.0269231535659308	0.0160946660308313	0.00870631833427234
0	2.17391304347826	3.5	0.978260869565217	0.0869565217391304	0.217391304347826	0.282608695652174	0.282608695652174	0.217391304347826	0.0652173913043478	0	0.0869565217391304	0	0.0434782608695652	0	0.0226310566206375	0.0135288497070756	0.00731835454185211
0	0	0.593220338983051	1.20338983050847	0.288135593220339	0.457627118644068	0.372881355932203	0.525423728813559	0.0677966101694915	0.152542372881356	0.0338983050847458	0.0677966101694915	0	0.0508474576271186	0	0	0	0
0.0645161290322581	0	0	0.021505376344086	0.483870967741935	0.817204301075269	0.623655913978495	1.03225806451613	1.10752688172043	0.655913978494624	0.344086021505376	0.204301075268817	0.129032258064516	0.021505376344086	0	0	0	0
0	0.0533333333333333	0.0133333333333333	0.0133333333333333	0.226666666666667	1.37333333333333	0.8	0.853333333333333	0.28	0.826666666666667	0.48	0.466666666666667	0.106666666666667	0.133333333333333	0.04	0	0	0
0.129032258064516	0.0483870967741935	0	0.0161290322580645	0.161290322580645	0.209677419354839	1.09677419354839	1.09677419354839	0.516129032258065	0.354838709677419	0.419354838709677	0.241935483870968	0.129032258064516	0.0161290322580645	0.0483870967741935	0.025186175916516	0.0150563004804551	0.00814462037722251
0	0	0	0.0133333333333333	0.0666666666666667	0.36	0.653333333333333	0.72	0.32	0.786666666666667	0.706666666666667	0.906666666666667	0.08	0.04	0	0.00694019069699551	0.00414884724350318	0.00224429539283465
0	0	0.0240963855421687	0.0481927710843374	0.120481927710843	0.36144578313253	0.590361445783133	1.09638554216867	0.44578313253012	0.91566265060241	0.192771084337349	0.108433734939759	0.120481927710843	0.289156626506024	0.108433734939759	0.0815263365008509	0.0487364585833205	0.0263637109399251
0.021505376344086	0.032258064516129	0	0.010752688172043	0.236559139784946	0.354838709677419	0.494623655913978	0.741935483870968	0.494623655913978	0.634408602150538	0.193548387096774	0.236559139784946	0.172043010752688	0.10752688172043	0.043010752688172	0.0559692798144799	0.0334584455121224	0.0180991563938278
0	0	0	0.109090909090909	0.145454545454545	0.963636363636364	0.927272727272727	1.65454545454545	1.45454545454545	1.09090909090909	1.2	1.47272727272727	0.290909090909091	0.236363636363636	0.0545454545454545	0.189277928099878	0.113150379368268	0.0612080561682177
0.0483870967741935	0.032258064516129	0	0	0.129032258064516	0.387096774193548	0.838709677419355	1.08064516129032	0.67741935483871	0.935483870967742	0.951612903225806	1.29032258064516	0.661290322580645	0.274193548387097	0.532258064516129	0.411374206636427	0.2459195745141	0.133028799494634
0.0425531914893617	0	0	0	0.106382978723404	0.297872340425532	0.404255319148936	0.446808510638298	0.574468085106383	0.48936170212766	0.723404255319149	1.25531914893617	1.14893617021277	1.29787234042553	0.574468085106383	0.299018854498211	0.178753524853062	0.0966957057551099
0	0.0285714285714286	0	0	0.0857142857142857	0.4	0.171428571428571	0.942857142857143	1.05714285714286	0.828571428571429	0.714285714285714	1.45714285714286	1.17142857142857	2.97142857142857	0.657142857142857	0.550257976690358	0.328944317163466	0.177940563289033
0	0	0.0740740740740741	0	0	0.111111111111111	0.185185185185185	0.518518518518518	0.555555555555556	0.888888888888889	0.962962962962963	1.11111111111111	1.81481481481481	2.55555555555556	1.88888888888889	1.02175029705767	0.610802510849079	0.330410155056212
0	0	0	0	0.05	0.225	0.025	0.175	0.25	0.25	0.125	0.175	0.825	1.1	0.575	1.02801574699246	0.614547997943908	0.332436255063632
0	0	0	0	0.05	0.225	0.025	0.175	0.25	0.25	0.125	0.175	0.825	1.1	0.575	1.02801574699246	0.614547997943908	0.332436255063632
0	0	0	0	0.05	0.225	0.025	0.175	0.25	0.25	0.125	0.175	0.825	1.1	0.575	1.02801574699246	0.614547997943908	0.332436255063632
