0.754385964912281	0.157894736842105	0	0.0175438596491228	0.0175438596491228	0.087719298245614	0.0350877192982456	0	0.0526315789473684	0.0350877192982456	0.0701754385964912	0.0701754385964912	0.245614035087719	0.0701754385964912	0.0526315789473684	0	0	0
0.362068965517241	3.36206896551724	1.53448275862069	0.0344827586206897	0.103448275862069	0.189655172413793	0.379310344827586	0.275862068965517	0.0689655172413793	0.0344827586206897	0.0344827586206897	0.103448275862069	0.137931034482759	0.120689655172414	0	0.0179487690439539	0.0107297773538875	0.00580421222284823
0	1.67391304347826	5.41304347826087	4.89130434782609	0.260869565217391	0.0869565217391304	0.130434782608696	0.217391304347826	0.369565217391304	0.152173913043478	0.152173913043478	0.0217391304347826	0.130434782608696	0.0434782608695652	0	0.0226310566206375	0.0135288497070756	0.00731835454185211
0	0	1.1864406779661	1.71186440677966	0.474576271186441	0.576271186440678	0.76271186440678	0.610169491525424	0.135593220338983	0.135593220338983	0.0677966101694915	0.152542372881356	0	0	0	0	0	0
0.043010752688172	0	0	0.021505376344086	0.32258064516129	0.494623655913978	0.419354838709677	0.989247311827957	0.655913978494624	0.516129032258065	0.21505376344086	0.150537634408602	0.193548387096774	0.021505376344086	0	0	0	0
0	0	0.0266666666666667	0.0533333333333333	0.346666666666667	0.853333333333333	0.586666666666667	0.693333333333333	0.386666666666667	0.746666666666667	0.386666666666667	0.453333333333333	0.08	0.0666666666666667	0.04	0	0	0
0.0967741935483871	0.0645161290322581	0	0	0.17741935483871	0.161290322580645	0.709677419354839	0.564516129032258	0.387096774193548	0.370967741935484	0.370967741935484	0.161290322580645	0.467741935483871	0.241935483870968	0.193548387096774	0.12593087958258	0.0752815024022754	0.0407231018861126
0	0	0	0.0133333333333333	0.04	0.306666666666667	0.466666666666667	0.48	0.213333333333333	0.653333333333333	0.386666666666667	0.56	0.04	0.106666666666667	0	0	0	0
0	0	0.036144578313253	0.0481927710843374	0.0843373493975904	0.253012048192771	0.421686746987952	0.91566265060241	0.27710843373494	1.08433734939759	0.108433734939759	0.132530120481928	0.228915662650602	0.55421686746988	0.27710843373494	0.19440895627126	0.116217708929456	0.0628673107028983
0.021505376344086	0	0	0.032258064516129	0.247311827956989	0.376344086021505	0.301075268817204	0.698924731182796	0.494623655913978	0.870967741935484	0.290322580645161	0.258064516129032	0.129032258064516	0.10752688172043	0.021505376344086	0.0447754238515839	0.0267667564096979	0.0144793251150622
0	0	0	0.0181818181818182	0.109090909090909	0.472727272727273	0.8	1.01818181818182	0.836363636363636	0.763636363636364	0.690909090909091	0.654545454545455	0.163636363636364	0.127272727272727	0.0727272727272727	0.179814031694884	0.107492860399855	0.0581476533598068
0.0161290322580645	0	0	0.0161290322580645	0.032258064516129	0.0806451612903226	0.274193548387097	0.532258064516129	0.387096774193548	0.5	0.451612903225806	0.919354838709677	1.17741935483871	0.435483870967742	0.258064516129032	0.193094015359956	0.115431637016822	0.0624420895587059
0.0212765957446809	0	0	0	0.0851063829787234	0.340425531914894	0.468085106382979	0.680851063829787	0.617021276595745	0.553191489361702	0.659574468085106	1.31914893617021	1.04255319148936	0.893617021276596	0.340425531914894	0.155046813443517	0.0926870128867731	0.0501385140952421
0	0	0	0	0.0571428571428571	0.142857142857143	0.228571428571429	0.542857142857143	0.857142857142857	0.828571428571429	0.8	0.971428571428571	2.22857142857143	2.77142857142857	1.11428571428571	0.803079209223766	0.480080895319653	0.259697038313724
0	0	0	0	0	0.0740740740740741	0.185185185185185	0.444444444444444	0.37037037037037	0.518518518518518	0.925925925925926	0.592592592592593	1.51851851851852	1.25925925925926	1.07407407407407	0.809688914649476	0.484032178408704	0.261834462497376
0	0	0	0	0	0.025	0.125	0.025	0.275	0.1	0.225	0.825	1.075	1.025	0.625	1.56154290682399	0.933490629788215	0.504966463387796
0	0	0	0	0	0.025	0.125	0.025	0.275	0.1	0.225	0.825	1.075	1.025	0.625	1.56154290682399	0.933490629788215	0.504966463387796
0	0	0	0	0	0.025	0.125	0.025	0.275	0.1	0.225	0.825	1.075	1.025	0.625	1.56154290682399	0.933490629788215	0.504966463387796
