0.228070175438596	0.0701754385964912	0	0.0175438596491228	0	0.421052631578947	0.0350877192982456	0.298245614035088	0.0175438596491228	0	0	0.105263157894737	0.0350877192982456	0.0350877192982456	0.0175438596491228	0	0	0
0.344827586206897	4.31034482758621	1.68965517241379	0.0172413793103448	0.0517241379310345	0.155172413793103	0.258620689655172	0.189655172413793	0.0344827586206897	0.0172413793103448	0.0172413793103448	0.0517241379310345	0.155172413793103	0.103448275862069	0	0.0179487690439539	0.0107297773538875	0.00580421222284823
0	0	2.95652173913043	1.26086956521739	0.369565217391304	0.521739130434783	0.58695652173913	0.608695652173913	0.934782608695652	0.260869565217391	0.173913043478261	0.195652173913043	0	0.130434782608696	0	0.0678931698619126	0.0405865491212267	0.0219550636255563
0	0	0.0677966101694915	0.288135593220339	0.0508474576271186	0.135593220338983	0.0677966101694915	0.474576271186441	0.135593220338983	0.135593220338983	0	0	0.0677966101694915	0.169491525423729	0	0	0	0
0.021505376344086	0	0	0.032258064516129	0.236559139784946	0.634408602150538	0.387096774193548	0.720430107526882	0.709677419354839	0.666666666666667	0.21505376344086	0.182795698924731	0.010752688172043	0.010752688172043	0	0	0	0
0	0.0266666666666667	0	0.0133333333333333	0.146666666666667	0.88	0.786666666666667	0.653333333333333	0.293333333333333	0.386666666666667	0.32	0.373333333333333	0.0266666666666667	0.106666666666667	0.0133333333333333	0	0	0
0.17741935483871	0.112903225806452	0	0.032258064516129	0.032258064516129	0.145161290322581	0.419354838709677	0.596774193548387	0.0806451612903226	0.129032258064516	0.290322580645161	0.32258064516129	0.403225806451613	0.274193548387097	0.112903225806452	0.109140095638236	0.0652439687486387	0.0352933549679642
0	0	0	0.0133333333333333	0.0266666666666667	0.253333333333333	0.266666666666667	0.373333333333333	0.173333333333333	0.413333333333333	0.2	0.186666666666667	0.0533333333333333	0.0933333333333333	0.0133333333333333	0.0208205720909865	0.0124465417305095	0.00673288617850395
0	0	0.036144578313253	0	0.0963855421686747	0.192771084337349	0.349397590361446	1.36144578313253	0.337349397590361	1.02409638554217	0.168674698795181	0.132530120481928	0	0.120481927710843	0	0	0	0
0	0.0967741935483871	0.043010752688172	0.0967741935483871	0.419354838709677	0.612903225806452	1.05376344086022	0.881720430107527	0.870967741935484	0.913978494623656	0.301075268817204	0.548387096774194	0.225806451612903	0.0967741935483871	0.0645161290322581	0.0335815678886879	0.0200750673072734	0.0108594938362967
0	0	0.0181818181818182	0.163636363636364	0.109090909090909	0.709090909090909	0.509090909090909	1.34545454545455	0.654545454545455	0.618181818181818	0.6	0.909090909090909	0.345454545454545	0.2	0.163636363636364	0.0473194820249694	0.0282875948420671	0.0153020140420544
0.032258064516129	0.0483870967741935	0	0.0161290322580645	0	0.32258064516129	1.03225806451613	1.30645161290323	0.193548387096774	0.645161290322581	0.419354838709677	0.951612903225806	0.645161290322581	0.564516129032258	0.5	0.352606462831223	0.210788206726371	0.114024685281115
0	0	0	0	0.0425531914893617	0.170212765957447	0.191489361702128	0.808510638297872	0.446808510638298	0.382978723404255	0.702127659574468	1.40425531914894	1.21276595744681	1.25531914893617	0.574468085106383	0.387617033608792	0.231717532216933	0.125346285238105
0.0285714285714286	0.0285714285714286	0	0	0.0285714285714286	0.142857142857143	0.0571428571428571	0.342857142857143	0.828571428571429	0.942857142857143	0.314285714285714	0.457142857142857	0.8	2.31428571428571	0.4	0.713848185976681	0.42673857361747	0.230841811834421
0	0.0740740740740741	0.0740740740740741	0	0	0.148148148148148	0.222222222222222	0.148148148148148	0.666666666666667	0.814814814814815	0.62962962962963	0.777777777777778	1.37037037037037	2.40740740740741	1.51851851851852	1.07958521953263	0.645376237878272	0.349112616663168
0	0	0	0	0	0.05	0.1	0.1	0.1	0.225	0.225	0.625	0.775	0.925	0.325	1.44442718881219	0.863478832554099	0.467093978633711
0	0	0	0	0	0.05	0.1	0.1	0.1	0.225	0.225	0.625	0.775	0.925	0.325	1.44442718881219	0.863478832554099	0.467093978633711
0	0	0	0	0	0.05	0.1	0.1	0.1	0.225	0.225	0.625	0.775	0.925	0.325	1.44442718881219	0.863478832554099	0.467093978633711
