1.01754385964912	0.087719298245614	0	0	0.0526315789473684	0.333333333333333	0.087719298245614	0.087719298245614	0.0526315789473684	0.0175438596491228	0.0350877192982456	0.157894736842105	0.087719298245614	0	0	0	0	0
0.620689655172414	4.24137931034483	1.86206896551724	0.0517241379310345	0.155172413793103	0.258620689655172	0.189655172413793	0.258620689655172	0.120689655172414	0.0862068965517241	0.0517241379310345	0.103448275862069	0.0689655172413793	0.137931034482759	0.0344827586206897	0.0269231535659308	0.0160946660308313	0.00870631833427234
0	3.06521739130435	5.19565217391304	2.34782608695652	0.195652173913043	0.456521739130435	0.630434782608696	0.478260869565217	0.347826086956522	0.130434782608696	0.0434782608695652	0.152173913043478	0.0869565217391304	0.0434782608695652	0	0.0226310566206375	0.0135288497070756	0.00731835454185211
0	0	0.542372881355932	0.813559322033898	0	0.0508474576271186	0.0677966101694915	0.135593220338983	0.0677966101694915	0.0508474576271186	0	0.0338983050847458	0.0338983050847458	0.0847457627118644	0	0	0	0
0.043010752688172	0	0	0.021505376344086	0.473118279569892	0.67741935483871	0.666666666666667	1.05376344086022	1.10752688172043	0.645161290322581	0.344086021505376	0.204301075268817	0.247311827956989	0.021505376344086	0	0	0	0
0	0.106666666666667	0.0266666666666667	0	0.213333333333333	1.04	0.506666666666667	0.693333333333333	0.24	0.653333333333333	0.413333333333333	0.266666666666667	0.08	0.146666666666667	0.0666666666666667	0	0	0
0.0967741935483871	0.112903225806452	0	0	0.0967741935483871	0.0806451612903226	0.596774193548387	0.741935483870968	0.338709677419355	0.306451612903226	0.225806451612903	0.112903225806452	0.387096774193548	0.241935483870968	0.0967741935483871	0.0923493116938918	0.0552064350950019	0.0298636080498159
0	0	0	0.0133333333333333	0.0266666666666667	0.306666666666667	0.426666666666667	0.72	0.226666666666667	0.666666666666667	0.52	0.52	0.08	0.08	0.0266666666666667	0.027760762787982	0.0165953889740127	0.00897718157133859
0	0	0.0120481927710843	0.036144578313253	0.072289156626506	0.216867469879518	0.421686746987952	1.12048192771084	0.301204819277108	0.867469879518072	0.0963855421686747	0.0602409638554217	0.072289156626506	0.204819277108434	0.0240963855421687	0.0250850266156464	0.0149958334102524	0.00811191105843849
0.032258064516129	0	0	0.032258064516129	0.354838709677419	0.580645161290323	0.537634408602151	0.978494623655914	0.741935483870968	0.688172043010753	0.344086021505376	0.333333333333333	0.247311827956989	0.21505376344086	0.053763440860215	0.0615662077959279	0.0368042900633346	0.0199090720332106
0	0	0	0.0909090909090909	0.218181818181818	0.763636363636364	0.581818181818182	1.4	0.890909090909091	0.872727272727273	0.8	0.8	0.6	0.290909090909091	0.218181818181818	0.075711171239951	0.0452601517473074	0.0244832224672871
0.0161290322580645	0.032258064516129	0	0	0.032258064516129	0.225806451612903	0.274193548387097	0.516129032258065	0.258064516129032	0.467741935483871	0.564516129032258	1.01612903225806	0.838709677419355	0.516129032258065	0.306451612903226	0.176303231415612	0.105394103363186	0.0570123426405576
0	0	0	0	0.0638297872340425	0.234042553191489	0.25531914893617	0.446808510638298	0.617021276595745	0.425531914893617	0.638297872340425	1.51063829787234	1.08510638297872	1.46808510638298	0.468085106382979	0.287944082109388	0.172133023932579	0.0931143833197354
0.114285714285714	0.171428571428571	0	0	0.0571428571428571	0	0.171428571428571	0.4	0.971428571428571	0.542857142857143	0.685714285714286	1.17142857142857	1.82857142857143	2.11428571428571	0.828571428571429	0.594873488313901	0.355615478014558	0.192368176528684
0	0.111111111111111	0	0	0.037037037037037	0.037037037037037	0.037037037037037	0.222222222222222	0.148148148148148	0.37037037037037	0.925925925925926	0.444444444444444	1.59259259259259	1.2962962962963	1.22222222222222	0.520514302274663	0.311163543262738	0.168322154462599
0	0	0	0	0.05	0.05	0.125	0.275	0.1	0.3	0.225	0.575	1.15	0.95	0.9	1.02801574699246	0.614547997943908	0.332436255063632
0	0	0	0	0.05	0.05	0.125	0.275	0.1	0.3	0.225	0.575	1.15	0.95	0.9	1.02801574699246	0.614547997943908	0.332436255063632
0	0	0	0	0.05	0.05	0.125	0.275	0.1	0.3	0.225	0.575	1.15	0.95	0.9	1.02801574699246	0.614547997943908	0.332436255063632
