1.56140350877193	0.192982456140351	0	0.0175438596491228	0.157894736842105	0.421052631578947	0.228070175438596	0.210526315789474	0.192982456140351	0.0175438596491228	0.105263157894737	0.228070175438596	0.0701754385964912	0.105263157894737	0.0526315789473684	0	0	0
0.293103448275862	5.13793103448276	2.25862068965517	0.0172413793103448	0.0517241379310345	0.189655172413793	0.120689655172414	0.172413793103448	0.0344827586206897	0.103448275862069	0.0172413793103448	0.0517241379310345	0.0689655172413793	0	0	0.0179487690439539	0.0107297773538875	0.00580421222284823
0	2.17391304347826	3.3695652173913	2.76086956521739	0.152173913043478	0.0217391304347826	0.108695652173913	0.130434782608696	0.282608695652174	0.0217391304347826	0.0869565217391304	0	0	0	0.0652173913043478	0.0452621132412751	0.0270576994141512	0.0146367090837042
0	0	0.694915254237288	1.22033898305085	0.169491525423729	0.220338983050847	0.203389830508475	0.305084745762712	0.0677966101694915	0.0847457627118644	0.0169491525423729	0.0338983050847458	0.0169491525423729	0.0338983050847458	0	0	0	0
0.021505376344086	0	0	0.0645161290322581	0.344086021505376	0.634408602150538	0.473118279569892	0.989247311827957	0.806451612903226	0.709677419354839	0.258064516129032	0.21505376344086	0.118279569892473	0	0	0	0	0
0	0.0666666666666667	0.0133333333333333	0	0.146666666666667	0.586666666666667	0.4	0.426666666666667	0.146666666666667	0.48	0.293333333333333	0.186666666666667	0.0533333333333333	0.106666666666667	0.04	0	0	0
0.129032258064516	0.17741935483871	0	0.032258064516129	0.0645161290322581	0.161290322580645	0.661290322580645	0.564516129032258	0.209677419354839	0.241935483870968	0.17741935483871	0.209677419354839	0.596774193548387	0.516129032258065	0.0967741935483871	0.176303231415612	0.105394103363186	0.0570123426405576
0	0	0	0	0.0266666666666667	0.16	0.213333333333333	0.36	0.106666666666667	0.333333333333333	0.106666666666667	0.146666666666667	0.0533333333333333	0.08	0.0266666666666667	0.00694019069699551	0.00414884724350318	0.00224429539283465
0	0	0.036144578313253	0.0240963855421687	0.0963855421686747	0.27710843373494	0.457831325301205	0.975903614457831	0.301204819277108	0.879518072289157	0.120481927710843	0.156626506024096	0.132530120481928	0.337349397590361	0.108433734939759	0.0877975931547624	0.0524854169358836	0.0283916887045347
0	0	0.021505376344086	0.0537634408602151	0.387096774193548	0.559139784946237	0.924731182795699	1.1505376344086	0.89247311827957	0.741935483870968	0.376344086021505	0.655913978494624	0.236559139784946	0.193548387096774	0.0537634408602151	0.0895508477031679	0.0535335128193958	0.0289586502301245
0	0	0.0181818181818182	0.163636363636364	0.109090909090909	0.454545454545455	0.527272727272727	0.854545454545454	0.727272727272727	0.472727272727273	0.490909090909091	0.636363636363636	0.181818181818182	0.0545454545454545	0.145454545454545	0.0662472748349571	0.039602632778894	0.0214228196588762
0.032258064516129	0.0161290322580645	0	0	0	0.145161290322581	0.370967741935484	0.5	0.145161290322581	0.612903225806452	0.403225806451613	0.838709677419355	0.661290322580645	0.17741935483871	0.306451612903226	0.25186175916516	0.150563004804551	0.0814462037722251
0	0	0	0	0	0.0638297872340425	0.170212765957447	0.212765957446809	0.382978723404255	0.340425531914894	0.404255319148936	1	0.914893617021277	0.936170212765957	0.595744680851064	0.454065667941727	0.271440537739836	0.146834219850352
0.0857142857142857	0.0857142857142857	0	0	0.0857142857142857	0.142857142857143	0.142857142857143	0.514285714285714	0.6	0.714285714285714	0.8	1	2.45714285714286	3.45714285714286	1.97142857142857	1.08564411617287	0.648998247376568	0.351071922164849
0	0.111111111111111	0	0	0.037037037037037	0.148148148148148	0.592592592592593	0.62962962962963	0.703703703703704	0.814814814814815	2.25925925925926	1.7037037037037	1.22222222222222	1.18518518518519	0.888888888888889	0.751853992174513	0.449458451379511	0.24313200089042
0	0	0	0	0	0.075	0.05	0.25	0.3	0.325	0.175	0.6	0.825	0.675	0.125	1.76974862773385	1.05795604709331	0.572295325172835
0	0	0	0	0	0.075	0.05	0.25	0.3	0.325	0.175	0.6	0.825	0.675	0.125	1.76974862773385	1.05795604709331	0.572295325172835
0	0	0	0	0	0.075	0.05	0.25	0.3	0.325	0.175	0.6	0.825	0.675	0.125	1.76974862773385	1.05795604709331	0.572295325172835
