0.333333333333333	0.0701754385964912	0	0	0	0.0175438596491228	0	0	0.0175438596491228	0.0701754385964912	0.0526315789473684	0.105263157894737	0.105263157894737	0.087719298245614	0.0350877192982456	0	0	0
0.258620689655172	6.13793103448276	2.37931034482759	0.0344827586206897	0.103448275862069	0.293103448275862	0.293103448275862	0.379310344827586	0.0862068965517241	0.103448275862069	0.0172413793103448	0.0517241379310345	0.0517241379310345	0.0172413793103448	0.0344827586206897	0.0179487690439539	0.0107297773538875	0.00580421222284823
0	0.717391304347826	1.65217391304348	1.1304347826087	0.108695652173913	0.217391304347826	0.326086956521739	0.260869565217391	0.195652173913043	0.0652173913043478	0.0217391304347826	0.0652173913043478	0.0434782608695652	0	0	0	0	0
0	0	0.508474576271186	0.932203389830508	0.355932203389831	0.423728813559322	0.576271186440678	0.508474576271186	0.101694915254237	0.101694915254237	0.0508474576271186	0.11864406779661	0	0	0	0	0	0
0.021505376344086	0	0	0.021505376344086	0.161290322580645	0.419354838709677	0.333333333333333	0.365591397849462	0.462365591397849	0.354838709677419	0.129032258064516	0.0752688172043011	0.0860215053763441	0.032258064516129	0	0	0	0
0	0.0533333333333333	0.0266666666666667	0.0533333333333333	0.386666666666667	0.773333333333333	0.746666666666667	1.10666666666667	0.506666666666667	0.786666666666667	0.6	0.426666666666667	0.08	0.266666666666667	0.0533333333333333	0	0	0
0.0967741935483871	0.274193548387097	0	0.0161290322580645	0.0645161290322581	0.225806451612903	0.758064516129032	0.67741935483871	0.274193548387097	0.225806451612903	0.209677419354839	0.17741935483871	0.419354838709677	0.258064516129032	0.0483870967741935	0.0839539197217199	0.0501876682681836	0.0271487345907417
0	0	0	0.0266666666666667	0.0533333333333333	0.253333333333333	0.533333333333333	0.36	0.306666666666667	0.96	0.453333333333333	0.546666666666667	0.0933333333333333	0.0533333333333333	0.04	0.0416411441819731	0.0248930834610191	0.0134657723570079
0	0	0.0120481927710843	0.0481927710843374	0.168674698795181	0.349397590361446	0.759036144578313	1.60240963855422	0.493975903614458	0.951807228915663	0.240963855421687	0.156626506024096	0.156626506024096	0.325301204819277	0.120481927710843	0.0940688498086741	0.0562343752884467	0.0304196664691443
0.010752688172043	0	0.0537634408602151	0.0967741935483871	0.516129032258065	0.741935483870968	1	1.21505376344086	0.956989247311828	1.0752688172043	0.462365591397849	0.634408602150538	0.311827956989247	0.301075268817204	0.0967741935483871	0.100744703666064	0.0602252019218203	0.0325784815088901
0	0	0.0181818181818182	0.181818181818182	0.236363636363636	0.872727272727273	0.945454545454545	1.67272727272727	0.963636363636364	0.909090909090909	0.890909090909091	1	0.509090909090909	0.327272727272727	0.163636363636364	0.0567833784299632	0.0339451138104805	0.0183624168504653
0.0645161290322581	0.0161290322580645	0	0	0	0.290322580645161	0.306451612903226	0.67741935483871	0.516129032258065	0.774193548387097	0.725806451612903	0.951612903225806	0.629032258064516	0.419354838709677	0.225806451612903	0.100744703666064	0.0602252019218203	0.0325784815088901
0.0425531914893617	0	0	0	0.0425531914893617	0.0425531914893617	0.106382978723404	0.787234042553192	0.127659574468085	0.0851063829787234	0.382978723404255	2.38297872340426	1.06382978723404	1.27659574468085	0.319148936170213	0.276869309720566	0.165512523012095	0.089533060884361
0.0857142857142857	0.257142857142857	0	0	0.0857142857142857	0.2	0.142857142857143	0.457142857142857	0.428571428571429	1.11428571428571	0.628571428571429	1.97142857142857	0.657142857142857	2.77142857142857	0.514285714285714	0.624617162729596	0.373396251915286	0.201986585355118
0	0	0	0	0	0.037037037037037	0	0.111111111111111	0.259259259259259	0.62962962962963	0.333333333333333	0.259259259259259	1.59259259259259	1.81481481481481	1.96296296296296	1.02175029705767	0.610802510849079	0.330410155056212
0	0	0	0	0.125	0.025	0.175	0.15	0.05	0.25	0.325	0.475	1.45	1.35	1.125	1.95192863352999	1.16686328723527	0.631208079234745
0	0	0	0	0.125	0.025	0.175	0.15	0.05	0.25	0.325	0.475	1.45	1.35	1.125	1.95192863352999	1.16686328723527	0.631208079234745
0	0	0	0	0.125	0.025	0.175	0.15	0.05	0.25	0.325	0.475	1.45	1.35	1.125	1.95192863352999	1.16686328723527	0.631208079234745
