0.456140350877193	0.0350877192982456	0	0	0.0526315789473684	0.298245614035088	0.0701754385964912	0.140350877192982	0.0701754385964912	0.0350877192982456	0.0701754385964912	0.140350877192982	0.087719298245614	0.0701754385964912	0.0350877192982456	0	0	0
0.258620689655172	3.22413793103448	1.6551724137931	0.0689655172413793	0.206896551724138	0.293103448275862	0.293103448275862	0.379310344827586	0.189655172413793	0.137931034482759	0.0172413793103448	0.0517241379310345	0.103448275862069	0.224137931034483	0.103448275862069	0.0179487690439539	0.0107297773538875	0.00580421222284823
0	0.543478260869565	3.3695652173913	4.02173913043478	0.0434782608695652	0.0869565217391304	0.217391304347826	0.195652173913043	0.0434782608695652	0.0217391304347826	0	0	0	0	0	0	0	0
0	0	0.932203389830508	1.15254237288136	0.11864406779661	0.186440677966102	0.203389830508475	0.271186440677966	0.0338983050847458	0.0508474576271186	0.0169491525423729	0.0508474576271186	0	0.0169491525423729	0	0	0	0
0.043010752688172	0	0	0	0.333333333333333	0.817204301075269	0.451612903225806	0.806451612903226	0.849462365591398	0.763440860215054	0.258064516129032	0.172043010752688	0.172043010752688	0.010752688172043	0	0	0	0
0	0.0266666666666667	0.0133333333333333	0.08	0.453333333333333	1.24	1.28	1.53333333333333	0.72	0.72	0.733333333333333	0.6	0.08	0.106666666666667	0.04	0	0	0
0.225806451612903	0.290322580645161	0	0	0.032258064516129	0.112903225806452	0.596774193548387	0.919354838709677	0.129032258064516	0.241935483870968	0.193548387096774	0.129032258064516	0.935483870967742	0.741935483870968	0.193548387096774	0.243466367192988	0.145544237977732	0.078731330313151
0	0	0	0.0133333333333333	0.0133333333333333	0.306666666666667	0.226666666666667	0.666666666666667	0.133333333333333	0.346666666666667	0.24	0.24	0.0266666666666667	0.0266666666666667	0	0.0208205720909865	0.0124465417305095	0.00673288617850395
0	0	0	0.0843373493975904	0.289156626506024	0.662650602409639	1.16867469879518	1.79518072289157	0.855421686746988	1.31325301204819	0.44578313253012	0.240963855421687	0.180722891566265	0.289156626506024	0.0602409638554217	0.0689838231930276	0.0412385418781942	0.0223077554107058
0.021505376344086	0.0645161290322581	0.010752688172043	0.0537634408602151	0.451612903225806	0.602150537634409	0.817204301075269	1.17204301075269	0.967741935483871	0.881720430107527	0.354838709677419	0.397849462365591	0.247311827956989	0.129032258064516	0.043010752688172	0.0671631357773759	0.0401501346145469	0.0217189876725934
0	0	0.0727272727272727	0.0363636363636364	0.0727272727272727	0.545454545454545	0.327272727272727	1.10909090909091	0.745454545454545	0.654545454545455	0.654545454545455	0.963636363636364	0.272727272727273	0.327272727272727	0.0727272727272727	0.0851750676449449	0.0509176707157208	0.027543625275698
0.0161290322580645	0.032258064516129	0	0.0161290322580645	0	0.161290322580645	0.387096774193548	0.483870967741935	0.5	0.903225806451613	0.5	1.58064516129032	0.548387096774194	0.306451612903226	0.548387096774194	0.285443327053848	0.170638072111824	0.0923056976085218
0.0212765957446809	0	0	0	0.127659574468085	0.531914893617021	0.48936170212766	0.638297872340426	0.574468085106383	0.382978723404255	0.659574468085106	0.893617021276596	0.829787234042553	0.702127659574468	0.319148936170213	0.155046813443517	0.0926870128867731	0.0501385140952421
0.0571428571428571	0.114285714285714	0	0	0.0571428571428571	0.257142857142857	0.114285714285714	0.314285714285714	0.485714285714286	1.34285714285714	0.885714285714286	1.45714285714286	1.4	3.85714285714286	1.25714285714286	1.16000330221211	0.693450182128388	0.375117944230934
0	0	0	0	0	0	0	0.148148148148148	0	0.185185185185185	0.259259259259259	0.148148148148148	0.407407407407407	0.777777777777778	0.148148148148148	0.578349224749626	0.345737270291931	0.187024616069554
0	0	0	0	0.125	0.025	0.05	0.125	0.25	0.2	0.15	0.6	1.55	0.725	0.625	1.11910574989053	0.669001618014887	0.361892632094587
0	0	0	0	0.125	0.025	0.05	0.125	0.25	0.2	0.15	0.6	1.55	0.725	0.625	1.11910574989053	0.669001618014887	0.361892632094587
0	0	0	0	0.125	0.025	0.05	0.125	0.25	0.2	0.15	0.6	1.55	0.725	0.625	1.11910574989053	0.669001618014887	0.361892632094587
