0.543859649122807	0.0350877192982456	0	0.0175438596491228	0.0701754385964912	0.192982456140351	0.12280701754386	0.140350877192982	0.12280701754386	0.0526315789473684	0.140350877192982	0.12280701754386	0.12280701754386	0.12280701754386	0.087719298245614	0	0	0
0.310344827586207	3.72413793103448	1.29310344827586	0.0172413793103448	0.0517241379310345	0.206896551724138	0.241379310344828	0.120689655172414	0.0517241379310345	0.0862068965517241	0	0	0.172413793103448	0.137931034482759	0.0344827586206897	0.0269231535659308	0.0160946660308313	0.00870631833427234
0	1.80434782608696	5.6304347826087	3.71739130434783	0.0652173913043478	0.239130434782609	0.369565217391304	0.239130434782609	0.152173913043478	0.0652173913043478	0.0217391304347826	0.0652173913043478	0.0434782608695652	0	0.0217391304347826	0.0113155283103188	0.00676442485353779	0.00365917727092606
0	0	0.779661016949153	0.983050847457627	0.457627118644068	0.559322033898305	0.576271186440678	0.559322033898305	0.135593220338983	0.186440677966102	0.0508474576271186	0.101694915254237	0.0169491525423729	0.0338983050847458	0	0	0	0
0.043010752688172	0	0	0.043010752688172	0.344086021505376	0.548387096774194	0.301075268817204	0.860215053763441	0.56989247311828	0.494623655913978	0.172043010752688	0.139784946236559	0.182795698924731	0.021505376344086	0	0	0	0
0	0.0533333333333333	0.0133333333333333	0.04	0.333333333333333	1.24	0.84	1.14666666666667	0.426666666666667	0.893333333333333	0.6	0.56	0.08	0.133333333333333	0.04	0	0	0
0.032258064516129	0.0645161290322581	0	0.0483870967741935	0.0967741935483871	0.225806451612903	0.67741935483871	1.67741935483871	0.258064516129032	0.274193548387097	0.32258064516129	0.274193548387097	0.403225806451613	0.290322580645161	0.0967741935483871	0.117535487610408	0.070262735575457	0.0380082284270384
0	0	0	0	0.0533333333333333	0.293333333333333	0.933333333333333	0.613333333333333	0.373333333333333	1.12	1.06666666666667	1.26666666666667	0.12	0.106666666666667	0.0266666666666667	0	0	0
0	0	0.0120481927710843	0.0481927710843374	0.0843373493975904	0.337349397590361	0.385542168674699	1.04819277108434	0.265060240963855	0.831325301204819	0.132530120481928	0.120481927710843	0.0843373493975904	0.216867469879518	0.0963855421686747	0.0689838231930276	0.0412385418781942	0.0223077554107058
0.010752688172043	0	0.0537634408602151	0.0967741935483871	0.365591397849462	0.655913978494624	0.849462365591398	1.1505376344086	0.935483870967742	1.0752688172043	0.43010752688172	0.462365591397849	0.236559139784946	0.161290322580645	0.0645161290322581	0.0391784958701359	0.0234209118584857	0.0126694094756795
0	0	0	0.127272727272727	0.127272727272727	0.563636363636364	0.618181818181818	0.981818181818182	0.745454545454545	0.636363636363636	0.618181818181818	0.672727272727273	0.490909090909091	0.254545454545455	0.145454545454545	0.17035013528989	0.101835341431442	0.0550872505513959
0.0161290322580645	0.0483870967741935	0	0	0	0.338709677419355	0.209677419354839	0.467741935483871	0.516129032258065	0.790322580645161	0.741935483870968	1.32258064516129	0.870967741935484	0.564516129032258	0.580645161290323	0.260257151137332	0.155581771631369	0.0841610772312993
0.0212765957446809	0	0	0	0.0425531914893617	0.0425531914893617	0.191489361702128	0.319148936170213	0.340425531914894	0.191489361702128	0.531914893617021	1.06382978723404	0.851063829787234	0.851063829787234	0.170212765957447	0.0553738619441131	0.033102504602419	0.0179066121768722
0.0285714285714286	0.0857142857142857	0	0	0.114285714285714	0.285714285714286	0.257142857142857	0.485714285714286	0.742857142857143	0.571428571428571	0.657142857142857	1.25714285714286	1.28571428571429	2.34285714285714	0.714285714285714	0.371795930196188	0.222259673759099	0.120230110330428
0	0.0740740740740741	0	0	0	0.0740740740740741	0.259259259259259	0.333333333333333	0.333333333333333	0.888888888888889	0.62962962962963	0.37037037037037	2.11111111111111	2.18518518518519	2.18518518518519	1.23381167946587	0.737572843289454	0.398985847615049
0	0	0	0	0.1	0.025	0.15	0.025	0.15	0.125	0.275	0.35	0.65	0.75	0.575	1.05404146210619	0.630106175107045	0.340852362786762
0	0	0	0	0.1	0.025	0.15	0.025	0.15	0.125	0.275	0.35	0.65	0.75	0.575	1.05404146210619	0.630106175107045	0.340852362786762
0	0	0	0	0.1	0.025	0.15	0.025	0.15	0.125	0.275	0.35	0.65	0.75	0.575	1.05404146210619	0.630106175107045	0.340852362786762
