0.140350877192982	0.0701754385964912	0	0.0175438596491228	0	0.0526315789473684	0.0350877192982456	0.105263157894737	0.087719298245614	0.0701754385964912	0.157894736842105	0.157894736842105	0.298245614035088	0.245614035087719	0.157894736842105	0	0	0
0.344827586206897	2.89655172413793	1.56896551724138	0.0862068965517241	0.258620689655172	0.293103448275862	0.431034482758621	0.396551724137931	0.224137931034483	0.0862068965517241	0.0517241379310345	0.103448275862069	0.0862068965517241	0	0.103448275862069	0.0269231535659308	0.0160946660308313	0.00870631833427234
0	1.15217391304348	5.32608695652174	3.10869565217391	0.630434782608696	0.391304347826087	0.41304347826087	0.521739130434783	1.26086956521739	0.260869565217391	0.347826086956522	0.130434782608696	0	0.130434782608696	0	0.0678931698619126	0.0405865491212267	0.0219550636255563
0	0	0.372881355932203	0.728813559322034	0.338983050847458	0.542372881355932	0.406779661016949	0.677966101694915	0.135593220338983	0.220338983050847	0.0338983050847458	0.0677966101694915	0.0338983050847458	0.11864406779661	0	0	0	0
0.043010752688172	0	0	0.021505376344086	0.279569892473118	0.462365591397849	0.311827956989247	0.580645161290323	0.537634408602151	0.602150537634409	0.172043010752688	0.118279569892473	0.193548387096774	0.032258064516129	0	0	0	0
0	0.0133333333333333	0	0.0666666666666667	0.36	0.853333333333333	0.64	0.866666666666667	0.466666666666667	0.546666666666667	0.466666666666667	0.32	0.0533333333333333	0.133333333333333	0.0133333333333333	0	0	0
0.129032258064516	0.0967741935483871	0	0.032258064516129	0.0645161290322581	0.274193548387097	0.661290322580645	0.774193548387097	0.161290322580645	0.17741935483871	0.370967741935484	0.274193548387097	0.209677419354839	0.032258064516129	0.0967741935483871	0.0503723518330319	0.0301126009609102	0.016289240754445
0	0	0	0.0133333333333333	0.0266666666666667	0.36	0.386666666666667	0.76	0.226666666666667	0.546666666666667	0.493333333333333	0.493333333333333	0.0666666666666667	0.0933333333333333	0	0.027760762787982	0.0165953889740127	0.00897718157133859
0	0	0.0240963855421687	0.0481927710843374	0.0963855421686747	0.373493975903614	0.530120481927711	0.698795180722892	0.289156626506024	1.03614457831325	0.120481927710843	0.108433734939759	0.216867469879518	0.602409638554217	0.27710843373494	0.19440895627126	0.116217708929456	0.0628673107028983
0	0.032258064516129	0.0645161290322581	0.139784946236559	0.258064516129032	0.505376344086022	0.881720430107527	1.08602150537634	0.860215053763441	0.817204301075269	0.301075268817204	0.655913978494624	0.258064516129032	0.161290322580645	0.0752688172043011	0.0559692798144799	0.0334584455121224	0.0180991563938278
0	0	0	0.163636363636364	0.2	0.709090909090909	1.05454545454545	1.36363636363636	1.25454545454545	0.872727272727273	0.945454545454545	1.2	0.309090909090909	0.290909090909091	0.145454545454545	0.151422342479902	0.0905203034946148	0.0489664449345741
0.0161290322580645	0.032258064516129	0	0	0.0967741935483871	0.209677419354839	0.532258064516129	0.82258064516129	0.564516129032258	1.01612903225806	0.935483870967742	1.5	0.709677419354839	0.258064516129032	0.612903225806452	0.29383871902602	0.175656838938643	0.095020571067596
0	0	0	0	0.0638297872340425	0.319148936170213	0.361702127659574	0.361702127659574	0.74468085106383	0.48936170212766	0.553191489361702	1.25531914893617	0.638297872340426	0.659574468085106	0.531914893617021	0.243644992554098	0.145651020250643	0.0787890935782377
0.0571428571428571	0.2	0	0	0.171428571428571	0.342857142857143	0.0857142857142857	0.314285714285714	0.571428571428571	0.657142857142857	0.4	1.25714285714286	1.45714285714286	2.17142857142857	1	0.966669418510089	0.577875151773657	0.312598286859112
0	0	0.037037037037037	0	0	0.296296296296296	0.185185185185185	0.37037037037037	0.296296296296296	0.592592592592593	0.814814814814815	0.740740740740741	1.25925925925926	1.2962962962963	1.88888888888889	1.02175029705767	0.610802510849079	0.330410155056212
0	0	0	0	0.05	0	0.075	0.15	0.15	0.225	0.175	0.3	0.675	0.575	0.475	1.31429861324352	0.785687946738414	0.425013440018062
0	0	0	0	0.05	0	0.075	0.15	0.15	0.225	0.175	0.3	0.675	0.575	0.475	1.31429861324352	0.785687946738414	0.425013440018062
0	0	0	0	0.05	0	0.075	0.15	0.15	0.225	0.175	0.3	0.675	0.575	0.475	1.31429861324352	0.785687946738414	0.425013440018062
