0.526315789473684	0.0701754385964912	0	0.0175438596491228	0.0526315789473684	0.350877192982456	0.087719298245614	0.0701754385964912	0.0701754385964912	0.0175438596491228	0.0175438596491228	0.140350877192982	0.0701754385964912	0.0350877192982456	0.0175438596491228	0	0	0
0.0862068965517241	3	1.43103448275862	0	0	0.0172413793103448	0	0.0689655172413793	0	0.0862068965517241	0.0344827586206897	0	0.0862068965517241	0.224137931034483	0	0	0	0
0	0.782608695652174	1.06521739130435	0.347826086956522	0.195652173913043	0.260869565217391	0.369565217391304	0.326086956521739	0.130434782608696	0.152173913043478	0.0217391304347826	0.0652173913043478	0.0434782608695652	0	0	0	0	0
0	0	0.203389830508475	0.76271186440678	0.169491525423729	0.254237288135593	0.271186440677966	0.355932203389831	0.101694915254237	0.11864406779661	0.0169491525423729	0.0847457627118644	0.0338983050847458	0.0847457627118644	0	0	0	0
0.0645161290322581	0	0	0.021505376344086	0.258064516129032	0.548387096774194	0.21505376344086	0.838709677419355	0.559139784946237	0.483870967741935	0.172043010752688	0.150537634408602	0.161290322580645	0.0537634408602151	0	0	0	0
0	0.0266666666666667	0.0133333333333333	0.0133333333333333	0.186666666666667	0.68	0.613333333333333	0.573333333333333	0.293333333333333	0.586666666666667	0.386666666666667	0.293333333333333	0.0266666666666667	0.0666666666666667	0.0533333333333333	0	0	0
0	0.0483870967741935	0	0.032258064516129	0.032258064516129	0.0645161290322581	0.354838709677419	0.758064516129032	0.129032258064516	0.193548387096774	0.112903225806452	0.0645161290322581	0.145161290322581	0.032258064516129	0.0483870967741935	0.0335815678886879	0.0200750673072734	0.0108594938362967
0	0	0	0.0133333333333333	0.0266666666666667	0.426666666666667	0.426666666666667	0.56	0.186666666666667	0.493333333333333	0.386666666666667	0.48	0.0533333333333333	0.0533333333333333	0	0.0208205720909865	0.0124465417305095	0.00673288617850395
0	0	0.0240963855421687	0.0602409638554217	0.156626506024096	0.397590361445783	0.626506024096386	0.963855421686747	0.493975903614458	0.771084337349398	0.204819277108434	0.168674698795181	0.156626506024096	0.397590361445783	0.120481927710843	0.100340106462586	0.0599833336410098	0.032447644233754
0	0.0645161290322581	0.010752688172043	0.0645161290322581	0.354838709677419	0.516129032258065	0.623655913978495	1.20430107526882	0.806451612903226	0.806451612903226	0.43010752688172	0.419354838709677	0.258064516129032	0.150537634408602	0.0537634408602151	0.0615662077959279	0.0368042900633346	0.0199090720332106
0	0	0.0363636363636364	0.218181818181818	0.0909090909090909	0.818181818181818	0.690909090909091	1.50909090909091	0.981818181818182	0.945454545454545	1.09090909090909	1.56363636363636	0.254545454545455	0.454545454545455	0.127272727272727	0.0662472748349571	0.039602632778894	0.0214228196588762
0.032258064516129	0.0161290322580645	0	0	0	0.403225806451613	0.596774193548387	0.82258064516129	0.758064516129032	1.14516129032258	0.967741935483871	1.61290322580645	0.82258064516129	0.629032258064516	0.403225806451613	0.268652543109504	0.160600538458187	0.0868759506903735
0.0212765957446809	0	0	0	0.0212765957446809	0	0.0425531914893617	0.617021276595745	0.234042553191489	0.127659574468085	0.297872340425532	2.25531914893617	0.957446808510638	1.4468085106383	0.48936170212766	0.343317944053501	0.205235528534998	0.111020995496608
0.0285714285714286	0.142857142857143	0	0	0.0571428571428571	0.0571428571428571	0.114285714285714	0.428571428571429	0.571428571428571	0.828571428571429	0.828571428571429	1.45714285714286	1.6	4.22857142857143	1.2	1.10051595338072	0.657888634326932	0.355881126578066
0	0	0	0.037037037037037	0	0.037037037037037	0.222222222222222	0.222222222222222	0.555555555555556	0.296296296296296	0.925925925925926	0.777777777777778	1.88888888888889	2.03703703703704	0.777777777777778	0.462679379799701	0.276589816233545	0.149619692855643
0	0	0	0	0.05	0.05	0.05	0.05	0.15	0.05	0.15	0.025	0.625	0.775	0.55	1.47045290392592	0.879037009717236	0.475510086356841
0	0	0	0	0.05	0.05	0.05	0.05	0.15	0.05	0.15	0.025	0.625	0.775	0.55	1.47045290392592	0.879037009717236	0.475510086356841
0	0	0	0	0.05	0.05	0.05	0.05	0.15	0.05	0.15	0.025	0.625	0.775	0.55	1.47045290392592	0.879037009717236	0.475510086356841
