0.175438596491228	0	0	0.0175438596491228	0.0350877192982456	0.263157894736842	0.0701754385964912	0.0175438596491228	0.0701754385964912	0.0175438596491228	0.0526315789473684	0.0701754385964912	0.140350877192982	0.0526315789473684	0.0526315789473684	0	0	0
0.0344827586206897	4.53448275862069	1.55172413793103	0.0344827586206897	0.103448275862069	0.344827586206897	0.344827586206897	0.379310344827586	0.103448275862069	0	0.0344827586206897	0	0.0862068965517241	0	0.0689655172413793	0.0179487690439539	0.0107297773538875	0.00580421222284823
0	0.239130434782609	2.45652173913043	1.08695652173913	0.391304347826087	0.521739130434783	0.58695652173913	0.543478260869565	0.717391304347826	0.195652173913043	0.108695652173913	0.195652173913043	0.0434782608695652	0.130434782608696	0	0.0678931698619126	0.0405865491212267	0.0219550636255563
0	0	0.542372881355932	0.830508474576271	0.0508474576271186	0.11864406779661	0.0338983050847458	0.406779661016949	0.0677966101694915	0.0677966101694915	0	0	0.0338983050847458	0.0677966101694915	0	0	0	0
0.043010752688172	0	0	0.010752688172043	0.473118279569892	0.516129032258065	0.580645161290323	0.838709677419355	0.849462365591398	0.483870967741935	0.258064516129032	0.129032258064516	0.236559139784946	0.010752688172043	0	0	0	0
0	0.04	0.0133333333333333	0.08	0.44	1.04	1.01333333333333	1.28	0.666666666666667	0.733333333333333	0.72	0.493333333333333	0.0933333333333333	0.2	0.04	0	0	0
0.129032258064516	0.145161290322581	0	0.0161290322580645	0.129032258064516	0.225806451612903	0.951612903225806	1.16129032258065	0.419354838709677	0.258064516129032	0.274193548387097	0.17741935483871	0.596774193548387	0.5	0.0967741935483871	0.16790783944344	0.100375336536367	0.0542974691814834
0	0	0	0	0.04	0.453333333333333	0.52	0.64	0.24	0.8	0.586666666666667	0.773333333333333	0.0933333333333333	0.0533333333333333	0	0.00694019069699551	0.00414884724350318	0.00224429539283465
0	0	0.0120481927710843	0	0.072289156626506	0.168674698795181	0.240963855421687	0.843373493975904	0.289156626506024	0.807228915662651	0.120481927710843	0.072289156626506	0.0481927710843374	0.289156626506024	0.0843373493975904	0.0564413098852044	0.033740625173068	0.0182517998814866
0.0537634408602151	0.032258064516129	0.043010752688172	0.0967741935483871	0.32258064516129	0.559139784946237	0.698924731182796	1.04301075268817	0.731182795698925	0.731182795698925	0.32258064516129	0.56989247311828	0.290322580645161	0.193548387096774	0.0645161290322581	0.0839539197217199	0.0501876682681836	0.0271487345907417
0	0	0	0.145454545454545	0.2	1.16363636363636	1.07272727272727	1.94545454545455	1.2	1.2	1.16363636363636	1.34545454545455	0.490909090909091	0.509090909090909	0.127272727272727	0.160886238884896	0.0961778224630282	0.052026847742985
0.0161290322580645	0	0	0.0161290322580645	0.0483870967741935	0.193548387096774	0.451612903225806	0.5	0.258064516129032	0.516129032258065	0.370967741935484	0.564516129032258	0.774193548387097	0.225806451612903	0.354838709677419	0.25186175916516	0.150563004804551	0.0814462037722251
0.0425531914893617	0	0	0	0.0212765957446809	0.106382978723404	0.25531914893617	0.361702127659574	0.170212765957447	0.148936170212766	0.404255319148936	1.65957446808511	1.02127659574468	1.06382978723404	0.574468085106383	0.398691805997614	0.238338033137417	0.12892760767348
0	0	0	0	0	0.228571428571429	0.285714285714286	0.571428571428571	0.6	0.8	0.828571428571429	1.05714285714286	1.17142857142857	3.65714285714286	1.08571428571429	0.461026953443273	0.275601995461282	0.14908533680973
0	0.037037037037037	0.037037037037037	0	0	0.0740740740740741	0.111111111111111	0.222222222222222	0.222222222222222	0.481481481481481	0.925925925925926	0.444444444444444	1.25925925925926	0.962962962962963	1.11111111111111	0.559070917257972	0.334212694615534	0.180790462200569
0	0	0	0	0	0.075	0.15	0.1	0.125	0.25	0.175	0.4	1.025	0.775	0.625	1.43141433125532	0.85569974397253	0.462885924772146
0	0	0	0	0	0.075	0.15	0.1	0.125	0.25	0.175	0.4	1.025	0.775	0.625	1.43141433125532	0.85569974397253	0.462885924772146
0	0	0	0	0	0.075	0.15	0.1	0.125	0.25	0.175	0.4	1.025	0.775	0.625	1.43141433125532	0.85569974397253	0.462885924772146
