1.82456140350877	0.210526315789474	0	0	0.12280701754386	0.491228070175439	0.175438596491228	0.105263157894737	0.12280701754386	0.0175438596491228	0.0701754385964912	0.228070175438596	0.0175438596491228	0.0701754385964912	0	0	0	0
0.189655172413793	5.08620689655172	1.56896551724138	0.0172413793103448	0.0517241379310345	0.172413793103448	0.241379310344828	0.224137931034483	0.0517241379310345	0.155172413793103	0.0517241379310345	0	0.103448275862069	0.137931034482759	0.0344827586206897	0	0	0
0	0.608695652173913	2.34782608695652	1.58695652173913	0.108695652173913	0.0217391304347826	0.108695652173913	0.195652173913043	0.195652173913043	0.0434782608695652	0	0.0434782608695652	0	0.0869565217391304	0.0217391304347826	0.0565776415515938	0.0338221242676889	0.0182958863546303
0	0	0.186440677966102	0.457627118644068	0.271186440677966	0.423728813559322	0.23728813559322	0.389830508474576	0.0677966101694915	0.186440677966102	0.0169491525423729	0.0677966101694915	0.0169491525423729	0.0677966101694915	0	0	0	0
0.021505376344086	0	0	0.010752688172043	0.279569892473118	0.462365591397849	0.397849462365591	0.720430107526882	0.548387096774194	0.387096774193548	0.172043010752688	0.0752688172043011	0.161290322580645	0	0	0	0	0
0	0.0266666666666667	0.0266666666666667	0.0533333333333333	0.32	1.10666666666667	0.88	1.09333333333333	0.44	0.733333333333333	0.493333333333333	0.466666666666667	0.08	0.04	0.0133333333333333	0	0	0
0.0967741935483871	0.161290322580645	0	0	0.161290322580645	0.225806451612903	1	1.82258064516129	0.483870967741935	0.32258064516129	0.467741935483871	0.306451612903226	0.403225806451613	0.241935483870968	0.0967741935483871	0.0923493116938919	0.055206435095002	0.0298636080498159
0	0	0	0.0133333333333333	0.04	0.12	0.16	0.306666666666667	0.0666666666666667	0.293333333333333	0.16	0.106666666666667	0.0266666666666667	0.0933333333333333	0	0.0208205720909865	0.0124465417305095	0.00673288617850395
0	0	0.036144578313253	0.036144578313253	0.132530120481928	0.265060240963855	0.493975903614458	0.879518072289157	0.349397590361446	0.939759036144578	0.204819277108434	0.180722891566265	0.036144578313253	0.180722891566265	0.0120481927710843	0.0125425133078232	0.00749791670512622	0.00405595552921924
0	0.0645161290322581	0.010752688172043	0.021505376344086	0.182795698924731	0.473118279569892	0.709677419354839	0.78494623655914	0.67741935483871	0.763440860215054	0.376344086021505	0.354838709677419	0.139784946236559	0.172043010752688	0.043010752688172	0.0559692798144799	0.0334584455121224	0.0180991563938278
0	0	0	0.0545454545454545	0.2	0.654545454545455	0.927272727272727	1.27272727272727	1.23636363636364	0.927272727272727	1.03636363636364	1.09090909090909	0.163636363636364	0.163636363636364	0.0727272727272727	0.075711171239951	0.0452601517473074	0.0244832224672871
0.0483870967741935	0.0645161290322581	0	0	0.0806451612903226	0.483870967741935	0.483870967741935	0.612903225806452	0.338709677419355	0.612903225806452	0.67741935483871	0.854838709677419	0.548387096774194	0.451612903225806	0.258064516129032	0.201489407332128	0.120450403843641	0.0651569630177801
0.0638297872340425	0	0	0	0	0.0425531914893617	0.212765957446809	0.340425531914894	0.191489361702128	0.0212765957446809	0.48936170212766	0.574468085106383	1.19148936170213	0.914893617021277	0.382978723404255	0.376542261219969	0.225097031296449	0.121764962802731
0.0285714285714286	0.0857142857142857	0	0	0.142857142857143	0.657142857142857	0.0857142857142857	0.514285714285714	0.857142857142857	1.02857142857143	0.828571428571429	1.82857142857143	1.68571428571429	2.2	1.17142857142857	0.773335534808071	0.462300121418925	0.250078629487289
0	0.148148148148148	0	0	0.037037037037037	0.333333333333333	0.407407407407407	0.518518518518518	0.592592592592593	0.888888888888889	1.96296296296296	1.44444444444444	2.40740740740741	2.03703703703704	1.59259259259259	0.848245529632784	0.507081329761499	0.274302770235346
0	0	0	0	0	0.05	0.05	0.2	0.275	0.175	0.175	0.625	1.1	0.85	0.825	1.43141433125532	0.85569974397253	0.462885924772146
0	0	0	0	0	0.05	0.05	0.2	0.275	0.175	0.175	0.625	1.1	0.85	0.825	1.43141433125532	0.85569974397253	0.462885924772146
0	0	0	0	0	0.05	0.05	0.2	0.275	0.175	0.175	0.625	1.1	0.85	0.825	1.43141433125532	0.85569974397253	0.462885924772146
