1.42105263157895	0.157894736842105	0	0.0175438596491228	0.105263157894737	0.614035087719298	0.140350877192982	0.087719298245614	0.157894736842105	0.0350877192982456	0.105263157894737	0.140350877192982	0.157894736842105	0.12280701754386	0.087719298245614	0	0	0
0.189655172413793	4.48275862068965	1.70689655172414	0.0344827586206897	0.103448275862069	0.379310344827586	0.224137931034483	0.396551724137931	0.103448275862069	0.0517241379310345	0.0344827586206897	0	0.155172413793103	0.0172413793103448	0.0689655172413793	0.0448719226098848	0.0268244433847188	0.0145105305571206
0	1.08695652173913	2.97826086956522	1.8695652173913	0.195652173913043	0.0217391304347826	0.0217391304347826	0.195652173913043	0.41304347826087	0.0217391304347826	0.0869565217391304	0.0434782608695652	0	0.0869565217391304	0.0217391304347826	0.0565776415515938	0.0338221242676889	0.0182958863546303
0	0	0.186440677966102	0.525423728813559	0.11864406779661	0.220338983050847	0.23728813559322	0.288135593220339	0.0677966101694915	0.0847457627118644	0.0169491525423729	0.0677966101694915	0.0169491525423729	0.0677966101694915	0	0	0	0
0.043010752688172	0	0	0.010752688172043	0.440860215053763	0.806451612903226	0.741935483870968	0.881720430107527	1.09677419354839	0.67741935483871	0.344086021505376	0.21505376344086	0.129032258064516	0.010752688172043	0	0	0	0
0	0.0266666666666667	0	0.0533333333333333	0.386666666666667	1.18666666666667	0.826666666666667	0.96	0.426666666666667	0.773333333333333	0.506666666666667	0.4	0.08	0.0933333333333333	0.0266666666666667	0	0	0
0	0.0967741935483871	0	0	0.161290322580645	0.241935483870968	0.854838709677419	1.40322580645161	0.451612903225806	0.338709677419355	0.387096774193548	0.32258064516129	0.112903225806452	0	0.0483870967741935	0.016790783944344	0.0100375336536367	0.00542974691814834
0	0	0	0	0.04	0.08	0.293333333333333	0.426666666666667	0.12	0.453333333333333	0.32	0.466666666666667	0.0666666666666667	0.0666666666666667	0	0.0208205720909865	0.0124465417305095	0.00673288617850395
0	0	0.0240963855421687	0.036144578313253	0.120481927710843	0.253012048192771	0.614457831325301	1.18072289156627	0.325301204819277	0.91566265060241	0.180722891566265	0.120481927710843	0.168674698795181	0.409638554216867	0.192771084337349	0.137967646386055	0.0824770837563885	0.0446155108214117
0.010752688172043	0.032258064516129	0.043010752688172	0.0860215053763441	0.32258064516129	0.612903225806452	0.946236559139785	1.27956989247312	0.956989247311828	0.860215053763441	0.397849462365591	0.376344086021505	0.247311827956989	0.0860215053763441	0.0537634408602151	0.02798463990724	0.0167292227560612	0.0090495781969139
0	0	0.0545454545454545	0.0545454545454545	0.0727272727272727	0.472727272727273	0.381818181818182	0.836363636363636	0.472727272727273	0.454545454545455	0.490909090909091	0.672727272727273	0.254545454545455	0.309090909090909	0.0727272727272727	0.075711171239951	0.0452601517473074	0.0244832224672871
0.0161290322580645	0.032258064516129	0	0	0.032258064516129	0.17741935483871	0.274193548387097	0.741935483870968	0.451612903225806	0.725806451612903	0.725806451612903	1.30645161290323	0.67741935483871	0.274193548387097	0.387096774193548	0.243466367192988	0.145544237977732	0.078731330313151
0	0	0	0	0	0.0425531914893617	0.106382978723404	0.276595744680851	0.191489361702128	0.106382978723404	0.340425531914894	1.19148936170213	0.340425531914894	0.829787234042553	0.127659574468085	0.110747723888226	0.0662050092048379	0.0358132243537444
0.0571428571428571	0.0285714285714286	0	0	0.0285714285714286	0.228571428571429	0.114285714285714	0.342857142857143	0.828571428571429	0.857142857142857	0.685714285714286	0.885714285714286	2.28571428571429	4.22857142857143	1.77142857142857	1.10051595338072	0.657888634326932	0.355881126578066
0	0.111111111111111	0	0	0	0.148148148148148	0.37037037037037	0.111111111111111	0.62962962962963	0.555555555555556	0.518518518518518	0.444444444444444	1.11111111111111	1.44444444444444	0.814814814814815	0.713297377191205	0.426409300026715	0.23066369315245
0	0	0	0	0	0.025	0.1	0.1	0.1	0.225	0.075	0.55	0.55	0.45	0.575	1.36635004347099	0.816804301064688	0.441845655464321
0	0	0	0	0	0.025	0.1	0.1	0.1	0.225	0.075	0.55	0.55	0.45	0.575	1.36635004347099	0.816804301064688	0.441845655464321
0	0	0	0	0	0.025	0.1	0.1	0.1	0.225	0.075	0.55	0.55	0.45	0.575	1.36635004347099	0.816804301064688	0.441845655464321
