1.07017543859649	0.192982456140351	0	0.0350877192982456	0.0526315789473684	0.175438596491228	0.0701754385964912	0.228070175438596	0.087719298245614	0.0175438596491228	0.0175438596491228	0.157894736842105	0.140350877192982	0.0175438596491228	0.0350877192982456	0	0	0
0.0862068965517241	4.8448275862069	1.29310344827586	0	0	0.0517241379310345	0.103448275862069	0.0344827586206897	0	0.0344827586206897	0	0	0.0517241379310345	0	0	0	0	0
0	0.173913043478261	3.34782608695652	2.04347826086957	0.0652173913043478	0.239130434782609	0.326086956521739	0.260869565217391	0.434782608695652	0.0869565217391304	0.0217391304347826	0.130434782608696	0.0434782608695652	0.130434782608696	0	0.0678931698619126	0.0405865491212267	0.0219550636255563
0	0	0.508474576271186	0.745762711864407	0	0.0677966101694915	0	0.101694915254237	0	0.0169491525423729	0	0	0	0.0169491525423729	0	0	0	0
0.0860215053763441	0	0	0.032258064516129	0.333333333333333	0.505376344086022	0.494623655913978	0.526881720430108	0.698924731182796	0.483870967741935	0.21505376344086	0.139784946236559	0.0645161290322581	0.010752688172043	0	0	0	0
0	0.0666666666666667	0.0133333333333333	0.0266666666666667	0.28	0.986666666666667	0.626666666666667	0.813333333333333	0.32	0.733333333333333	0.36	0.306666666666667	0.08	0.146666666666667	0.0266666666666667	0	0	0
0.129032258064516	0.225806451612903	0	0.0161290322580645	0	0.0967741935483871	0.403225806451613	1.08064516129032	0.0483870967741935	0.0806451612903226	0.129032258064516	0.129032258064516	0.629032258064516	0.5	0.0967741935483871	0.159512447471268	0.0953565697095488	0.0515825957224093
0	0	0	0.0133333333333333	0.0533333333333333	0.386666666666667	0.506666666666667	0.573333333333333	0.266666666666667	0.693333333333333	0.613333333333333	0.813333333333333	0.12	0.08	0.0266666666666667	0	0	0
0	0	0	0.036144578313253	0.0481927710843374	0.228915662650602	0.337349397590361	0.650602409638554	0.168674698795181	0.662650602409639	0.072289156626506	0.0602409638554217	0.240963855421687	0.734939759036145	0.36144578313253	0.244579009502553	0.146209375749961	0.0790911328197753
0.010752688172043	0	0.043010752688172	0.043010752688172	0.311827956989247	0.462365591397849	0.795698924731183	1.09677419354839	1.19354838709677	0.634408602150538	0.387096774193548	0.505376344086022	0.182795698924731	0.150537634408602	0.043010752688172	0.0671631357773759	0.0401501346145469	0.0217189876725934
0	0	0	0.127272727272727	0.145454545454545	0.709090909090909	0.745454545454545	1.25454545454545	0.981818181818182	0.945454545454545	0.981818181818182	0.745454545454545	0.236363636363636	0.109090909090909	0.145454545454545	0.0851750676449449	0.0509176707157208	0.027543625275698
0.0161290322580645	0.032258064516129	0	0	0.032258064516129	0.306451612903226	0.548387096774194	0.838709677419355	0.419354838709677	0.661290322580645	0.370967741935484	1.12903225806452	1	0.403225806451613	0.290322580645161	0.285443327053848	0.170638072111824	0.0923056976085218
0	0	0	0	0.127659574468085	0.361702127659574	0.382978723404255	0.361702127659574	0.872340425531915	0.446808510638298	0.702127659574468	0.978723404255319	0.936170212765957	1.08510638297872	0.638297872340426	0.299018854498211	0.178753524853062	0.0966957057551099
0.0285714285714286	0.2	0	0	0.0285714285714286	0.114285714285714	0.114285714285714	0.428571428571429	0.685714285714286	0.771428571428571	0.6	1.14285714285714	1.34285714285714	4.22857142857143	1.05714285714286	1.01128493013363	0.604546312624749	0.327025900098763
0	0	0.037037037037037	0	0	0.037037037037037	0	0.259259259259259	0.333333333333333	0.481481481481481	0.444444444444444	0.592592592592593	1.11111111111111	1.62962962962963	1	0.655462454716242	0.391835572997522	0.211961231545495
0	0	0	0	0.125	0.025	0.1	0.125	0.225	0.475	0.325	0.5	1.25	1.7	1.45	1.65263290972206	0.987944249859194	0.534422840418751
0	0	0	0	0.125	0.025	0.1	0.125	0.225	0.475	0.325	0.5	1.25	1.7	1.45	1.65263290972206	0.987944249859194	0.534422840418751
0	0	0	0	0.125	0.025	0.1	0.125	0.225	0.475	0.325	0.5	1.25	1.7	1.45	1.65263290972206	0.987944249859194	0.534422840418751
