2.26315789473684	0.228070175438596	0	0	0.105263157894737	0.280701754385965	0.140350877192982	0.157894736842105	0.105263157894737	0.0175438596491228	0.0350877192982456	0.175438596491228	0.0350877192982456	0.0701754385964912	0	0	0	0
0.810344827586207	4.53448275862069	1.89655172413793	0.0689655172413793	0.206896551724138	0.431034482758621	0.551724137931034	0.5	0.189655172413793	0.120689655172414	0.0517241379310345	0.155172413793103	0.137931034482759	0.120689655172414	0.0344827586206897	0.0269231535659308	0.0160946660308313	0.00870631833427234
0	0.173913043478261	3.1304347826087	1.82608695652174	0.239130434782609	0.326086956521739	0.434782608695652	0.369565217391304	0.369565217391304	0.130434782608696	0.108695652173913	0.0652173913043478	0.0434782608695652	0	0	0	0	0
0	0	0.949152542372881	1.15254237288136	0.169491525423729	0.322033898305085	0.220338983050847	0.372881355932203	0.0677966101694915	0.135593220338983	0.0169491525423729	0.0508474576271186	0.0169491525423729	0.0847457627118644	0	0	0	0
0.10752688172043	0	0	0.010752688172043	0.43010752688172	0.473118279569892	0.376344086021505	0.526881720430108	0.56989247311828	0.494623655913978	0.172043010752688	0.10752688172043	0.161290322580645	0.0537634408602151	0	0	0	0
0	0.0266666666666667	0.0266666666666667	0.0666666666666667	0.426666666666667	1.17333333333333	0.866666666666667	1.24	0.533333333333333	0.706666666666667	0.586666666666667	0.546666666666667	0.106666666666667	0.0933333333333333	0.0266666666666667	0	0	0
0.032258064516129	0.161290322580645	0	0	0.032258064516129	0.258064516129032	0.483870967741935	1.04838709677419	0.0967741935483871	0.145161290322581	0.0806451612903226	0.032258064516129	0.403225806451613	0.241935483870968	0.0967741935483871	0.109140095638236	0.0652439687486387	0.0352933549679642
0	0	0	0.0133333333333333	0.0533333333333333	0.56	0.573333333333333	0.64	0.24	0.76	0.613333333333333	0.8	0.0666666666666667	0.0666666666666667	0	0.013880381393991	0.00829769448700635	0.0044885907856693
0	0	0.0240963855421687	0.0602409638554217	0.0602409638554217	0.325301204819277	0.27710843373494	0.518072289156627	0.397590361445783	0.831325301204819	0.0843373493975904	0.108433734939759	0.036144578313253	0.120481927710843	0.0120481927710843	0.0125425133078232	0.00749791670512622	0.00405595552921924
0.032258064516129	0.032258064516129	0.021505376344086	0.032258064516129	0.32258064516129	0.451612903225806	0.602150537634409	0.849462365591398	0.881720430107527	0.849462365591398	0.32258064516129	0.408602150537634	0.139784946236559	0.0752688172043011	0.043010752688172	0.011193855962896	0.00669168910242448	0.00361983127876556
0	0	0.0181818181818182	0.218181818181818	0.145454545454545	0.618181818181818	0.472727272727273	1.09090909090909	0.836363636363636	0.563636363636364	0.745454545454545	0.854545454545454	0.381818181818182	0.109090909090909	0.163636363636364	0.0946389640499388	0.0565751896841342	0.0306040280841088
0	0.032258064516129	0	0	0	0.193548387096774	0.274193548387097	0.435483870967742	0.241935483870968	0.774193548387097	0.564516129032258	1.04838709677419	0.693548387096774	0.483870967741935	0.5	0.419769598608599	0.250938341340918	0.135743672953709
0.0212765957446809	0	0	0	0	0.106382978723404	0.0638297872340425	0.574468085106383	0.617021276595745	0.276595744680851	0.446808510638298	1.76595744680851	1.12765957446809	1.61702127659574	0.48936170212766	0.454065667941727	0.271440537739836	0.146834219850352
0.0571428571428571	0	0	0	0.0285714285714286	0.171428571428571	0.142857142857143	0.342857142857143	0.314285714285714	0.342857142857143	0.2	0.714285714285714	0.628571428571429	2.11428571428571	0.485714285714286	0.371795930196188	0.222259673759099	0.120230110330428
0	0.148148148148148	0	0.037037037037037	0.037037037037037	0.111111111111111	0.148148148148148	0.296296296296296	0.481481481481481	0.37037037037037	0.62962962962963	0.444444444444444	2.18518518518519	1.33333333333333	0.962962962962963	0.636184147224588	0.380310997321125	0.205727077676509
0	0	0	0	0	0.05	0.125	0.15	0.2	0.175	0.35	1	1.075	0.95	0.575	2.25122435733792	1.34578232461134	0.727993318050739
0	0	0	0	0	0.05	0.125	0.15	0.2	0.175	0.35	1	1.075	0.95	0.575	2.25122435733792	1.34578232461134	0.727993318050739
0	0	0	0	0	0.05	0.125	0.15	0.2	0.175	0.35	1	1.075	0.95	0.575	2.25122435733792	1.34578232461134	0.727993318050739
