0.842105263157895	0.105263157894737	0	0	0.12280701754386	0.456140350877193	0.175438596491228	0.263157894736842	0.140350877192982	0.0350877192982456	0.0701754385964912	0.140350877192982	0.175438596491228	0.0701754385964912	0.0350877192982456	0	0	0
0.103448275862069	4.91379310344828	2.13793103448276	0.0344827586206897	0.103448275862069	0.189655172413793	0.172413793103448	0.293103448275862	0.103448275862069	0.0172413793103448	0	0	0.137931034482759	0.310344827586207	0.0689655172413793	0.0269231535659308	0.0160946660308313	0.00870631833427234
0	1.28260869565217	2.34782608695652	1.26086956521739	0.347826086956522	0.0869565217391304	0.217391304347826	0.217391304347826	0.239130434782609	0.0869565217391304	0	0.0434782608695652	0	0.0869565217391304	0.0434782608695652	0.0678931698619126	0.0405865491212267	0.0219550636255563
0	0	0.542372881355932	0.76271186440678	0.101694915254237	0.220338983050847	0.0508474576271186	0.271186440677966	0.0677966101694915	0.135593220338983	0	0.0169491525423729	0.0338983050847458	0.101694915254237	0	0	0	0
0.129032258064516	0	0	0	0.494623655913978	0.505376344086022	0.32258064516129	0.903225806451613	0.645161290322581	0.526881720430108	0.21505376344086	0.139784946236559	0.311827956989247	0.043010752688172	0	0	0	0
0	0.04	0.0533333333333333	0	0.08	0.76	0.533333333333333	0.773333333333333	0.173333333333333	0.626666666666667	0.36	0.373333333333333	0.0266666666666667	0.0666666666666667	0.0266666666666667	0	0	0
0.145161290322581	0	0	0	0.0967741935483871	0.17741935483871	0.548387096774194	0.661290322580645	0.290322580645161	0.241935483870968	0.306451612903226	0.209677419354839	0.0806451612903226	0	0.0483870967741935	0.016790783944344	0.0100375336536367	0.00542974691814834
0	0	0	0.0133333333333333	0.0666666666666667	0.253333333333333	0.546666666666667	0.373333333333333	0.333333333333333	1	0.653333333333333	0.866666666666667	0.133333333333333	0.0666666666666667	0.04	0.013880381393991	0.00829769448700635	0.0044885907856693
0	0	0.0120481927710843	0.0120481927710843	0.108433734939759	0.337349397590361	0.578313253012048	0.903614457831325	0.301204819277108	1.03614457831325	0.204819277108434	0.132530120481928	0.0963855421686747	0.216867469879518	0.108433734939759	0.0752550798469392	0.0449875002307573	0.0243357331753155
0.010752688172043	0.0645161290322581	0.021505376344086	0.010752688172043	0.301075268817204	0.440860215053763	0.655913978494624	1.16129032258065	0.827956989247312	0.752688172043011	0.365591397849462	0.408602150537634	0.225806451612903	0.0752688172043011	0.0537634408602151	0.02798463990724	0.0167292227560612	0.0090495781969139
0	0	0.0363636363636364	0.0545454545454545	0.0363636363636364	0.418181818181818	0.0727272727272727	0.690909090909091	0.472727272727273	0.509090909090909	0.436363636363636	0.436363636363636	0.254545454545455	0.290909090909091	0.0909090909090909	0.0662472748349571	0.039602632778894	0.0214228196588762
0.032258064516129	0.0161290322580645	0	0.032258064516129	0.0645161290322581	0.403225806451613	0.870967741935484	1	0.887096774193548	1.08064516129032	0.870967741935484	1.12903225806452	1.40322580645161	0.258064516129032	0.467741935483871	0.453351166497287	0.271013408648191	0.146603166790005
0.0425531914893617	0	0	0	0.0638297872340425	0.191489361702128	0.425531914893617	0.319148936170213	0.382978723404255	0.404255319148936	0.51063829787234	0.404255319148936	1.02127659574468	0.808510638297872	0.617021276595745	0.332243171664679	0.198615027614514	0.107439673061233
0.0571428571428571	0.171428571428571	0	0	0.0571428571428571	0.142857142857143	0.314285714285714	0.514285714285714	0.685714285714286	0.857142857142857	0.6	1.34285714285714	1.2	3	0.685714285714286	0.550257976690358	0.328944317163466	0.177940563289033
0	0	0	0	0	0.222222222222222	0	0.148148148148148	0.037037037037037	0.407407407407407	0.148148148148148	0.259259259259259	1.11111111111111	1.07407407407407	1.18518518518519	0.385566149833084	0.230491513527954	0.124683077379703
0	0	0	0	0	0.025	0.025	0.05	0.125	0.125	0.025	0.25	0.4	0.325	0.275	1.43141433125532	0.85569974397253	0.462885924772146
0	0	0	0	0	0.025	0.025	0.05	0.125	0.125	0.025	0.25	0.4	0.325	0.275	1.43141433125532	0.85569974397253	0.462885924772146
0	0	0	0	0	0.025	0.025	0.05	0.125	0.125	0.025	0.25	0.4	0.325	0.275	1.43141433125532	0.85569974397253	0.462885924772146
