0.280701754385965	0.105263157894737	0	0.0175438596491228	0.0350877192982456	0.263157894736842	0.105263157894737	0.105263157894737	0.0526315789473684	0	0	0.087719298245614	0.0350877192982456	0.0175438596491228	0.0175438596491228	0	0	0
0.137931034482759	3.6551724137931	1.31034482758621	0	0	0.0689655172413793	0.0172413793103448	0.0517241379310345	0	0.0172413793103448	0.0172413793103448	0	0.0172413793103448	0.0172413793103448	0	0.00897438452197695	0.00536488867694376	0.00290210611142411
0	1.26086956521739	3.28260869565217	2.69565217391304	0.282608695652174	0.456521739130435	0.630434782608696	0.478260869565217	0.478260869565217	0.195652173913043	0.108695652173913	0.130434782608696	0.0434782608695652	0	0.0217391304347826	0.0113155283103188	0.00676442485353779	0.00365917727092606
0	0	1.23728813559322	1.50847457627119	0.169491525423729	0.338983050847458	0.254237288135593	0.440677966101695	0.135593220338983	0.152542372881356	0.0169491525423729	0.0508474576271186	0.0508474576271186	0.135593220338983	0	0	0	0
0.043010752688172	0	0	0.010752688172043	0.32258064516129	0.548387096774194	0.354838709677419	0.731182795698925	0.688172043010753	0.537634408602151	0.21505376344086	0.150537634408602	0.268817204301075	0.043010752688172	0	0	0	0
0	0.0266666666666667	0	0.0533333333333333	0.426666666666667	0.733333333333333	0.613333333333333	0.626666666666667	0.453333333333333	0.453333333333333	0.4	0.226666666666667	0.0533333333333333	0.0666666666666667	0.04	0	0	0
0.0645161290322581	0.225806451612903	0	0.0161290322580645	0.193548387096774	0.274193548387097	1.16129032258065	1.67741935483871	0.548387096774194	0.354838709677419	0.483870967741935	0.306451612903226	0.790322580645161	0.516129032258065	0.193548387096774	0.193094015359956	0.115431637016822	0.0624420895587059
0	0	0	0	0.0533333333333333	0.266666666666667	0.226666666666667	0.546666666666667	0.08	0.253333333333333	0.266666666666667	0.213333333333333	0.04	0.0666666666666667	0	0.00694019069699551	0.00414884724350318	0.00224429539283465
0	0	0.0120481927710843	0.036144578313253	0.072289156626506	0.204819277108434	0.373493975903614	0.662650602409639	0.168674698795181	0.939759036144578	0.072289156626506	0.120481927710843	0.072289156626506	0.168674698795181	0.0240963855421687	0.0250850266156464	0.0149958334102524	0.00811191105843849
0.021505376344086	0	0.0645161290322581	0.21505376344086	0.440860215053763	0.698924731182796	0.709677419354839	1.19354838709677	0.89247311827957	1	0.387096774193548	0.387096774193548	0.365591397849462	0.247311827956989	0.118279569892473	0.0391784958701359	0.0234209118584857	0.0126694094756795
0	0	0.0181818181818182	0.145454545454545	0.109090909090909	0.781818181818182	0.545454545454545	1.29090909090909	0.836363636363636	0.909090909090909	0.854545454545454	1.05454545454545	0.236363636363636	0.309090909090909	0.109090909090909	0.00946389640499387	0.00565751896841342	0.00306040280841088
0.032258064516129	0	0	0.032258064516129	0.032258064516129	0.403225806451613	0.838709677419355	0.741935483870968	0.548387096774194	1.08064516129032	0.709677419354839	0.612903225806452	0.67741935483871	0.387096774193548	0.516129032258065	0.361001854803395	0.215806973553189	0.116739558740189
0	0	0	0	0.148936170212766	0.446808510638298	0.48936170212766	0.531914893617021	0.702127659574468	0.48936170212766	0.553191489361702	0.957446808510638	0.978723404255319	1	0.48936170212766	0.265794537331743	0.158892022091611	0.0859517384489865
0.0571428571428571	0.142857142857143	0	0	0	0.285714285714286	0.0857142857142857	0.371428571428571	0.6	0.457142857142857	0.342857142857143	0.742857142857143	0.771428571428571	3.11428571428571	0.885714285714286	0.580001651106053	0.346725091064194	0.187558972115467
0	0	0	0	0	0.259259259259259	0	0.37037037037037	0.407407407407407	0.185185185185185	0.037037037037037	0.0740740740740741	0.851851851851852	0.962962962962963	0.518518518518518	0.347009534849775	0.207442362175159	0.112214769641732
0	0	0	0	0.05	0.15	0.125	0.1	0.15	0.3	0.2	0.375	0.725	0.65	0.6	1.43141433125532	0.85569974397253	0.462885924772146
0	0	0	0	0.05	0.15	0.125	0.1	0.15	0.3	0.2	0.375	0.725	0.65	0.6	1.43141433125532	0.85569974397253	0.462885924772146
0	0	0	0	0.05	0.15	0.125	0.1	0.15	0.3	0.2	0.375	0.725	0.65	0.6	1.43141433125532	0.85569974397253	0.462885924772146
