1.10526315789474	0.12280701754386	0	0	0.0526315789473684	0.140350877192982	0.087719298245614	0.140350877192982	0.0701754385964912	0.0526315789473684	0.087719298245614	0.140350877192982	0.157894736842105	0.0701754385964912	0.0350877192982456	0	0	0
0.379310344827586	3.29310344827586	0.96551724137931	0.0344827586206897	0.103448275862069	0.379310344827586	0.448275862068966	0.344827586206897	0.0862068965517241	0.0172413793103448	0.0344827586206897	0.0517241379310345	0.155172413793103	0	0.0344827586206897	0.00897438452197695	0.00536488867694376	0.00290210611142411
0	1.80434782608696	4	2.39130434782609	0.0652173913043478	0.0434782608695652	0.0217391304347826	0.173913043478261	0.108695652173913	0.0869565217391304	0.0217391304347826	0.0217391304347826	0.0434782608695652	0.0434782608695652	0.0217391304347826	0.0339465849309563	0.0202932745606134	0.0109775318127782
0	0	0.542372881355932	0.796610169491525	0.101694915254237	0.254237288135593	0.101694915254237	0.389830508474576	0.0677966101694915	0.152542372881356	0	0.0677966101694915	0.0338983050847458	0.11864406779661	0	0	0	0
0.021505376344086	0	0	0.010752688172043	0.279569892473118	0.666666666666667	0.311827956989247	0.655913978494624	0.56989247311828	0.483870967741935	0.172043010752688	0.139784946236559	0.0645161290322581	0.010752688172043	0	0	0	0
0	0.0133333333333333	0.0133333333333333	0.0533333333333333	0.306666666666667	0.706666666666667	0.613333333333333	0.626666666666667	0.386666666666667	0.68	0.373333333333333	0.373333333333333	0.0533333333333333	0.04	0.04	0	0	0
0.129032258064516	0.129032258064516	0	0.0483870967741935	0.032258064516129	0.0645161290322581	0.306451612903226	1	0.0967741935483871	0.129032258064516	0.17741935483871	0.161290322580645	0.629032258064516	0.532258064516129	0.145161290322581	0.193094015359956	0.115431637016822	0.0624420895587059
0	0	0	0.0266666666666667	0.08	0.373333333333333	0.733333333333333	0.8	0.293333333333333	0.893333333333333	0.773333333333333	0.853333333333333	0.08	0.0666666666666667	0.0133333333333333	0.0208205720909865	0.0124465417305095	0.00673288617850395
0	0	0.0240963855421687	0.0602409638554217	0.120481927710843	0.44578313253012	0.650602409638554	1.07228915662651	0.493975903614458	0.951807228915663	0.168674698795181	0.144578313253012	0.253012048192771	0.686746987951807	0.289156626506024	0.206951469579083	0.123715625634583	0.0669232662321175
0	0.032258064516129	0.032258064516129	0	0.32258064516129	0.559139784946237	0.731182795698925	1.17204301075269	0.956989247311828	0.817204301075269	0.483870967741935	0.505376344086022	0.32258064516129	0.21505376344086	0.0752688172043011	0.0895508477031679	0.0535335128193958	0.0289586502301245
0	0	0.0181818181818182	0.0909090909090909	0.127272727272727	0.672727272727273	0.490909090909091	1.50909090909091	0.927272727272727	0.763636363636364	0.781818181818182	1.14545454545455	0.345454545454545	0.309090909090909	0.127272727272727	0.0851750676449449	0.0509176707157208	0.027543625275698
0	0.032258064516129	0	0.0483870967741935	0	0.387096774193548	0.596774193548387	0.629032258064516	0.709677419354839	1.24193548387097	0.887096774193548	1.25806451612903	1.41935483870968	0.483870967741935	0.612903225806452	0.520514302274663	0.311163543262738	0.168322154462599
0	0	0	0	0.0851063829787234	0.340425531914894	0.382978723404255	0.425531914893617	0.574468085106383	0.382978723404255	0.702127659574468	0.829787234042553	1.29787234042553	1.17021276595745	0.914893617021277	0.653411570940534	0.390609554308544	0.211298023687092
0.0285714285714286	0	0	0	0.0285714285714286	0	0.142857142857143	0.542857142857143	0.542857142857143	0.485714285714286	0.542857142857143	0.8	1.17142857142857	3.02857142857143	0.742857142857143	0.535386139482511	0.320053930213102	0.173131358875816
0	0	0	0	0	0.296296296296296	0	0.185185185185185	0.185185185185185	0.185185185185185	0.666666666666667	0.296296296296296	0.851851851851852	0.518518518518518	0.481481481481481	0.636184147224588	0.380310997321125	0.205727077676509
0	0	0	0	0.05	0.075	0.125	0.15	0.275	0.5	0.2	0.4	0.825	0.7	0.625	0.676668592957062	0.40451260624156	0.218818800801378
0	0	0	0	0.05	0.075	0.125	0.15	0.275	0.5	0.2	0.4	0.825	0.7	0.625	0.676668592957062	0.40451260624156	0.218818800801378
0	0	0	0	0.05	0.075	0.125	0.15	0.275	0.5	0.2	0.4	0.825	0.7	0.625	0.676668592957062	0.40451260624156	0.218818800801378
