0.228070175438596	0.0350877192982456	0	0.0350877192982456	0	0.228070175438596	0	0.175438596491228	0.0350877192982456	0	0	0.087719298245614	0.157894736842105	0.0350877192982456	0.0350877192982456	0	0	0
0.396551724137931	3.20689655172414	1.10344827586207	0.0172413793103448	0.0517241379310345	0.103448275862069	0.0517241379310345	0.0517241379310345	0.0344827586206897	0.120689655172414	0.103448275862069	0.0517241379310345	0.155172413793103	0.362068965517241	0	0.0179487690439539	0.0107297773538875	0.00580421222284823
0	1.08695652173913	4.19565217391304	2.71739130434783	0.0652173913043478	0	0.0869565217391304	0.304347826086957	0.217391304347826	0.0434782608695652	0	0.0434782608695652	0	0.0869565217391304	0	0.0452621132412751	0.0270576994141512	0.0146367090837042
0	0	0.423728813559322	0.830508474576271	0.389830508474576	0.525423728813559	0.474576271186441	0.677966101694915	0.23728813559322	0.271186440677966	0.0338983050847458	0.0847457627118644	0.0847457627118644	0.186440677966102	0	0	0	0
0.0860215053763441	0	0	0.0537634408602151	0.354838709677419	0.580645161290323	0.258064516129032	0.623655913978495	0.43010752688172	0.505376344086022	0.129032258064516	0.139784946236559	0.0537634408602151	0	0	0	0	0
0	0.04	0.0133333333333333	0.0533333333333333	0.36	0.973333333333333	0.64	0.826666666666667	0.373333333333333	0.586666666666667	0.453333333333333	0.413333333333333	0.106666666666667	0.2	0.04	0	0	0
0	0	0	0.0161290322580645	0.225806451612903	0.209677419354839	1.01612903225806	0.725806451612903	0.612903225806452	0.403225806451613	0.516129032258065	0.241935483870968	0.193548387096774	0.0161290322580645	0.145161290322581	0.0587677438052039	0.0351313677877285	0.0190041142135192
0	0	0	0.04	0.04	0.386666666666667	0.266666666666667	0.453333333333333	0.253333333333333	0.373333333333333	0.08	0.0933333333333333	0.0666666666666667	0.0666666666666667	0.04	0.013880381393991	0.00829769448700635	0.0044885907856693
0	0	0.036144578313253	0.0843373493975904	0.120481927710843	0.409638554216867	0.759036144578313	0.91566265060241	0.385542168674699	1.16867469879518	0.144578313253012	0.108433734939759	0.337349397590361	0.746987951807229	0.385542168674699	0.275935292772111	0.164954167512777	0.0892310216428234
0	0.032258064516129	0.021505376344086	0.10752688172043	0.354838709677419	0.526881720430108	0.698924731182796	1.04301075268817	1.01075268817204	0.709677419354839	0.344086021505376	0.43010752688172	0.247311827956989	0.193548387096774	0.043010752688172	0.100744703666064	0.0602252019218203	0.0325784815088901
0	0	0.0181818181818182	0.2	0.2	0.872727272727273	1.14545454545455	1.47272727272727	1.21818181818182	1.10909090909091	1.32727272727273	1.29090909090909	0.381818181818182	0.127272727272727	0.145454545454545	0.104102860454933	0.0622327086525477	0.0336644308925197
0.032258064516129	0.0161290322580645	0	0	0.032258064516129	0.225806451612903	0.709677419354839	0.951612903225806	0.564516129032258	0.838709677419355	1.03225806451613	1.06451612903226	0.709677419354839	0.274193548387097	0.467741935483871	0.260257151137332	0.155581771631369	0.0841610772312993
0	0	0	0	0.0212765957446809	0.0425531914893617	0.106382978723404	0.127659574468085	0.553191489361702	0.297872340425532	0.446808510638298	0.702127659574468	1.40425531914894	0.808510638297872	0.787234042553192	0.509439529885841	0.304543042342254	0.164740832027224
0	0	0	0	0.142857142857143	0.228571428571429	0.2	0.371428571428571	1.68571428571429	0.714285714285714	0.942857142857143	1.42857142857143	1.14285714285714	2.14285714285714	0.685714285714286	0.594873488313901	0.355615478014558	0.192368176528684
0	0	0	0	0	0.037037037037037	0.185185185185185	0.259259259259259	0.222222222222222	0.333333333333333	0.592592592592593	0.444444444444444	0.555555555555556	0.666666666666667	0.555555555555556	0.308452919866467	0.184393210822363	0.0997464619037621
0	0	0	0	0	0.075	0	0.2	0.05	0.375	0.05	0.25	0.6	0.825	1.1	1.48346576148279	0.886816098298804	0.479718140218406
0	0	0	0	0	0.075	0	0.2	0.05	0.375	0.05	0.25	0.6	0.825	1.1	1.48346576148279	0.886816098298804	0.479718140218406
0	0	0	0	0	0.075	0	0.2	0.05	0.375	0.05	0.25	0.6	0.825	1.1	1.48346576148279	0.886816098298804	0.479718140218406
