1.01754385964912	0.087719298245614	0	0	0.0701754385964912	0.157894736842105	0.105263157894737	0.210526315789474	0.087719298245614	0.0175438596491228	0.087719298245614	0.12280701754386	0.0526315789473684	0.0701754385964912	0.0350877192982456	0	0	0
0.396551724137931	4.98275862068965	1.87931034482759	0.0344827586206897	0.103448275862069	0.206896551724138	0.172413793103448	0.189655172413793	0.0862068965517241	0.0344827586206897	0.0517241379310345	0.0517241379310345	0.103448275862069	0.0172413793103448	0.0344827586206897	0.0179487690439539	0.0107297773538875	0.00580421222284823
0	0.717391304347826	2.60869565217391	1.32608695652174	0.0217391304347826	0.0217391304347826	0.108695652173913	0.239130434782609	0.130434782608696	0	0.0217391304347826	0.0217391304347826	0.0434782608695652	0.0434782608695652	0.0217391304347826	0.0339465849309563	0.0202932745606134	0.0109775318127782
0	0	0.661016949152542	0.847457627118644	0.338983050847458	0.440677966101695	0.440677966101695	0.508474576271186	0.203389830508475	0.220338983050847	0.0338983050847458	0.0677966101694915	0.0677966101694915	0.152542372881356	0	0	0	0
0.0645161290322581	0	0	0.021505376344086	0.301075268817204	0.634408602150538	0.279569892473118	0.795698924731183	0.419354838709677	0.408602150537634	0.129032258064516	0.0967741935483871	0.0967741935483871	0.043010752688172	0	0	0	0
0	0.0266666666666667	0.0266666666666667	0.106666666666667	0.546666666666667	1.38666666666667	1.6	1.8	0.893333333333333	0.906666666666667	0.973333333333333	0.8	0.0533333333333333	0.0933333333333333	0.0266666666666667	0	0	0
0.129032258064516	0.0483870967741935	0	0.032258064516129	0.225806451612903	0.338709677419355	1.12903225806452	1.30645161290323	0.612903225806452	0.354838709677419	0.564516129032258	0.32258064516129	0.258064516129032	0.032258064516129	0.145161290322581	0.0671631357773759	0.0401501346145469	0.0217189876725934
0	0	0	0.0133333333333333	0.04	0.2	0.333333333333333	0.586666666666667	0.173333333333333	0.453333333333333	0.333333333333333	0.453333333333333	0.04	0.0133333333333333	0	0.013880381393991	0.00829769448700635	0.0044885907856693
0	0	0.0120481927710843	0.036144578313253	0.0602409638554217	0.301204819277108	0.44578313253012	0.518072289156627	0.27710843373494	0.783132530120482	0.0602409638554217	0.0963855421686747	0.180722891566265	0.590361445783133	0.192771084337349	0.137967646386055	0.0824770837563885	0.0446155108214117
0.010752688172043	0.032258064516129	0.021505376344086	0.043010752688172	0.247311827956989	0.462365591397849	0.655913978494624	0.89247311827957	0.924731182795699	0.731182795698925	0.32258064516129	0.43010752688172	0.182795698924731	0.21505376344086	0.0537634408602151	0.0839539197217199	0.0501876682681836	0.0271487345907417
0	0	0	0.0909090909090909	0.218181818181818	0.836363636363636	1.2	1.45454545454545	0.945454545454545	0.963636363636364	0.963636363636364	1.07272727272727	0.509090909090909	0.290909090909091	0.145454545454545	0.0946389640499388	0.0565751896841342	0.0306040280841088
0.0161290322580645	0.032258064516129	0	0.0161290322580645	0.032258064516129	0.306451612903226	0.564516129032258	0.645161290322581	0.612903225806452	0.741935483870968	0.645161290322581	0.903225806451613	0.629032258064516	0.403225806451613	0.354838709677419	0.2098847993043	0.125469170670459	0.0678718364768543
0	0	0	0	0.106382978723404	0.234042553191489	0.404255319148936	0.51063829787234	0.48936170212766	0.425531914893617	0.936170212765957	0.851063829787234	0.936170212765957	0.659574468085106	0.48936170212766	0.287944082109388	0.172133023932579	0.0931143833197354
0.0285714285714286	0	0	0	0.0571428571428571	0.0285714285714286	0.228571428571429	0.457142857142857	0.657142857142857	0.457142857142857	0.228571428571429	1.05714285714286	1.08571428571429	2.48571428571429	0.828571428571429	0.698976348768833	0.417848186667106	0.226032607421204
0	0	0	0	0	0.296296296296296	0.185185185185185	0.444444444444444	0.407407407407407	0.777777777777778	1.22222222222222	0.740740740740741	2.22222222222222	2.03703703703704	1.37037037037037	1.17597675699091	0.70299911626026	0.380283386008093
0	0	0	0	0.05	0.15	0.05	0.075	0.25	0.275	0.275	0.65	0.775	1.425	0.975	1.71769719750639	1.02683969276704	0.555463109726575
0	0	0	0	0.05	0.15	0.05	0.075	0.25	0.275	0.275	0.65	0.775	1.425	0.975	1.71769719750639	1.02683969276704	0.555463109726575
0	0	0	0	0.05	0.15	0.05	0.075	0.25	0.275	0.275	0.65	0.775	1.425	0.975	1.71769719750639	1.02683969276704	0.555463109726575
