1.49122807017544	0.140350877192982	0	0.0175438596491228	0.0526315789473684	0.315789473684211	0.0701754385964912	0.12280701754386	0.087719298245614	0.0175438596491228	0.0526315789473684	0.105263157894737	0.12280701754386	0.0526315789473684	0.0526315789473684	0	0	0
0.258620689655172	4.1551724137931	1.6551724137931	0.0172413793103448	0.0517241379310345	0.206896551724138	0.362068965517241	0.293103448275862	0.0344827586206897	0.155172413793103	0.0172413793103448	0.0517241379310345	0.189655172413793	0.120689655172414	0	0.0269231535659308	0.0160946660308313	0.00870631833427234
0	1.5	3.19565217391304	1.52173913043478	0.304347826086957	0.282608695652174	0.391304347826087	0.369565217391304	0.456521739130435	0.130434782608696	0.130434782608696	0.0869565217391304	0.0869565217391304	0.0434782608695652	0.0217391304347826	0.0339465849309563	0.0202932745606134	0.0109775318127782
0	0	0.338983050847458	0.830508474576271	0.389830508474576	0.542372881355932	0.406779661016949	0.593220338983051	0.0677966101694915	0.203389830508475	0.0338983050847458	0.101694915254237	0	0.0338983050847458	0	0	0	0
0.021505376344086	0	0	0.021505376344086	0.333333333333333	0.591397849462366	0.408602150537634	0.795698924731183	0.860215053763441	0.580645161290323	0.258064516129032	0.182795698924731	0.279569892473118	0.010752688172043	0	0	0	0
0	0.04	0.0266666666666667	0.0533333333333333	0.413333333333333	0.84	0.64	0.826666666666667	0.44	0.6	0.493333333333333	0.426666666666667	0.08	0.16	0.04	0	0	0
0.0645161290322581	0	0	0.0161290322580645	0.032258064516129	0.161290322580645	0.338709677419355	0.741935483870968	0.0967741935483871	0.129032258064516	0.129032258064516	0.0483870967741935	0.0967741935483871	0.0161290322580645	0.0483870967741935	0.025186175916516	0.0150563004804551	0.00814462037722251
0	0	0	0	0.04	0.146666666666667	0.106666666666667	0.32	0.08	0.24	0.0666666666666667	0.133333333333333	0.0533333333333333	0.04	0.0266666666666667	0.013880381393991	0.00829769448700635	0.0044885907856693
0	0	0.036144578313253	0.0602409638554217	0.253012048192771	0.530120481927711	1.08433734939759	1.67469879518072	0.650602409638554	1.32530120481928	0.397590361445783	0.240963855421687	0.253012048192771	0.674698795180723	0.289156626506024	0.206951469579083	0.123715625634583	0.0669232662321175
0.010752688172043	0.032258064516129	0.021505376344086	0.0752688172043011	0.376344086021505	0.451612903225806	0.602150537634409	0.806451612903226	0.580645161290323	0.870967741935484	0.279569892473118	0.32258064516129	0.150537634408602	0.0645161290322581	0.021505376344086	0.016790783944344	0.0100375336536367	0.00542974691814834
0	0	0.0363636363636364	0.145454545454545	0.236363636363636	0.854545454545454	1	1.63636363636364	0.963636363636364	0.963636363636364	0.781818181818182	0.672727272727273	0.454545454545455	0.345454545454545	0.181818181818182	0.0946389640499388	0.0565751896841342	0.0306040280841088
0	0.0161290322580645	0	0	0.0483870967741935	0.338709677419355	0.354838709677419	0.548387096774194	0.774193548387097	0.870967741935484	0.596774193548387	1.29032258064516	0.693548387096774	0.435483870967742	0.290322580645161	0.327420286914707	0.195731906245916	0.105880064903893
0	0	0	0	0.0212765957446809	0.0425531914893617	0.148936170212766	0.574468085106383	0.361702127659574	0.127659574468085	0.446808510638298	1.68085106382979	0.723404255319149	0.914893617021277	0.191489361702128	0.199345902998807	0.119169016568708	0.0644638038367399
0	0	0	0	0.114285714285714	0.571428571428571	0.114285714285714	0.628571428571429	1.11428571428571	0.971428571428571	0.371428571428571	0.914285714285714	0.828571428571429	2.62857142857143	0.514285714285714	0.431283279027578	0.257821221560555	0.139466927983296
0	0	0	0	0	0	0	0.259259259259259	0.407407407407407	0.851851851851852	0.185185185185185	0.407407407407407	2.92592592592593	3.37037037037037	1.59259259259259	1.23381167946587	0.737572843289454	0.398985847615049
0	0	0	0	0	0.075	0.05	0.025	0.1	0.175	0.075	0.125	0.8	1.025	0.85	1.52250433415339	0.910153364043509	0.492342301803101
0	0	0	0	0	0.075	0.05	0.025	0.1	0.175	0.075	0.125	0.8	1.025	0.85	1.52250433415339	0.910153364043509	0.492342301803101
0	0	0	0	0	0.075	0.05	0.025	0.1	0.175	0.075	0.125	0.8	1.025	0.85	1.52250433415339	0.910153364043509	0.492342301803101
