1.01754385964912	0.087719298245614	0	0.0175438596491228	0.0701754385964912	0.508771929824561	0.140350877192982	0.140350877192982	0.105263157894737	0.0175438596491228	0.087719298245614	0.0701754385964912	0.0701754385964912	0.0526315789473684	0.0526315789473684	0	0	0
0.120689655172414	3.62068965517241	1.43103448275862	0.0344827586206897	0.103448275862069	0.293103448275862	0.189655172413793	0.310344827586207	0.103448275862069	0.0517241379310345	0.0344827586206897	0	0.120689655172414	0.206896551724138	0.0689655172413793	0.0269231535659308	0.0160946660308313	0.00870631833427234
0	0.543478260869565	4.06521739130435	3.58695652173913	0.0434782608695652	0.0217391304347826	0.0217391304347826	0.130434782608696	0.0434782608695652	0.0652173913043478	0	0	0	0	0	0	0	0
0	0	0	0.423728813559322	0.0508474576271186	0.169491525423729	0.0169491525423729	0.186440677966102	0	0.0847457627118644	0	0.0169491525423729	0	0.0508474576271186	0	0	0	0
0.043010752688172	0	0	0.032258064516129	0.311827956989247	0.505376344086022	0.225806451612903	0.731182795698925	0.516129032258065	0.655913978494624	0.172043010752688	0.161290322580645	0.0645161290322581	0.010752688172043	0	0	0	0
0	0.0133333333333333	0.0133333333333333	0.0266666666666667	0.2	0.786666666666667	0.52	0.693333333333333	0.226666666666667	0.4	0.293333333333333	0.28	0.0533333333333333	0.0666666666666667	0.0133333333333333	0	0	0
0.193548387096774	0.0483870967741935	0	0	0.129032258064516	0.338709677419355	0.725806451612903	1.12903225806452	0.306451612903226	0.306451612903226	0.403225806451613	0.17741935483871	0.306451612903226	0	0.193548387096774	0.0671631357773759	0.0401501346145469	0.0217189876725934
0	0	0	0.04	0.0666666666666667	0.44	0.533333333333333	0.706666666666667	0.32	0.733333333333333	0.453333333333333	0.48	0.12	0.133333333333333	0.04	0	0	0
0	0	0.0240963855421687	0.0240963855421687	0.0843373493975904	0.27710843373494	0.373493975903614	0.530120481927711	0.397590361445783	0.63855421686747	0.108433734939759	0.132530120481928	0.216867469879518	0.626506024096386	0.27710843373494	0.19440895627126	0.116217708929456	0.0628673107028983
0.010752688172043	0.032258064516129	0.021505376344086	0.043010752688172	0.408602150537634	0.580645161290323	0.763440860215054	0.967741935483871	0.849462365591398	0.870967741935484	0.408602150537634	0.344086021505376	0.182795698924731	0.0752688172043011	0.043010752688172	0.022387711925792	0.013383378204849	0.00723966255753112
0	0	0.0181818181818182	0.0545454545454545	0.0909090909090909	0.418181818181818	0.509090909090909	0.927272727272727	0.690909090909091	0.6	0.909090909090909	0.509090909090909	0.145454545454545	0.181818181818182	0.0727272727272727	0.0946389640499388	0.0565751896841342	0.0306040280841088
0.0483870967741935	0.0483870967741935	0	0.0161290322580645	0	0.209677419354839	0.338709677419355	0.354838709677419	0.258064516129032	0.645161290322581	0.370967741935484	0.903225806451613	0.951612903225806	0.548387096774194	0.548387096774194	0.402978814664255	0.240900807687281	0.13031392603556
0.0212765957446809	0	0	0	0.0425531914893617	0.148936170212766	0.25531914893617	0.340425531914894	0.361702127659574	0.340425531914894	0.382978723404255	1.12765957446809	0.957446808510638	0.659574468085106	0.404255319148936	0.232570220165275	0.13903051933016	0.0752077711428632
0.142857142857143	0.342857142857143	0	0	0	0.0285714285714286	0.114285714285714	0.0857142857142857	0.657142857142857	0.0857142857142857	0.257142857142857	1.11428571428571	1.4	2.4	0.4	0.267693069741255	0.160026965106551	0.0865656794379079
0	0	0.0740740740740741	0	0	0.0740740740740741	0.185185185185185	0.296296296296296	0.333333333333333	0.296296296296296	1.11111111111111	0.851851851851852	1.07407407407407	0.851851851851852	0.592592592592593	0.481957687291355	0.288114391909943	0.155853846724628
0	0	0	0	0	0.1	0.175	0.275	0.275	0.4	0.25	1.125	1.075	0.875	1.125	1.58756862193772	0.949048806951352	0.513382571110926
0	0	0	0	0	0.1	0.175	0.275	0.275	0.4	0.25	1.125	1.075	0.875	1.125	1.58756862193772	0.949048806951352	0.513382571110926
0	0	0	0	0	0.1	0.175	0.275	0.275	0.4	0.25	1.125	1.075	0.875	1.125	1.58756862193772	0.949048806951352	0.513382571110926
