0.105263157894737	0.0350877192982456	0	0.0175438596491228	0	0.228070175438596	0	0.298245614035088	0.0350877192982456	0.0526315789473684	0.0350877192982456	0.157894736842105	0.175438596491228	0.105263157894737	0.0526315789473684	0	0	0
0.206896551724138	2.06896551724138	0.53448275862069	0.0344827586206897	0.103448275862069	0.293103448275862	0.275862068965517	0.275862068965517	0.103448275862069	0.0689655172413793	0	0	0.120689655172414	0.137931034482759	0.0689655172413793	0.0358975380879078	0.0214595547077751	0.0116084244456965
0	0.717391304347826	3.54347826086957	1.39130434782609	0.0652173913043478	0.239130434782609	0.260869565217391	0.282608695652174	0.478260869565217	0.0869565217391304	0.0217391304347826	0.152173913043478	0.0434782608695652	0.195652173913043	0.0217391304347826	0.101839754792869	0.0608798236818401	0.0329325954383345
0	0	0.457627118644068	0.694915254237288	0.372881355932203	0.508474576271186	0.220338983050847	0.508474576271186	0.101694915254237	0.254237288135593	0.0169491525423729	0.0338983050847458	0.0338983050847458	0.0847457627118644	0	0	0	0
0.0645161290322581	0	0	0.032258064516129	0.376344086021505	0.559139784946237	0.247311827956989	0.774193548387097	0.462365591397849	0.548387096774194	0.129032258064516	0.139784946236559	0.225806451612903	0.010752688172043	0	0	0	0
0	0.0666666666666667	0.04	0.0266666666666667	0.306666666666667	1.17333333333333	0.933333333333333	1.09333333333333	0.466666666666667	0.933333333333333	0.666666666666667	0.586666666666667	0.106666666666667	0.2	0.08	0	0	0
0.0967741935483871	0.161290322580645	0	0.0161290322580645	0.161290322580645	0.225806451612903	0.983870967741935	1.2258064516129	0.467741935483871	0.306451612903226	0.387096774193548	0.274193548387097	0.387096774193548	0.258064516129032	0.0967741935483871	0.100744703666064	0.0602252019218203	0.0325784815088901
0	0	0	0.0133333333333333	0.0133333333333333	0.0933333333333333	0.16	0.413333333333333	0.08	0.133333333333333	0.08	0.08	0.04	0.0533333333333333	0	0.0208205720909865	0.0124465417305095	0.00673288617850395
0	0	0.0120481927710843	0.036144578313253	0.132530120481928	0.542168674698795	0.55421686746988	0.975903614457831	0.493975903614458	0.963855421686747	0.192771084337349	0.132530120481928	0.120481927710843	0.27710843373494	0.108433734939759	0.0815263365008509	0.0487364585833205	0.0263637109399251
0.021505376344086	0.0967741935483871	0.010752688172043	0.043010752688172	0.225806451612903	0.344086021505376	0.56989247311828	0.623655913978495	0.645161290322581	0.634408602150538	0.258064516129032	0.365591397849462	0.172043010752688	0.0860215053763441	0.043010752688172	0.022387711925792	0.013383378204849	0.00723966255753112
0	0	0.0181818181818182	0.0545454545454545	0.163636363636364	0.509090909090909	0.8	1.12727272727273	1.05454545454545	0.636363636363636	0.709090909090909	0.727272727272727	0.4	0.218181818181818	0.127272727272727	0.217669617314859	0.130122936273509	0.0703892645934503
0.0161290322580645	0.032258064516129	0	0.0161290322580645	0.0806451612903226	0.17741935483871	0.467741935483871	0.629032258064516	0.370967741935484	0.67741935483871	0.758064516129032	1.06451612903226	1.04838709677419	0.306451612903226	0.516129032258065	0.361001854803395	0.215806973553189	0.116739558740189
0	0	0	0	0.0212765957446809	0.106382978723404	0.127659574468085	0.787234042553192	0.361702127659574	0.170212765957447	0.553191489361702	1.06382978723404	1.06382978723404	0.914893617021277	0.553191489361702	0.177196358221162	0.105928014727741	0.057301158965991
0.0285714285714286	0.0285714285714286	0	0	0.0857142857142857	0.514285714285714	0.0285714285714286	0.4	0.485714285714286	0.942857142857143	0.6	1.08571428571429	1.45714285714286	3.6	0.6	0.877438395263003	0.524532830071473	0.283743060379809
0	0	0	0.0740740740740741	0	0.037037037037037	0.185185185185185	0.296296296296296	0.185185185185185	0.444444444444444	0.925925925925926	0.703703703703704	0.962962962962963	0.851851851851852	0.777777777777778	0.732575684682859	0.437933875703113	0.236897847021435
0	0	0	0	0.05	0.075	0.1	0.1	0.175	0.15	0.225	0.325	0.6	0.575	0.6	0.858848598753194	0.513419846383518	0.277731554863288
0	0	0	0	0.05	0.075	0.1	0.1	0.175	0.15	0.225	0.325	0.6	0.575	0.6	0.858848598753194	0.513419846383518	0.277731554863288
0	0	0	0	0.05	0.075	0.1	0.1	0.175	0.15	0.225	0.325	0.6	0.575	0.6	0.858848598753194	0.513419846383518	0.277731554863288
