0.701754385964912	0.0526315789473684	0	0.0175438596491228	0.0175438596491228	0.0701754385964912	0.0350877192982456	0.105263157894737	0.0350877192982456	0	0.0350877192982456	0.087719298245614	0.0701754385964912	0.0350877192982456	0.0175438596491228	0	0	0
0.120689655172414	4.25862068965517	1.27586206896552	0	0	0.120689655172414	0.137931034482759	0.0344827586206897	0	0.0517241379310345	0.0172413793103448	0	0.120689655172414	0.0344827586206897	0	0.0179487690439539	0.0107297773538875	0.00580421222284823
0	1.30434782608696	2.93478260869565	1.08695652173913	0.195652173913043	0.282608695652174	0.347826086956522	0.326086956521739	0.391304347826087	0.152173913043478	0.108695652173913	0.0652173913043478	0.0434782608695652	0	0.0217391304347826	0.0113155283103188	0.00676442485353779	0.00365917727092606
0	0	0.745762711864407	1.01694915254237	0.220338983050847	0.288135593220339	0.254237288135593	0.440677966101695	0.169491525423729	0.169491525423729	0.0169491525423729	0.0338983050847458	0.0677966101694915	0.135593220338983	0	0	0	0
0.021505376344086	0	0	0.021505376344086	0.204301075268817	0.397849462365591	0.10752688172043	0.408602150537634	0.172043010752688	0.440860215053763	0.043010752688172	0.0967741935483871	0.010752688172043	0.010752688172043	0	0	0	0
0	0.0533333333333333	0.0133333333333333	0.0933333333333333	0.506666666666667	1.16	0.84	1.18666666666667	0.56	0.813333333333333	0.64	0.533333333333333	0.133333333333333	0.186666666666667	0.0533333333333333	0	0	0
0.0645161290322581	0.17741935483871	0	0.0483870967741935	0.0645161290322581	0.112903225806452	0.483870967741935	0.935483870967742	0.193548387096774	0.161290322580645	0.274193548387097	0.129032258064516	0.774193548387097	0.532258064516129	0.193548387096774	0.218280191276472	0.130487937497277	0.0705867099359285
0	0	0	0	0.0266666666666667	0.24	0.426666666666667	0.666666666666667	0.253333333333333	0.72	0.413333333333333	0.52	0.133333333333333	0.0666666666666667	0.0133333333333333	0.0208205720909865	0.0124465417305095	0.00673288617850395
0	0	0	0.0240963855421687	0.0963855421686747	0.240963855421687	0.469879518072289	0.879518072289157	0.36144578313253	0.698795180722892	0.144578313253012	0.0963855421686747	0.0843373493975904	0.301204819277108	0.0963855421686747	0.0689838231930276	0.0412385418781942	0.0223077554107058
0	0.032258064516129	0.0537634408602151	0.0967741935483871	0.258064516129032	0.505376344086022	0.731182795698925	0.946236559139785	0.78494623655914	0.849462365591398	0.333333333333333	0.440860215053763	0.247311827956989	0.204301075268817	0.0752688172043011	0.0783569917402719	0.0468418237169714	0.0253388189513589
0	0	0.0363636363636364	0.0545454545454545	0.145454545454545	0.963636363636364	0.8	1.8	0.963636363636364	1	0.8	0.636363636363636	0.236363636363636	0.272727272727273	0.109090909090909	0.0946389640499388	0.0565751896841342	0.0306040280841088
0.0483870967741935	0.0645161290322581	0	0	0	0.387096774193548	0.387096774193548	0.354838709677419	0.354838709677419	0.774193548387097	0.774193548387097	1.01612903225806	0.370967741935484	0.241935483870968	0.403225806451613	0.117535487610408	0.070262735575457	0.0380082284270384
0.0212765957446809	0	0	0	0	0	0.106382978723404	0.340425531914894	0.297872340425532	0.0851063829787234	0.446808510638298	2.04255319148936	1.1063829787234	1.21276595744681	0.404255319148936	0.310093626887033	0.185374025773546	0.100277028190484
0	0.0571428571428571	0	0	0.2	0.371428571428571	0.114285714285714	0.571428571428571	1.31428571428571	0.971428571428571	1.05714285714286	1.37142857142857	1.88571428571429	2.97142857142857	1	1.11538779058856	0.666779021277296	0.360690330991283
0	0.111111111111111	0.037037037037037	0.037037037037037	0.037037037037037	0.259259259259259	0.037037037037037	0.148148148148148	0.259259259259259	0.444444444444444	0.444444444444444	0.333333333333333	1.25925925925926	1.07407407407407	1.37037037037037	0.848245529632784	0.507081329761499	0.274302770235346
0	0	0	0	0.05	0.05	0.025	0.15	0.325	0.45	0.175	0.325	0.7	0.75	0.425	1.45744004636906	0.871257921135667	0.471302032495276
0	0	0	0	0.05	0.05	0.025	0.15	0.325	0.45	0.175	0.325	0.7	0.75	0.425	1.45744004636906	0.871257921135667	0.471302032495276
0	0	0	0	0.05	0.05	0.025	0.15	0.325	0.45	0.175	0.325	0.7	0.75	0.425	1.45744004636906	0.871257921135667	0.471302032495276
