0.421052631578947	0.105263157894737	0	0	0	0.0526315789473684	0	0	0.0175438596491228	0.0526315789473684	0.0350877192982456	0.12280701754386	0.087719298245614	0.0526315789473684	0.0350877192982456	0	0	0
0.568965517241379	3.96551724137931	1.58620689655172	0.0689655172413793	0.206896551724138	0.310344827586207	0.310344827586207	0.362068965517241	0.155172413793103	0.172413793103448	0.0689655172413793	0.155172413793103	0.103448275862069	0.0172413793103448	0.0344827586206897	0.0269231535659308	0.0160946660308313	0.00870631833427234
0	1.15217391304348	1.78260869565217	0.41304347826087	0.326086956521739	0.108695652173913	0.0869565217391304	0.130434782608696	0.456521739130435	0.0652173913043478	0.173913043478261	0	0	0	0.0434782608695652	0.0226310566206375	0.0135288497070756	0.00731835454185211
0	0	0.694915254237288	0.949152542372881	0.11864406779661	0.23728813559322	0.254237288135593	0.389830508474576	0.0677966101694915	0.101694915254237	0.0169491525423729	0.0847457627118644	0.0169491525423729	0.0847457627118644	0	0	0	0
0.0860215053763441	0	0	0.043010752688172	0.279569892473118	0.612903225806452	0.225806451612903	0.580645161290323	0.462365591397849	0.516129032258065	0.129032258064516	0.139784946236559	0.10752688172043	0.0537634408602151	0	0	0	0
0	0.0666666666666667	0.04	0	0.266666666666667	1.05333333333333	0.76	0.906666666666667	0.266666666666667	0.853333333333333	0.52	0.426666666666667	0.08	0.12	0.04	0	0	0
0.129032258064516	0.17741935483871	0	0.032258064516129	0.0967741935483871	0.145161290322581	0.741935483870968	0.983870967741935	0.290322580645161	0.306451612903226	0.258064516129032	0.241935483870968	0.741935483870968	0.516129032258065	0.145161290322581	0.184698623387784	0.110412870190004	0.0597272160996318
0	0	0	0.0266666666666667	0.04	0.293333333333333	0.426666666666667	0.613333333333333	0.213333333333333	0.64	0.4	0.453333333333333	0.0666666666666667	0.04	0	0.013880381393991	0.00829769448700635	0.0044885907856693
0	0	0.0481927710843374	0.0481927710843374	0.0602409638554217	0.265060240963855	0.325301204819277	0.542168674698795	0.168674698795181	0.626506024096386	0.0843373493975904	0.132530120481928	0.240963855421687	0.807228915662651	0.349397590361446	0.244579009502553	0.146209375749961	0.0790911328197753
0.021505376344086	0.032258064516129	0.010752688172043	0.032258064516129	0.333333333333333	0.548387096774194	0.741935483870968	1.34408602150538	0.956989247311828	0.860215053763441	0.290322580645161	0.376344086021505	0.21505376344086	0.193548387096774	0.043010752688172	0.0839539197217199	0.0501876682681836	0.0271487345907417
0	0	0.0181818181818182	0.272727272727273	0.109090909090909	0.509090909090909	0.690909090909091	1.01818181818182	0.654545454545455	0.672727272727273	0.854545454545454	1.14545454545455	0.181818181818182	0.0545454545454545	0.163636363636364	0.0378555856199755	0.0226300758736537	0.0122416112336435
0.0483870967741935	0.0161290322580645	0	0.0483870967741935	0	0.258064516129032	0.370967741935484	0.564516129032258	0.483870967741935	0.790322580645161	0.741935483870968	0.951612903225806	0.741935483870968	0.274193548387097	0.32258064516129	0.235070975220816	0.140525471150914	0.0760164568540768
0.0212765957446809	0	0	0	0.0425531914893617	0.170212765957447	0.276595744680851	0.361702127659574	0.51063829787234	0.382978723404255	0.574468085106383	1.27659574468085	0.957446808510638	0.74468085106383	0.48936170212766	0.243644992554098	0.145651020250643	0.0787890935782377
0.0285714285714286	0	0	0	0.0857142857142857	0.742857142857143	0.114285714285714	0.628571428571429	0.742857142857143	0.685714285714286	0.457142857142857	1.6	1.02857142857143	1.42857142857143	0.457142857142857	0.282564906949103	0.168917352056915	0.091374883851125
0	0	0	0.037037037037037	0	0.296296296296296	0	0.259259259259259	0	0.62962962962963	0.037037037037037	0.333333333333333	0.851851851851852	1.7037037037037	1.03703703703704	0.732575684682859	0.437933875703113	0.236897847021435
0	0	0	0	0.05	0.05	0.125	0.175	0.325	0.25	0.275	0.55	1.175	0.85	0.775	1.24923432545919	0.746792503830572	0.403973170710237
0	0	0	0	0.05	0.05	0.125	0.175	0.325	0.25	0.275	0.55	1.175	0.85	0.775	1.24923432545919	0.746792503830572	0.403973170710237
0	0	0	0	0.05	0.05	0.125	0.175	0.325	0.25	0.275	0.55	1.175	0.85	0.775	1.24923432545919	0.746792503830572	0.403973170710237
