2.07017543859649	0.263157894736842	0	0	0.0701754385964912	0.315789473684211	0.157894736842105	0.0350877192982456	0.12280701754386	0.0526315789473684	0.140350877192982	0.140350877192982	0.210526315789474	0.175438596491228	0.105263157894737	0	0	0
0.155172413793103	4.53448275862069	1.77586206896552	0	0	0.0344827586206897	0.189655172413793	0.0517241379310345	0	0.0517241379310345	0.0344827586206897	0	0.103448275862069	0.103448275862069	0	0	0	0
0	0.239130434782609	3.69565217391304	2.84782608695652	0.130434782608696	0.0652173913043478	0.239130434782609	0.260869565217391	0.260869565217391	0.0217391304347826	0.0217391304347826	0.0434782608695652	0.0434782608695652	0.0869565217391304	0	0.0452621132412751	0.0270576994141512	0.0146367090837042
0	0	0.288135593220339	0.406779661016949	0.0508474576271186	0.169491525423729	0.0677966101694915	0.389830508474576	0.0677966101694915	0.0847457627118644	0	0.0338983050847458	0.0338983050847458	0.0847457627118644	0	0	0	0
0.0645161290322581	0	0	0.032258064516129	0.376344086021505	0.967741935483871	0.344086021505376	1.13978494623656	0.956989247311828	0.763440860215054	0.301075268817204	0.290322580645161	0.182795698924731	0.021505376344086	0	0	0	0
0	0.04	0.0133333333333333	0.0933333333333333	0.52	1.02666666666667	0.84	1.17333333333333	0.68	0.653333333333333	0.64	0.506666666666667	0.08	0.146666666666667	0.04	0	0	0
0.290322580645161	0.241935483870968	0	0.0483870967741935	0	0.129032258064516	0.467741935483871	0.854838709677419	0.0483870967741935	0.161290322580645	0.032258064516129	0.0645161290322581	0.838709677419355	0.774193548387097	0.145161290322581	0.25186175916516	0.150563004804551	0.0814462037722251
0	0	0	0.0266666666666667	0.0666666666666667	0.24	0.6	0.773333333333333	0.24	0.88	0.506666666666667	0.533333333333333	0.0266666666666667	0.12	0	0.013880381393991	0.00829769448700635	0.0044885907856693
0	0	0.0240963855421687	0.0481927710843374	0.0843373493975904	0.180722891566265	0.518072289156627	0.831325301204819	0.228915662650602	0.891566265060241	0.108433734939759	0.204819277108434	0.132530120481928	0.566265060240964	0.192771084337349	0.125425133078232	0.0749791670512622	0.0405595552921924
0.032258064516129	0	0.021505376344086	0.0537634408602151	0.279569892473118	0.462365591397849	0.698924731182796	0.935483870967742	0.688172043010753	0.645161290322581	0.247311827956989	0.408602150537634	0.139784946236559	0.043010752688172	0.032258064516129	0	0	0
0	0	0.0363636363636364	0.0545454545454545	0.127272727272727	0.545454545454545	0.636363636363636	1.27272727272727	0.709090909090909	0.6	0.763636363636364	0.927272727272727	0.363636363636364	0.218181818181818	0.0727272727272727	0.0473194820249694	0.0282875948420671	0.0153020140420544
0.032258064516129	0.0967741935483871	0	0.032258064516129	0.0483870967741935	0.5	0.403225806451613	0.580645161290323	0.451612903225806	0.82258064516129	0.5	1.33870967741935	0.645161290322581	0.306451612903226	0.516129032258065	0.302234110998192	0.180675605765461	0.0977354445266702
0.0212765957446809	0	0	0	0.0638297872340425	0.170212765957447	0.234042553191489	0.276595744680851	0.25531914893617	0.170212765957447	0.553191489361702	1.19148936170213	1.21276595744681	1.82978723404255	0.617021276595745	0.476215212719373	0.284681539580803	0.153996864721101
0.0571428571428571	0.0285714285714286	0	0	0.114285714285714	0.428571428571429	0.0857142857142857	0.457142857142857	1.22857142857143	0.828571428571429	0.771428571428571	1.54285714285714	1.17142857142857	3.34285714285714	0.714285714285714	0.922053906886546	0.551203990922565	0.29817067361946
0	0.259259259259259	0.037037037037037	0.037037037037037	0.0740740740740741	0.62962962962963	0.37037037037037	0.62962962962963	0.703703703703704	0.851851851851852	1.74074074074074	1.55555555555556	2.55555555555556	1.59259259259259	1.92592592592593	0.983193682074364	0.587753359496283	0.317941847318242
0	0	0	0	0.05	0.075	0.1	0.15	0.3	0.3	0.25	0.55	1.4	1.275	1	1.66564576727892	0.995723338440762	0.538630894280316
0	0	0	0	0.05	0.075	0.1	0.15	0.3	0.3	0.25	0.55	1.4	1.275	1	1.66564576727892	0.995723338440762	0.538630894280316
0	0	0	0	0.05	0.075	0.1	0.15	0.3	0.3	0.25	0.55	1.4	1.275	1	1.66564576727892	0.995723338440762	0.538630894280316
