0.842105263157895	0.0701754385964912	0	0	0.12280701754386	0.456140350877193	0.192982456140351	0.0701754385964912	0.140350877192982	0.0175438596491228	0.087719298245614	0.140350877192982	0.0701754385964912	0.087719298245614	0.0350877192982456	0	0	0
0.344827586206896	3.8448275862069	0.931034482758621	0.0172413793103448	0.0517241379310345	0.206896551724138	0.327586206896552	0.224137931034483	0.0344827586206897	0.0689655172413793	0.0517241379310345	0.0517241379310345	0.120689655172414	0.103448275862069	0	0.0179487690439539	0.0107297773538875	0.00580421222284823
0	1.23913043478261	2.39130434782609	0.869565217391304	0.369565217391304	0.130434782608696	0.130434782608696	0.239130434782609	0.369565217391304	0.108695652173913	0.0869565217391304	0.0217391304347826	0	0.0434782608695652	0.0217391304347826	0.0339465849309563	0.0202932745606134	0.0109775318127782
0	0	0.864406779661017	1.40677966101695	0.23728813559322	0.322033898305085	0.389830508474576	0.423728813559322	0.101694915254237	0.101694915254237	0.0338983050847458	0.0677966101694915	0.0169491525423729	0.0508474576271186	0	0	0	0
0.021505376344086	0	0	0.010752688172043	0.365591397849462	0.752688172043011	0.526881720430108	1.06451612903226	1.09677419354839	0.817204301075269	0.354838709677419	0.258064516129032	0.053763440860215	0	0	0	0	0
0	0	0	0.04	0.333333333333333	0.76	0.52	0.706666666666667	0.333333333333333	0.346666666666667	0.266666666666667	0.28	0.0533333333333333	0.0133333333333333	0	0	0	0
0.032258064516129	0.0645161290322581	0	0.0483870967741935	0.0967741935483871	0.209677419354839	0.645161290322581	0.596774193548387	0.258064516129032	0.193548387096774	0.290322580645161	0.225806451612903	0.403225806451613	0.290322580645161	0.0967741935483871	0.117535487610408	0.070262735575457	0.0380082284270384
0	0	0	0	0.0133333333333333	0.346666666666667	0.386666666666667	0.6	0.213333333333333	0.626666666666667	0.36	0.466666666666667	0.0666666666666667	0.04	0.0133333333333333	0.0347009534849775	0.0207442362175159	0.0112214769641732
0	0	0.036144578313253	0.0240963855421687	0.0963855421686747	0.228915662650602	0.373493975903614	0.843373493975903	0.325301204819277	0.72289156626506	0.156626506024096	0.168674698795181	0.0843373493975904	0.289156626506024	0.0963855421686747	0.0689838231930276	0.0412385418781942	0.0223077554107058
0	0.032258064516129	0.032258064516129	0.032258064516129	0.32258064516129	0.473118279569892	0.666666666666667	0.913978494623656	0.645161290322581	0.881720430107527	0.365591397849462	0.408602150537634	0.21505376344086	0.064516129032258	0.043010752688172	0.022387711925792	0.013383378204849	0.00723966255753112
0	0	0	0.163636363636364	0.145454545454545	0.690909090909091	0.781818181818182	1.12727272727273	0.945454545454545	0.690909090909091	0.836363636363636	1.25454545454545	0.690909090909091	0.327272727272727	0.181818181818182	0.113566756859926	0.0678902276209611	0.0367248337009306
0.0483870967741935	0	0	0	0.0645161290322581	0.258064516129032	0.564516129032258	0.790322580645161	0.451612903225806	0.951612903225806	0.338709677419355	1.04838709677419	0.612903225806452	0.354838709677419	0.306451612903226	0.16790783944344	0.100375336536367	0.0542974691814834
0.0212765957446808	0	0	0	0.0851063829787234	0.234042553191489	0.382978723404255	0.48936170212766	0.425531914893617	0.361702127659574	0.382978723404255	0.702127659574468	0.787234042553191	0.829787234042553	0.191489361702128	0.110747723888226	0.0662050092048379	0.0358132243537444
0	0.0571428571428571	0	0	0.114285714285714	0.228571428571429	0.2	0.685714285714286	0.914285714285714	0.742857142857143	1.2	1.34285714285714	1.91428571428571	2.65714285714286	1.54285714285714	0.966669418510088	0.577875151773657	0.312598286859112
0	0.148148148148148	0	0	0.037037037037037	0.0740740740740741	0.148148148148148	0.222222222222222	0.481481481481481	0.518518518518518	0.814814814814815	0.37037037037037	2.11111111111111	1.77777777777778	1.11111111111111	1.11814183451594	0.668425389231067	0.361580924401138
0	0	0	0	0	0.125	0.05	0.125	0.25	0.2	0.175	0.35	0.9	1.2	1	1.92590291841625	1.15130511007213	0.622791971511615
0	0	0	0	0	0.125	0.05	0.125	0.25	0.2	0.175	0.35	0.9	1.2	1	1.92590291841625	1.15130511007213	0.622791971511615
0	0	0	0	0	0.125	0.05	0.125	0.25	0.2	0.175	0.35	0.9	1.2	1	1.92590291841625	1.15130511007213	0.622791971511615
