0.473684210526316	0.175438596491228	0	0.0350877192982456	0.0526315789473684	0.491228070175439	0.087719298245614	0.0350877192982456	0.087719298245614	0.0175438596491228	0.0350877192982456	0.087719298245614	0.0701754385964912	0.0175438596491228	0.0350877192982456	0	0	0
0.5	3.39655172413793	1.41379310344828	0.0517241379310345	0.155172413793103	0.206896551724138	0.258620689655172	0.206896551724138	0.120689655172414	0.155172413793103	0.0517241379310345	0.103448275862069	0.155172413793103	0.310344827586207	0.0344827586206897	0.0358975380879078	0.0214595547077751	0.0116084244456965
0	0.173913043478261	2.30434782608696	1.91304347826087	0.152173913043478	0.0869565217391304	0.0869565217391304	0.152173913043478	0.326086956521739	0.152173913043478	0.108695652173913	0.0217391304347826	0.0434782608695652	0.0434782608695652	0.0217391304347826	0.0339465849309563	0.0202932745606134	0.0109775318127782
0	0	0.949152542372881	1.23728813559322	0.525423728813559	0.728813559322034	0.76271186440678	0.796610169491525	0.169491525423729	0.23728813559322	0.0677966101694915	0.135593220338983	0.0169491525423729	0.0847457627118644	0	0	0	0
0.10752688172043	0	0	0.010752688172043	0.419354838709677	0.731182795698925	0.526881720430108	0.946236559139785	1.01075268817204	0.666666666666667	0.311827956989247	0.182795698924731	0.279569892473118	0.010752688172043	0	0	0	0
0	0.0533333333333333	0.0133333333333333	0.04	0.28	0.84	0.693333333333333	1.04	0.373333333333333	0.573333333333333	0.586666666666667	0.373333333333333	0.0533333333333333	0.12	0.0266666666666667	0	0	0
0.0645161290322581	0	0	0.032258064516129	0.258064516129032	0.338709677419355	1.46774193548387	1.11290322580645	0.67741935483871	0.435483870967742	0.629032258064516	0.32258064516129	0.17741935483871	0.032258064516129	0.0967741935483871	0.0503723518330319	0.0301126009609102	0.016289240754445
0	0	0	0.0133333333333333	0.04	0.186666666666667	0.36	0.72	0.2	0.48	0.333333333333333	0.453333333333333	0.0533333333333333	0.0533333333333333	0.0133333333333333	0.013880381393991	0.00829769448700635	0.0044885907856693
0	0	0	0.0240963855421687	0.0602409638554217	0.325301204819277	0.626506024096386	1	0.144578313253012	0.879518072289157	0.0843373493975904	0.204819277108434	0.180722891566265	0.566265060240964	0.265060240963855	0.181866442963437	0.10871979222433	0.058811355173679
0.032258064516129	0.0645161290322581	0.021505376344086	0.0537634408602151	0.451612903225806	0.580645161290323	0.688172043010753	1.09677419354839	0.817204301075269	0.89247311827957	0.419354838709677	0.43010752688172	0.268817204301075	0.193548387096774	0.043010752688172	0.0783569917402719	0.0468418237169714	0.0253388189513589
0	0	0	0.163636363636364	0.127272727272727	0.836363636363636	0.618181818181818	1.45454545454545	0.927272727272727	0.945454545454545	0.745454545454545	0.963636363636364	0.4	0.236363636363636	0.2	0.0851750676449449	0.0509176707157208	0.027543625275698
0.0806451612903226	0.032258064516129	0	0	0.032258064516129	0.32258064516129	0.741935483870968	0.790322580645161	0.645161290322581	1.08064516129032	1.35483870967742	0.967741935483871	0.806451612903226	0.32258064516129	0.32258064516129	0.243466367192988	0.145544237977732	0.078731330313151
0	0	0	0	0.127659574468085	0.425531914893617	0.51063829787234	0.595744680851064	0.659574468085106	0.531914893617021	0.787234042553192	1.34042553191489	0.978723404255319	0.914893617021277	0.468085106382979	0.132897268665871	0.0794460110458055	0.0429758692244933
0.0285714285714286	0.142857142857143	0	0	0.0571428571428571	0.228571428571429	0.142857142857143	0.514285714285714	0.914285714285714	0.771428571428571	0.628571428571429	1.22857142857143	1.68571428571429	2.51428571428571	0.942857142857143	0.892310232470851	0.533423217021837	0.288552264793026
0	0	0.037037037037037	0	0	0.037037037037037	0.185185185185185	0.148148148148148	0.444444444444444	0.259259259259259	0.666666666666667	0.555555555555556	1.59259259259259	1.2962962962963	1.03703703703704	0.385566149833084	0.230491513527954	0.124683077379703
0	0	0	0	0.175	0.05	0.25	0.125	0.175	0.275	0.4	0.3	1	0.7	0.775	1.34032432835726	0.801246123901551	0.433429547741192
0	0	0	0	0.175	0.05	0.25	0.125	0.175	0.275	0.4	0.3	1	0.7	0.775	1.34032432835726	0.801246123901551	0.433429547741192
0	0	0	0	0.175	0.05	0.25	0.125	0.175	0.275	0.4	0.3	1	0.7	0.775	1.34032432835726	0.801246123901551	0.433429547741192
