0.684210526315789	0.087719298245614	0	0	0	0.0175438596491228	0.0701754385964912	0.0175438596491228	0.0175438596491228	0.0175438596491228	0.087719298245614	0.105263157894737	0.0701754385964912	0.0701754385964912	0.0350877192982456	0	0	0
0.827586206896552	4.41379310344828	2.1551724137931	0.120689655172414	0.362068965517241	0.517241379310345	0.5	0.689655172413793	0.293103448275862	0.189655172413793	0.103448275862069	0.206896551724138	0.120689655172414	0.224137931034483	0.103448275862069	0.00897438452197695	0.00536488867694376	0.00290210611142411
0	0	3.56521739130435	2.43478260869565	0.565217391304348	0.543478260869565	0.695652173913043	0.652173913043478	1.08695652173913	0.217391304347826	0.260869565217391	0.152173913043478	0	0.0434782608695652	0	0.0226310566206375	0.0135288497070756	0.00731835454185211
0	0	0.847457627118644	1.28813559322034	0.440677966101695	0.644067796610169	0.406779661016949	0.677966101694915	0.0677966101694915	0.23728813559322	0.0338983050847458	0.101694915254237	0	0.0338983050847458	0	0	0	0
0.043010752688172	0	0	0.021505376344086	0.354838709677419	0.666666666666667	0.473118279569892	0.903225806451613	0.881720430107527	0.655913978494624	0.258064516129032	0.182795698924731	0.129032258064516	0.021505376344086	0	0	0	0
0	0.0133333333333333	0.04	0.0533333333333333	0.266666666666667	0.96	0.813333333333333	1	0.453333333333333	0.92	0.573333333333333	0.44	0.0533333333333333	0.12	0.0266666666666667	0	0	0
0.161290322580645	0.209677419354839	0	0.0161290322580645	0.145161290322581	0.258064516129032	1.16129032258065	0.935483870967742	0.467741935483871	0.338709677419355	0.274193548387097	0.193548387096774	0.354838709677419	0.258064516129032	0.0483870967741935	0.0839539197217199	0.0501876682681836	0.0271487345907417
0	0	0	0.0133333333333333	0.04	0.266666666666667	0.666666666666667	0.72	0.413333333333333	1.01333333333333	0.826666666666667	0.853333333333333	0.12	0.04	0.04	0.0208205720909865	0.0124465417305095	0.00673288617850395
0	0	0.0240963855421687	0.036144578313253	0.132530120481928	0.289156626506024	0.602409638554217	0.963855421686747	0.566265060240964	0.987951807228916	0.216867469879518	0.156626506024096	0.072289156626506	0.156626506024096	0.0240963855421687	0.0250850266156464	0.0149958334102524	0.00811191105843849
0.021505376344086	0.0645161290322581	0.043010752688172	0.10752688172043	0.354838709677419	0.634408602150538	0.838709677419355	1.09677419354839	1.18279569892473	0.903225806451613	0.451612903225806	0.494623655913978	0.279569892473118	0.182795698924731	0.0752688172043011	0.0447754238515839	0.0267667564096979	0.0144793251150622
0	0	0.0181818181818182	0.109090909090909	0.0363636363636364	0.236363636363636	0.454545454545455	0.545454545454545	0.381818181818182	0.4	0.563636363636364	0.545454545454545	0.0909090909090909	0.163636363636364	0.0727272727272727	0.00946389640499387	0.00565751896841342	0.00306040280841088
0.032258064516129	0.0161290322580645	0	0	0.0645161290322581	0.387096774193548	0.596774193548387	0.854838709677419	0.774193548387097	1.25806451612903	1	1.33870967741935	0.612903225806452	0.403225806451613	0.403225806451613	0.361001854803395	0.215806973553189	0.116739558740189
0	0	0	0	0.106382978723404	0.404255319148936	0.404255319148936	0.574468085106383	0.531914893617021	0.468085106382979	0.51063829787234	0.127659574468085	1.12765957446809	0.659574468085106	0.382978723404255	0.166121585832339	0.0993075138072569	0.0537198365306166
0.0285714285714286	0.142857142857143	0	0	0.0857142857142857	0.171428571428571	0.2	0.771428571428571	0.742857142857143	0.828571428571429	0.971428571428571	1.4	1.25714285714286	2.91428571428571	1.42857142857143	0.758463697600223	0.453409734468561	0.245269425074072
0	0	0.037037037037037	0	0	0.222222222222222	0	0.222222222222222	0.111111111111111	0.296296296296296	0.296296296296296	0.259259259259259	1.03703703703704	1.14814814814815	0.518518518518518	0.501235994783009	0.299638967586341	0.162088000593613
0	0	0	0	0.05	0	0.125	0.1	0.15	0.225	0.425	0.4	1.25	1.625	1.025	1.30128575568666	0.777908858156846	0.420805386156497
0	0	0	0	0.05	0	0.125	0.1	0.15	0.225	0.425	0.4	1.25	1.625	1.025	1.30128575568666	0.777908858156846	0.420805386156497
0	0	0	0	0.05	0	0.125	0.1	0.15	0.225	0.425	0.4	1.25	1.625	1.025	1.30128575568666	0.777908858156846	0.420805386156497
