1.17543859649123	0.140350877192982	0	0	0.0175438596491228	0.087719298245614	0.0526315789473684	0.105263157894737	0.0526315789473684	0.0350877192982456	0.0701754385964912	0.0701754385964912	0.157894736842105	0.105263157894737	0.0701754385964912	0	0	0
0.241379310344828	2.86206896551724	1.27586206896552	0.0172413793103448	0.0517241379310345	0.189655172413793	0.155172413793103	0.155172413793103	0.0517241379310345	0.0689655172413793	0.0172413793103448	0	0.189655172413793	0.413793103448276	0.0344827586206897	0.0179487690439539	0.0107297773538875	0.00580421222284823
0	0.543478260869565	3.89130434782609	3.52173913043478	0.195652173913043	0.260869565217391	0.326086956521739	0.369565217391304	0.41304347826087	0.108695652173913	0.0869565217391304	0.0869565217391304	0	0.0434782608695652	0	0.0226310566206375	0.0135288497070756	0.00731835454185211
0	0	0.288135593220339	0.389830508474576	0.101694915254237	0.220338983050847	0.0508474576271186	0.389830508474576	0.0677966101694915	0.135593220338983	0	0.0169491525423729	0.0338983050847458	0.101694915254237	0	0	0	0
0.0645161290322581	0	0	0.021505376344086	0.365591397849462	0.473118279569892	0.462365591397849	0.602150537634409	0.67741935483871	0.387096774193548	0.21505376344086	0.139784946236559	0.344086021505376	0.021505376344086	0	0	0	0
0	0.04	0.0133333333333333	0.0266666666666667	0.213333333333333	1.12	0.773333333333333	0.733333333333333	0.306666666666667	0.56	0.413333333333333	0.426666666666667	0.0533333333333333	0.146666666666667	0.0266666666666667	0	0	0
0.129032258064516	0.0483870967741935	0	0.0161290322580645	0	0.241935483870968	0.32258064516129	1.46774193548387	0.032258064516129	0.0967741935483871	0.032258064516129	0.032258064516129	0.0645161290322581	0.0161290322580645	0	0.00839539197217199	0.00501876682681836	0.00271487345907417
0	0	0	0	0.0266666666666667	0.08	0.0933333333333333	0.413333333333333	0.186666666666667	0.386666666666667	0.0266666666666667	0.08	0.106666666666667	0.04	0.0266666666666667	0.013880381393991	0.00829769448700635	0.0044885907856693
0	0	0.0120481927710843	0.108433734939759	0.228915662650602	0.530120481927711	0.963855421686747	1.2289156626506	0.530120481927711	1.20481927710843	0.228915662650602	0.289156626506024	0.27710843373494	0.457831325301205	0.156626506024096	0.131696389732144	0.0787281254038253	0.0425875330568021
0.021505376344086	0.032258064516129	0.010752688172043	0	0.333333333333333	0.483870967741935	0.774193548387097	0.795698924731183	0.655913978494624	0.817204301075269	0.419354838709677	0.354838709677419	0.193548387096774	0.0645161290322581	0.032258064516129	0.0335815678886879	0.0200750673072734	0.0108594938362967
0	0	0.0181818181818182	0.127272727272727	0.145454545454545	0.581818181818182	0.8	1.12727272727273	0.745454545454545	0.745454545454545	0.745454545454545	0.945454545454545	0.4	0.309090909090909	0.163636363636364	0.0851750676449449	0.0509176707157208	0.027543625275698
0.0161290322580645	0.0483870967741935	0	0	0.0645161290322581	0.354838709677419	0.387096774193548	0.693548387096774	0.483870967741935	0.629032258064516	0.935483870967742	1.20967741935484	0.67741935483871	0.354838709677419	0.338709677419355	0.344211070859051	0.205769439899553	0.111309811822041
0	0	0	0	0.0212765957446809	0.148936170212766	0.25531914893617	0.468085106382979	0.617021276595745	0.553191489361702	0.382978723404255	1.14893617021277	1.38297872340426	1.1063829787234	0.914893617021277	0.664486343329357	0.397230055229028	0.214879346122466
0.114285714285714	0.2	0	0	0.142857142857143	0.314285714285714	0.114285714285714	0.6	0.942857142857143	0.914285714285714	1.05714285714286	1.22857142857143	1.71428571428571	2.6	1.17142857142857	1.02615676734148	0.613436699575113	0.33183510451198
0	0	0.0740740740740741	0	0	0.037037037037037	0	0.148148148148148	0.555555555555556	0.444444444444444	0.185185185185185	0.259259259259259	2.33333333333333	2.11111111111111	1.51851851851852	1.17597675699091	0.70299911626026	0.380283386008093
0	0	0	0	0.15	0.15	0.075	0.225	0.275	0.2	0.325	0.225	0.925	0.8	0.675	1.22320861034546	0.731234326667435	0.395557062987107
0	0	0	0	0.15	0.15	0.075	0.225	0.275	0.2	0.325	0.225	0.925	0.8	0.675	1.22320861034546	0.731234326667435	0.395557062987107
0	0	0	0	0.15	0.15	0.075	0.225	0.275	0.2	0.325	0.225	0.925	0.8	0.675	1.22320861034546	0.731234326667435	0.395557062987107
