2	0.192982456140351	0	0.0175438596491228	0.0701754385964912	0.333333333333333	0.12280701754386	0.0350877192982456	0.087719298245614	0	0.0701754385964912	0.087719298245614	0.105263157894737	0.0175438596491228	0.0175438596491228	0	0	0
0.224137931034483	3.18965517241379	0.879310344827586	0.0344827586206897	0.103448275862069	0.172413793103448	0.172413793103448	0.241379310344828	0.0862068965517241	0.103448275862069	0.0689655172413793	0.0517241379310345	0	0.0172413793103448	0.0344827586206897	0.0269231535659308	0.0160946660308313	0.00870631833427234
0	2.41304347826087	4.39130434782609	3.02173913043478	0.565217391304348	0.543478260869565	0.608695652173913	0.521739130434783	0.891304347826087	0.239130434782609	0.282608695652174	0.130434782608696	0.0434782608695652	0	0.0434782608695652	0.0226310566206375	0.0135288497070756	0.00731835454185211
0	0	0.203389830508475	0.542372881355932	0.271186440677966	0.355932203389831	0.271186440677966	0.372881355932203	0.101694915254237	0.169491525423729	0.0169491525423729	0.0847457627118644	0.0338983050847458	0.0677966101694915	0	0	0	0
0.043010752688172	0	0	0.021505376344086	0.440860215053763	0.483870967741935	0.741935483870968	0.67741935483871	0.935483870967742	0.645161290322581	0.301075268817204	0.10752688172043	0.010752688172043	0.010752688172043	0	0	0	0
0	0.0533333333333333	0.04	0.04	0.266666666666667	0.986666666666667	0.853333333333333	1.09333333333333	0.44	0.906666666666667	0.533333333333333	0.533333333333333	0.0533333333333333	0.106666666666667	0.0266666666666667	0	0	0
0.032258064516129	0.112903225806452	0	0.0161290322580645	0.032258064516129	0.161290322580645	0.435483870967742	0.596774193548387	0.112903225806452	0.193548387096774	0.225806451612903	0.0967741935483871	0.370967741935484	0.258064516129032	0.0967741935483871	0.100744703666064	0.0602252019218203	0.0325784815088901
0	0	0	0.0133333333333333	0.0266666666666667	0.386666666666667	0.226666666666667	0.666666666666667	0.0933333333333333	0.293333333333333	0.2	0.186666666666667	0.04	0.146666666666667	0	0	0	0
0	0	0.0240963855421687	0.0481927710843374	0.108433734939759	0.325301204819277	0.614457831325301	0.795180722891566	0.433734939759036	0.951807228915663	0.156626506024096	0.216867469879518	0.120481927710843	0.27710843373494	0.108433734939759	0.0815263365008509	0.0487364585833205	0.0263637109399251
0.0752688172043011	0.032258064516129	0.043010752688172	0.0752688172043011	0.344086021505376	0.56989247311828	0.623655913978495	0.946236559139785	0.741935483870968	0.78494623655914	0.365591397849462	0.440860215053763	0.344086021505376	0.21505376344086	0.0860215053763441	0.0727600637588239	0.0434959791657591	0.0235289033119762
0	0	0.0181818181818182	0.109090909090909	0.0545454545454545	0.309090909090909	0.363636363636364	0.709090909090909	0.745454545454545	0.472727272727273	0.545454545454545	0.436363636363636	0.0909090909090909	0.127272727272727	0.109090909090909	0.12303065326492	0.0735477465893745	0.0397852365093415
0.0161290322580645	0	0	0.032258064516129	0.032258064516129	0.112903225806452	0.419354838709677	0.548387096774194	0.596774193548387	0.758064516129032	0.741935483870968	1.19354838709677	0.951612903225806	0.483870967741935	0.580645161290323	0.369397246775567	0.220825740380008	0.119454432199264
0.0212765957446809	0	0	0	0.0638297872340425	0.25531914893617	0.340425531914894	0.382978723404255	0.574468085106383	0.340425531914894	0.553191489361702	1.38297872340426	0.574468085106383	0.787234042553192	0.425531914893617	0.199345902998807	0.119169016568708	0.0644638038367399
0	0.0285714285714286	0	0	0.0285714285714286	0.0571428571428571	0.114285714285714	0.228571428571429	0.885714285714286	1.05714285714286	0.285714285714286	0.942857142857143	0.485714285714286	3.08571428571429	0.685714285714286	0.892310232470851	0.533423217021837	0.288552264793026
0	0	0	0.037037037037037	0	0	0	0.148148148148148	0	0.259259259259259	0.148148148148148	0.148148148148148	0.148148148148148	0.925925925925926	0.148148148148148	0.82896722214113	0.495556754085102	0.268068616366361
0	0	0	0	0	0	0.075	0.275	0.1	0.475	0.075	0.325	0.325	0.75	0.475	1.34032432835726	0.801246123901551	0.433429547741192
0	0	0	0	0	0	0.075	0.275	0.1	0.475	0.075	0.325	0.325	0.75	0.475	1.34032432835726	0.801246123901551	0.433429547741192
0	0	0	0	0	0	0.075	0.275	0.1	0.475	0.075	0.325	0.325	0.75	0.475	1.34032432835726	0.801246123901551	0.433429547741192
