0.280701754385965	0	0	0	0	0.175438596491228	0	0.0175438596491228	0.0350877192982456	0.0526315789473684	0.0701754385964912	0.12280701754386	0.157894736842105	0.12280701754386	0.0701754385964912	0	0	0
0.275862068965517	2.94827586206897	1.25862068965517	0.0344827586206897	0.103448275862069	0.189655172413793	0.155172413793103	0.189655172413793	0.0862068965517241	0.0172413793103448	0.0862068965517241	0.0517241379310345	0.155172413793103	0.120689655172414	0.0344827586206897	0.0358975380879078	0.0214595547077751	0.0116084244456965
0	0.673913043478261	1.28260869565217	0.58695652173913	0.369565217391304	0.0652173913043478	0.108695652173913	0.239130434782609	0.282608695652174	0.0217391304347826	0.0869565217391304	0	0	0	0.0217391304347826	0.0113155283103188	0.00676442485353779	0.00365917727092606
0	0	1.15254237288136	1.55932203389831	0.288135593220339	0.338983050847458	0.423728813559322	0.440677966101695	0.169491525423729	0.152542372881356	0.0338983050847458	0.0677966101694915	0.0508474576271186	0.101694915254237	0	0	0	0
0.043010752688172	0	0	0.032258064516129	0.193548387096774	0.365591397849462	0.10752688172043	0.204301075268817	0.161290322580645	0.279569892473118	0.043010752688172	0.0537634408602151	0.182795698924731	0.021505376344086	0	0	0	0
0	0.0133333333333333	0.0266666666666667	0.0133333333333333	0.28	0.706666666666667	0.4	0.44	0.2	0.346666666666667	0.24	0.253333333333333	0.0533333333333333	0.0533333333333333	0.0133333333333333	0	0	0
0.0645161290322581	0.129032258064516	0	0	0.225806451612903	0.354838709677419	1.32258064516129	1.61290322580645	0.629032258064516	0.370967741935484	0.516129032258065	0.306451612903226	0.629032258064516	0.483870967741935	0.145161290322581	0.16790783944344	0.100375336536367	0.0542974691814834
0	0	0	0	0.0533333333333333	0.293333333333333	0.546666666666667	0.68	0.266666666666667	0.973333333333333	0.626666666666667	0.813333333333333	0.133333333333333	0.0533333333333333	0.0133333333333333	0	0	0
0	0	0.036144578313253	0.0120481927710843	0.108433734939759	0.204819277108434	0.457831325301205	0.807228915662651	0.301204819277108	1.19277108433735	0.180722891566265	0.192771084337349	0	0.180722891566265	0	0	0	0
0.010752688172043	0.032258064516129	0.021505376344086	0.0860215053763441	0.21505376344086	0.301075268817204	0.408602150537634	0.870967741935484	0.709677419354839	0.645161290322581	0.161290322580645	0.32258064516129	0.150537634408602	0.10752688172043	0.021505376344086	0.0335815678886879	0.0200750673072734	0.0108594938362967
0	0	0.0181818181818182	0.0727272727272727	0.2	0.745454545454545	0.618181818181818	1.09090909090909	1.4	0.672727272727273	1.05454545454545	1.23636363636364	0.109090909090909	0.0181818181818182	0.0181818181818182	0.12303065326492	0.0735477465893745	0.0397852365093415
0	0.0645161290322581	0	0	0	0.274193548387097	0.532258064516129	0.532258064516129	0.290322580645161	0.548387096774194	0.338709677419355	0.887096774193548	0.725806451612903	0.532258064516129	0.564516129032258	0.394583422692083	0.235882040860463	0.127599052576486
0.0851063829787234	0	0	0	0.0212765957446809	0.0851063829787234	0.148936170212766	0.48936170212766	0.404255319148936	0.319148936170213	0.531914893617021	1.23404255319149	1	1.5531914893617	0.638297872340426	0.431916123164082	0.258199535898868	0.139671574979603
0.0285714285714286	0.114285714285714	0	0	0.0571428571428571	0.0571428571428571	0.0285714285714286	0.457142857142857	0.314285714285714	0.542857142857143	0.257142857142857	0.885714285714286	0.828571428571429	2.62857142857143	0.428571428571429	0.639488999937443	0.38228663886565	0.206795789768335
0	0.037037037037037	0.037037037037037	0.037037037037037	0	0.555555555555556	0.111111111111111	0.259259259259259	0.407407407407407	0.444444444444444	0.259259259259259	0.407407407407407	1.14814814814815	1.03703703703704	0.481481481481481	0.559070917257972	0.334212694615534	0.180790462200569
0	0	0	0	0.05	0	0.075	0.1	0.3	0.25	0.125	0.225	0.625	0.4	0.45	0.923912886537527	0.55231528929136	0.298771824171113
0	0	0	0	0.05	0	0.075	0.1	0.3	0.25	0.125	0.225	0.625	0.4	0.45	0.923912886537527	0.55231528929136	0.298771824171113
0	0	0	0	0.05	0	0.075	0.1	0.3	0.25	0.125	0.225	0.625	0.4	0.45	0.923912886537527	0.55231528929136	0.298771824171113
