1.59649122807018	0.140350877192982	0	0	0.087719298245614	0.228070175438596	0.140350877192982	0.140350877192982	0.12280701754386	0.0350877192982456	0.087719298245614	0.12280701754386	0.140350877192982	0.105263157894737	0.0701754385964912	0	0	0
0.258620689655172	4.63793103448276	1.75862068965517	0	0	0.189655172413793	0.0862068965517241	0.172413793103448	0	0.0862068965517241	0.0344827586206897	0	0.0517241379310345	0.0172413793103448	0	0.00897438452197695	0.00536488867694376	0.00290210611142411
0	1.08695652173913	2.3695652173913	1.28260869565217	0.173913043478261	0.239130434782609	0.282608695652174	0.217391304347826	0.326086956521739	0.173913043478261	0.0869565217391304	0.0652173913043478	0	0	0	0	0	0
0	0	0.932203389830508	1.16949152542373	0.11864406779661	0.169491525423729	0.220338983050847	0.288135593220339	0.0338983050847458	0.0338983050847458	0.0169491525423729	0.0677966101694915	0	0	0	0	0	0
0.0860215053763441	0	0	0.043010752688172	0.311827956989247	0.591397849462366	0.344086021505376	0.709677419354839	0.688172043010753	0.645161290322581	0.21505376344086	0.182795698924731	0.21505376344086	0	0	0	0	0
0	0.0133333333333333	0.0133333333333333	0.0533333333333333	0.266666666666667	0.866666666666667	0.653333333333333	0.826666666666667	0.386666666666667	0.586666666666667	0.413333333333333	0.426666666666667	0.0533333333333333	0.0266666666666667	0.0266666666666667	0	0	0
0.112903225806452	0.0645161290322581	0	0	0	0.209677419354839	0.306451612903226	0.951612903225806	0	0.0645161290322581	0.161290322580645	0.17741935483871	0.354838709677419	0.241935483870968	0.0483870967741935	0.0755585277495479	0.0451689014413652	0.0244338611316675
0	0	0	0	0.04	0.48	0.546666666666667	0.6	0.226666666666667	1.06666666666667	0.666666666666667	0.76	0.0666666666666667	0.04	0.0133333333333333	0.0208205720909865	0.0124465417305095	0.00673288617850395
0	0	0.036144578313253	0.0602409638554217	0.132530120481928	0.253012048192771	0.506024096385542	0.963855421686747	0.421686746987952	0.987951807228916	0.180722891566265	0.180722891566265	0.180722891566265	0.481927710843373	0.192771084337349	0.137967646386055	0.0824770837563885	0.0446155108214117
0.043010752688172	0	0.032258064516129	0.043010752688172	0.182795698924731	0.43010752688172	0.67741935483871	0.67741935483871	0.774193548387097	0.473118279569892	0.268817204301075	0.333333333333333	0.172043010752688	0.0967741935483871	0.043010752688172	0.016790783944344	0.0100375336536367	0.00542974691814834
0	0	0	0.145454545454545	0.2	0.763636363636364	0.945454545454545	1.54545454545455	0.690909090909091	0.890909090909091	0.836363636363636	0.836363636363636	0.6	0.345454545454545	0.2	0.0567833784299632	0.0339451138104805	0.0183624168504653
0.0483870967741935	0.0483870967741935	0	0.0161290322580645	0	0.161290322580645	0.161290322580645	0.241935483870968	0.435483870967742	0.693548387096774	0.612903225806452	1.80645161290323	0.564516129032258	0.17741935483871	0.403225806451613	0.201489407332128	0.120450403843641	0.0651569630177801
0.0212765957446809	0	0	0	0.0425531914893617	0.191489361702128	0.25531914893617	0.25531914893617	0.319148936170213	0.191489361702128	0.553191489361702	1.14893617021277	1.08510638297872	0.659574468085106	0.340425531914894	0.332243171664679	0.198615027614514	0.107439673061233
0.114285714285714	0.171428571428571	0	0	0	0.2	0.114285714285714	0.485714285714286	0.342857142857143	0.685714285714286	0.285714285714286	1.08571428571429	1.48571428571429	1.94285714285714	1.02857142857143	0.624617162729596	0.373396251915286	0.201986585355118
0	0	0.111111111111111	0	0	0.037037037037037	0	0.111111111111111	0.296296296296296	0.333333333333333	0.777777777777778	0.518518518518518	1.14814814814815	1.37037037037037	1.07407407407407	0.578349224749626	0.345737270291931	0.187024616069554
0	0	0	0	0.1	0.05	0.125	0.175	0.125	0.15	0.3	0.4	1.15	1.075	1.075	1.18417003767486	0.70789706092273	0.382932901402412
0	0	0	0	0.1	0.05	0.125	0.175	0.125	0.15	0.3	0.4	1.15	1.075	1.075	1.18417003767486	0.70789706092273	0.382932901402412
0	0	0	0	0.1	0.05	0.125	0.175	0.125	0.15	0.3	0.4	1.15	1.075	1.075	1.18417003767486	0.70789706092273	0.382932901402412
