1.3859649122807	0.140350877192982	0	0	0.0526315789473684	0.157894736842105	0.087719298245614	0.228070175438596	0.0526315789473684	0	0.0175438596491228	0.087719298245614	0	0	0	0	0	0
0.0862068965517241	2.94827586206897	0.793103448275862	0	0	0.120689655172414	0.0862068965517241	0.120689655172414	0	0	0.0517241379310345	0	0.0344827586206897	0	0	0.0179487690439539	0.0107297773538875	0.00580421222284823
0	1.21739130434783	4.5	3.23913043478261	0.282608695652174	0.304347826086957	0.434782608695652	0.326086956521739	0.260869565217391	0.0869565217391304	0	0.0869565217391304	0	0.0434782608695652	0.0652173913043478	0.0565776415515938	0.0338221242676889	0.0182958863546303
0	0	0.203389830508475	0.661016949152542	0.220338983050847	0.355932203389831	0.220338983050847	0.457627118644068	0.101694915254237	0.169491525423729	0.0169491525423729	0.0338983050847458	0.0338983050847458	0.101694915254237	0	0	0	0
0.043010752688172	0	0	0.032258064516129	0.172043010752688	0.408602150537634	0.193548387096774	0.354838709677419	0.32258064516129	0.397849462365591	0.0860215053763441	0.0860215053763441	0.301075268817204	0.032258064516129	0	0	0	0
0	0.0133333333333333	0.0133333333333333	0.0933333333333333	0.546666666666667	1.12	0.813333333333333	1	0.613333333333333	0.8	0.506666666666667	0.533333333333333	0.133333333333333	0.04	0.08	0	0	0
0.225806451612903	0.112903225806452	0	0.0161290322580645	0.0645161290322581	0.161290322580645	0.532258064516129	1.12903225806452	0.193548387096774	0.258064516129032	0.225806451612903	0.161290322580645	0.564516129032258	0.258064516129032	0.145161290322581	0.117535487610408	0.070262735575457	0.0380082284270384
0	0	0	0.0133333333333333	0.0666666666666667	0.346666666666667	0.64	0.786666666666667	0.293333333333333	0.92	0.746666666666667	0.893333333333333	0.08	0.04	0.0133333333333333	0.00694019069699551	0.00414884724350318	0.00224429539283465
0	0	0	0.036144578313253	0.0602409638554217	0.192771084337349	0.168674698795181	0.55421686746988	0.204819277108434	0.530120481927711	0.0843373493975904	0.132530120481928	0.192771084337349	0.686746987951807	0.349397590361446	0.225765239540818	0.134962500692272	0.0730071995259464
0.010752688172043	0.0645161290322581	0.032258064516129	0.0752688172043011	0.333333333333333	0.462365591397849	0.752688172043011	1.18279569892473	0.806451612903226	0.89247311827957	0.32258064516129	0.290322580645161	0.204301075268817	0.0860215053763441	0.0537634408602151	0.0447754238515839	0.0267667564096979	0.0144793251150622
0	0	0.0181818181818182	0.0181818181818182	0.127272727272727	0.527272727272727	0.436363636363636	1.01818181818182	0.727272727272727	0.436363636363636	0.363636363636364	0.290909090909091	0.2	0.472727272727273	0.0545454545454545	0.132494549669914	0.0792052655577879	0.0428456393177524
0	0.0161290322580645	0	0.0483870967741935	0.0967741935483871	0.403225806451613	0.854838709677419	1	1	1.16129032258065	1.06451612903226	1.41935483870968	0.693548387096774	0.209677419354839	0.451612903225806	0.352606462831223	0.210788206726371	0.114024685281115
0	0	0	0	0.0425531914893617	0.148936170212766	0.212765957446809	0.468085106382979	0.531914893617021	0.340425531914894	0.74468085106383	1.61702127659574	1	1.25531914893617	0.595744680851064	0.310093626887033	0.185374025773546	0.100277028190484
0.0285714285714286	0.0285714285714286	0	0	0.0285714285714286	0.0571428571428571	0.142857142857143	0.4	0.285714285714286	0.657142857142857	0.342857142857143	0.828571428571429	1.94285714285714	3.6	1.25714285714286	0.951797581302241	0.568984764823293	0.307789082445895
0	0	0	0	0	0.37037037037037	0.185185185185185	0.407407407407407	0.555555555555556	0.407407407407407	0.740740740740741	0.666666666666667	0.555555555555556	1.22222222222222	0.666666666666667	0.424122764816392	0.25354066488075	0.137151385117673
0	0	0	0	0	0.1	0.05	0.3	0.25	0.275	0.2	0.35	1.225	1.25	1.25	1.54853004926712	0.925711541206646	0.500758409526231
0	0	0	0	0	0.1	0.05	0.3	0.25	0.275	0.2	0.35	1.225	1.25	1.25	1.54853004926712	0.925711541206646	0.500758409526231
0	0	0	0	0	0.1	0.05	0.3	0.25	0.275	0.2	0.35	1.225	1.25	1.25	1.54853004926712	0.925711541206646	0.500758409526231
