0.807017543859649	0.087719298245614	0	0.0175438596491228	0	0.0175438596491228	0.0175438596491228	0	0.0175438596491228	0.0175438596491228	0.0526315789473684	0.0175438596491228	0.0526315789473684	0	0.0175438596491228	0	0	0
0.189655172413793	4.12068965517241	1.36206896551724	0.0172413793103448	0.0517241379310345	0.327586206896552	0.275862068965517	0.344827586206897	0.0517241379310345	0.0517241379310345	0	0	0.189655172413793	0.344827586206897	0.0344827586206897	0.0269231535659308	0.0160946660308313	0.00870631833427234
0	0.608695652173913	3.56521739130435	2.76086956521739	0.434782608695652	0.5	0.673913043478261	0.521739130434783	0.58695652173913	0.152173913043478	0.0869565217391304	0.152173913043478	0	0.0434782608695652	0	0.0226310566206375	0.0135288497070756	0.00731835454185211
0	0	1.23728813559322	1.57627118644068	0.169491525423729	0.23728813559322	0.254237288135593	0.457627118644068	0.135593220338983	0.11864406779661	0.0169491525423729	0.0508474576271186	0.0508474576271186	0.101694915254237	0	0	0	0
0.043010752688172	0	0	0.010752688172043	0.408602150537634	0.860215053763441	0.720430107526882	1.2258064516129	1.36559139784946	0.913978494623656	0.43010752688172	0.268817204301075	0.225806451612903	0.010752688172043	0	0	0	0
0	0.0133333333333333	0.0133333333333333	0.0266666666666667	0.226666666666667	0.493333333333333	0.386666666666667	0.426666666666667	0.253333333333333	0.386666666666667	0.24	0.266666666666667	0.0266666666666667	0.12	0.0266666666666667	0	0	0
0.129032258064516	0.17741935483871	0	0.0161290322580645	0.193548387096774	0.17741935483871	0.903225806451613	0.580645161290323	0.483870967741935	0.274193548387097	0.612903225806452	0.338709677419355	0.919354838709677	0.5	0.290322580645161	0.235070975220816	0.140525471150914	0.0760164568540768
0	0	0	0.0133333333333333	0.0533333333333333	0.386666666666667	0.706666666666667	0.92	0.28	0.893333333333333	0.826666666666667	0.946666666666667	0.0533333333333333	0.0133333333333333	0	0	0	0
0	0	0	0	0.072289156626506	0.27710843373494	0.289156626506024	0.72289156626506	0.337349397590361	1.24096385542169	0.120481927710843	0.0963855421686747	0.144578313253012	0.674698795180723	0.265060240963855	0.175595186309525	0.104970833871767	0.0567833774090694
0.043010752688172	0.032258064516129	0.021505376344086	0.043010752688172	0.408602150537634	0.602150537634409	0.698924731182796	0.89247311827957	0.709677419354839	1.06451612903226	0.32258064516129	0.387096774193548	0.193548387096774	0.118279569892473	0.043010752688172	0.02798463990724	0.0167292227560612	0.0090495781969139
0	0	0	0.0909090909090909	0.145454545454545	0.454545454545455	0.927272727272727	1.01818181818182	1.07272727272727	0.745454545454545	0.6	0.436363636363636	0.309090909090909	0.218181818181818	0.145454545454545	0.255525202934835	0.152753012147162	0.0826308758270939
0.0967741935483871	0.0161290322580645	0	0	0.032258064516129	0.225806451612903	0.306451612903226	0.451612903225806	0.483870967741935	0.661290322580645	1.25806451612903	0.596774193548387	0.951612903225806	0.370967741935484	0.225806451612903	0.218280191276472	0.130487937497277	0.0705867099359285
0	0	0	0	0.0851063829787234	0.127659574468085	0.234042553191489	0.659574468085106	0.297872340425532	0.25531914893617	0.659574468085106	1.38297872340426	1.31914893617021	1.57446808510638	0.851063829787234	0.575888164218776	0.344266047865157	0.186228766639471
0	0	0	0	0.0571428571428571	0.228571428571429	0.0571428571428571	0.342857142857143	0.485714285714286	0.514285714285714	0.371428571428571	0.942857142857143	1.45714285714286	3.68571428571429	0.857142857142857	0.565129813898206	0.33783470411383	0.18274976770225
0	0	0.037037037037037	0	0	0.0740740740740741	0.185185185185185	0.444444444444444	0.296296296296296	0.666666666666667	1.11111111111111	0.925925925925926	1.51851851851852	1.40740740740741	1.37037037037037	0.616905839732934	0.368786421644727	0.199492923807524
0	0	0	0	0.05	0.075	0.05	0.15	0.125	0.175	0.125	0.25	0.825	0.875	0.575	1.08006717721993	0.645664352270182	0.349268470509892
0	0	0	0	0.05	0.075	0.05	0.15	0.125	0.175	0.125	0.25	0.825	0.875	0.575	1.08006717721993	0.645664352270182	0.349268470509892
0	0	0	0	0.05	0.075	0.05	0.15	0.125	0.175	0.125	0.25	0.825	0.875	0.575	1.08006717721993	0.645664352270182	0.349268470509892
