0.789473684210526	0.0701754385964912	0	0	0.140350877192982	0.649122807017544	0.228070175438596	0.263157894736842	0.157894736842105	0.0175438596491228	0.105263157894737	0.157894736842105	0.087719298245614	0.0526315789473684	0.0350877192982456	0	0	0
0.46551724137931	3	1.29310344827586	0.0689655172413793	0.206896551724138	0.327586206896552	0.258620689655172	0.362068965517241	0.172413793103448	0.0344827586206897	0.0689655172413793	0.103448275862069	0.137931034482759	0.103448275862069	0.0689655172413793	0.0269231535659308	0.0160946660308313	0.00870631833427234
0	0.782608695652174	4.80434782608696	2.65217391304348	0.304347826086957	0.456521739130435	0.608695652173913	0.456521739130435	0.304347826086957	0.130434782608696	0.0217391304347826	0.130434782608696	0.0434782608695652	0	0	0	0	0
0	0	0.508474576271186	0.644067796610169	0.101694915254237	0.23728813559322	0	0.254237288135593	0	0.101694915254237	0	0	0	0.0338983050847458	0	0	0	0
0.0645161290322581	0	0	0.0537634408602151	0.440860215053763	0.634408602150538	0.634408602150538	0.827956989247312	0.935483870967742	0.623655913978495	0.311827956989247	0.182795698924731	0.139784946236559	0.032258064516129	0	0	0	0
0	0.0533333333333333	0.0133333333333333	0.04	0.186666666666667	0.853333333333333	0.6	0.653333333333333	0.266666666666667	0.52	0.306666666666667	0.4	0.0266666666666667	0.08	0	0	0	0
0.0967741935483871	0.0645161290322581	0	0.0161290322580645	0.0967741935483871	0.129032258064516	0.5	1.11290322580645	0.193548387096774	0.193548387096774	0.5	0.387096774193548	0.596774193548387	0.274193548387097	0.193548387096774	0.151117055499096	0.0903378028827305	0.0488677222633351
0	0	0	0.0533333333333333	0.0933333333333333	0.373333333333333	0.96	1	0.466666666666667	1.26666666666667	1	1.22666666666667	0.106666666666667	0.08	0	0.013880381393991	0.00829769448700635	0.0044885907856693
0	0	0.036144578313253	0.0481927710843374	0.0843373493975904	0.192771084337349	0.433734939759036	0.662650602409639	0.265060240963855	1.02409638554217	0.0963855421686747	0.108433734939759	0.132530120481928	0.421686746987952	0.204819277108434	0.131696389732144	0.0787281254038253	0.0425875330568021
0.032258064516129	0	0.010752688172043	0.043010752688172	0.268817204301075	0.473118279569892	0.526881720430108	1.04301075268817	0.731182795698925	0.806451612903226	0.397849462365591	0.32258064516129	0.279569892473118	0.0860215053763441	0.0860215053763441	0.0447754238515839	0.0267667564096979	0.0144793251150622
0	0	0.0545454545454545	0.109090909090909	0.254545454545455	0.745454545454545	0.909090909090909	1.50909090909091	0.890909090909091	0.945454545454545	0.818181818181818	0.6	0.545454545454545	0.254545454545455	0.2	0.0473194820249694	0.0282875948420671	0.0153020140420544
0	0.032258064516129	0	0	0.0967741935483871	0.145161290322581	0.483870967741935	0.725806451612903	0.258064516129032	0.645161290322581	0.596774193548387	1.08064516129032	0.661290322580645	0.338709677419355	0.629032258064516	0.335815678886879	0.200750673072734	0.108594938362967
0.0212765957446809	0	0	0	0.0638297872340425	0.0638297872340425	0.234042553191489	0.404255319148936	0.127659574468085	0.106382978723404	0.553191489361702	2.14893617021277	0.617021276595745	0.765957446808511	0.170212765957447	0.0885981791105809	0.0529640073638703	0.0286505794829955
0	0.0285714285714286	0	0	0.114285714285714	0.257142857142857	0.0857142857142857	0.628571428571429	0.857142857142857	0.457142857142857	0.685714285714286	0.971428571428571	1.31428571428571	1.74285714285714	1.08571428571429	0.41641144181973	0.248930834610191	0.134657723570079
0	0.037037037037037	0.037037037037037	0.037037037037037	0	0.296296296296296	0.111111111111111	0.148148148148148	0.222222222222222	0.222222222222222	0.148148148148148	0.296296296296296	0.444444444444444	0.518518518518518	0.259259259259259	0.848245529632784	0.507081329761499	0.274302770235346
0	0	0	0	0.05	0.175	0.125	0.325	0.275	0.45	0.35	0.5	0.8	0.775	0.55	0.91090002898066	0.544536200709792	0.294563770309548
0	0	0	0	0.05	0.175	0.125	0.325	0.275	0.45	0.35	0.5	0.8	0.775	0.55	0.91090002898066	0.544536200709792	0.294563770309548
0	0	0	0	0.05	0.175	0.125	0.325	0.275	0.45	0.35	0.5	0.8	0.775	0.55	0.91090002898066	0.544536200709792	0.294563770309548
