1.07017543859649	0.087719298245614	0	0	0.0701754385964912	0.368421052631579	0.12280701754386	0.157894736842105	0.0701754385964912	0.0175438596491228	0.0350877192982456	0.140350877192982	0.087719298245614	0	0	0	0	0
0.293103448275862	2.89655172413793	1.10344827586207	0.0172413793103448	0.0517241379310345	0.137931034482759	0.0689655172413793	0.0862068965517241	0.0344827586206897	0.0862068965517241	0.0172413793103448	0.0517241379310345	0.224137931034483	0.241379310344828	0	0.0448719226098848	0.0268244433847188	0.0145105305571206
0	1.02173913043478	2.56521739130435	1.43478260869565	0.260869565217391	0.0869565217391304	0.130434782608696	0.260869565217391	0.0652173913043478	0.0869565217391304	0.0434782608695652	0	0.0869565217391304	0	0.0217391304347826	0.0113155283103188	0.00676442485353779	0.00365917727092606
0	0	0.0508474576271186	0.440677966101695	0.0508474576271186	0.11864406779661	0.0847457627118644	0.322033898305085	0.101694915254237	0.101694915254237	0	0.0338983050847458	0.0508474576271186	0.11864406779661	0	0	0	0
0.10752688172043	0	0	0.021505376344086	0.268817204301075	0.505376344086022	0.290322580645161	0.32258064516129	0.311827956989247	0.290322580645161	0.0860215053763441	0.043010752688172	0.344086021505376	0.021505376344086	0	0	0	0
0	0.0266666666666667	0.0266666666666667	0.04	0.28	0.653333333333333	0.493333333333333	0.52	0.306666666666667	0.52	0.333333333333333	0.36	0.0533333333333333	0.0533333333333333	0.0266666666666667	0	0	0
0.129032258064516	0.0483870967741935	0	0.0161290322580645	0.0967741935483871	0.161290322580645	0.774193548387097	0.596774193548387	0.306451612903226	0.338709677419355	0.209677419354839	0.112903225806452	0.112903225806452	0.0161290322580645	0.0483870967741935	0.025186175916516	0.0150563004804551	0.00814462037722251
0	0	0	0.0266666666666667	0.0533333333333333	0.28	0.186666666666667	0.56	0.186666666666667	0.28	0.2	0.146666666666667	0.0533333333333333	0.0266666666666667	0.0133333333333333	0.00694019069699551	0.00414884724350318	0.00224429539283465
0	0	0.036144578313253	0.0240963855421687	0.144578313253012	0.253012048192771	0.698795180722892	0.963855421686747	0.44578313253012	0.855421686746988	0.216867469879518	0.156626506024096	0.168674698795181	0.469879518072289	0.192771084337349	0.137967646386055	0.0824770837563885	0.0446155108214117
0.021505376344086	0.032258064516129	0.0537634408602151	0.139784946236559	0.311827956989247	0.505376344086022	0.591397849462366	1.08602150537634	0.978494623655914	0.731182795698925	0.344086021505376	0.494623655913978	0.268817204301075	0.258064516129032	0.0645161290322581	0.0951477756846158	0.0568793573706081	0.0307685658695073
0	0	0.0545454545454545	0.2	0.127272727272727	0.563636363636364	0.618181818181818	1.10909090909091	0.672727272727273	0.672727272727273	0.781818181818182	0.981818181818182	0.345454545454545	0.363636363636364	0.163636363636364	0.0283916892149816	0.0169725569052403	0.00918120842523265
0.0483870967741935	0.032258064516129	0	0.0161290322580645	0	0.17741935483871	0.645161290322581	0.806451612903226	0.564516129032258	0.951612903225806	0.67741935483871	1.17741935483871	0.709677419354839	0.419354838709677	0.661290322580645	0.352606462831223	0.210788206726371	0.114024685281115
0.0212765957446809	0	0	0	0.0638297872340425	0.340425531914894	0.340425531914894	0.319148936170213	0.574468085106383	0.361702127659574	0.531914893617021	1.46808510638298	0.851063829787234	1.19148936170213	0.425531914893617	0.321168399275856	0.19199452669403	0.103858350625859
0	0.0285714285714286	0	0	0.0571428571428571	0.171428571428571	0.171428571428571	0.428571428571429	0.371428571428571	1.2	0.514285714285714	1.25714285714286	2.37142857142857	3.4	1.88571428571429	1.54667106961614	0.924600242837851	0.500157258974579
0	0	0.111111111111111	0	0	0.111111111111111	0.185185185185185	0.296296296296296	0.777777777777778	0.481481481481481	0.851851851851852	0.814814814814815	1.25925925925926	1	1.11111111111111	0.559070917257972	0.334212694615534	0.180790462200569
0	0	0	0	0	0.025	0.05	0.05	0.05	0.075	0.2	0.375	0.95	1.2	0.8	2.30327578756538	1.37689867893762	0.744825533496999
0	0	0	0	0	0.025	0.05	0.05	0.05	0.075	0.2	0.375	0.95	1.2	0.8	2.30327578756538	1.37689867893762	0.744825533496999
0	0	0	0	0	0.025	0.05	0.05	0.05	0.075	0.2	0.375	0.95	1.2	0.8	2.30327578756538	1.37689867893762	0.744825533496999
