0.245614035087719	0	0	0.0350877192982456	0	0.228070175438596	0.0175438596491228	0.0175438596491228	0.0701754385964912	0.0350877192982456	0.087719298245614	0.087719298245614	0.157894736842105	0.105263157894737	0.105263157894737	0	0	0
0.655172413793103	4.79310344827586	1.44827586206897	0.0689655172413793	0.206896551724138	0.293103448275862	0.362068965517241	0.275862068965517	0.172413793103448	0.0862068965517241	0.0517241379310345	0.103448275862069	0.120689655172414	0.0344827586206897	0.0689655172413793	0.00897438452197695	0.00536488867694376	0.00290210611142411
0	1.32608695652174	1.54347826086957	0.217391304347826	0.239130434782609	0.0652173913043478	0.0869565217391304	0.130434782608696	0.326086956521739	0.0217391304347826	0.108695652173913	0.0217391304347826	0.0434782608695652	0.0434782608695652	0	0.0226310566206375	0.0135288497070756	0.00731835454185211
0	0	0.796610169491525	1.22033898305085	0.457627118644068	0.559322033898305	0.593220338983051	0.644067796610169	0.169491525423729	0.203389830508475	0.0508474576271186	0.101694915254237	0.0338983050847458	0.0677966101694915	0	0	0	0
0.150537634408602	0	0	0.010752688172043	0.419354838709677	0.67741935483871	0.440860215053763	0.89247311827957	0.827956989247312	0.548387096774194	0.258064516129032	0.193548387096774	0.0967741935483871	0.043010752688172	0	0	0	0
0	0.0266666666666667	0	0.106666666666667	0.72	1.50666666666667	1.21333333333333	1.49333333333333	0.893333333333333	0.866666666666667	0.746666666666667	0.733333333333333	0.173333333333333	0.106666666666667	0.0533333333333333	0	0	0
0.0645161290322581	0	0	0.0161290322580645	0	0.193548387096774	0.241935483870968	0.225806451612903	0.032258064516129	0.0806451612903226	0.145161290322581	0.0967741935483871	0.0806451612903226	0.0161290322580645	0	0.00839539197217199	0.00501876682681836	0.00271487345907417
0	0	0	0	0.0533333333333333	0.24	0.36	0.493333333333333	0.173333333333333	0.666666666666667	0.44	0.533333333333333	0.08	0.0533333333333333	0.0133333333333333	0.00694019069699551	0.00414884724350318	0.00224429539283465
0	0	0.0120481927710843	0.036144578313253	0.0240963855421687	0.108433734939759	0.27710843373494	0.771084337349398	0.204819277108434	0.891566265060241	0.0240963855421687	0.072289156626506	0.0843373493975904	0.253012048192771	0.0963855421686747	0.0689838231930276	0.0412385418781942	0.0223077554107058
0.010752688172043	0.032258064516129	0	0.010752688172043	0.225806451612903	0.258064516129032	0.344086021505376	0.537634408602151	0.451612903225806	0.580645161290323	0.21505376344086	0.290322580645161	0.0860215053763441	0.0537634408602151	0.021505376344086	0.0447754238515839	0.0267667564096979	0.0144793251150622
0	0	0.0363636363636364	0.236363636363636	0.163636363636364	1.10909090909091	0.745454545454545	1.87272727272727	1.30909090909091	1.16363636363636	1.09090909090909	1.36363636363636	0.472727272727273	0.363636363636364	0.236363636363636	0.160886238884896	0.0961778224630282	0.052026847742985
0.0161290322580645	0.0483870967741935	0	0.0161290322580645	0	0.32258064516129	0.290322580645161	0.5	0.161290322580645	0.516129032258065	0.258064516129032	0.806451612903226	0.645161290322581	0.193548387096774	0.241935483870968	0.159512447471268	0.0953565697095488	0.0515825957224093
0	0	0	0	0	0.0851063829787234	0.127659574468085	0.297872340425532	0.340425531914894	0.170212765957447	0.106382978723404	1.78723404255319	0.638297872340426	0.787234042553192	0.148936170212766	0.0664486343329357	0.0397230055229028	0.0214879346122466
0.0285714285714286	0	0	0	0.0285714285714286	0.2	0.171428571428571	0.371428571428571	0.8	0.542857142857143	0.571428571428571	0.942857142857143	0.971428571428571	1.57142857142857	0.828571428571429	0.327180418572645	0.195588512908007	0.105802497090776
0	0.111111111111111	0.037037037037037	0.037037037037037	0.037037037037037	0.0740740740740741	0.037037037037037	0.222222222222222	0.222222222222222	0.555555555555556	0.518518518518518	0.518518518518518	1.2962962962963	1.11111111111111	1.33333333333333	1.07958521953263	0.645376237878272	0.349112616663168
0	0	0	0	0	0.15	0.125	0.3	0.025	0.4	0.175	0.9	1.65	1.425	1.175	2.12109578176925	1.26799143879566	0.685912779435089
0	0	0	0	0	0.15	0.125	0.3	0.025	0.4	0.175	0.9	1.65	1.425	1.175	2.12109578176925	1.26799143879566	0.685912779435089
0	0	0	0	0	0.15	0.125	0.3	0.025	0.4	0.175	0.9	1.65	1.425	1.175	2.12109578176925	1.26799143879566	0.685912779435089
