1.45614035087719	0.157894736842105	0	0.0175438596491228	0.105263157894737	0.280701754385965	0.157894736842105	0.175438596491228	0.157894736842105	0.0350877192982456	0.140350877192982	0.175438596491228	0.157894736842105	0.157894736842105	0.087719298245614	0	0	0
0.0862068965517241	2.18965517241379	0.517241379310345	0	0	0.103448275862069	0.0344827586206897	0.0689655172413793	0	0.0517241379310345	0.0172413793103448	0	0.0517241379310345	0	0	0.0269231535659308	0.0160946660308313	0.00870631833427234
0	1.34782608695652	2.43478260869565	0.739130434782609	0.326086956521739	0.369565217391304	0.456521739130435	0.434782608695652	0.456521739130435	0.130434782608696	0.108695652173913	0.0869565217391304	0.0434782608695652	0.0434782608695652	0	0.0226310566206375	0.0135288497070756	0.00731835454185211
0	0	0.694915254237288	0.949152542372881	0.169491525423729	0.288135593220339	0.203389830508475	0.389830508474576	0.0677966101694915	0.11864406779661	0.0169491525423729	0.0338983050847458	0.0169491525423729	0.0677966101694915	0	0	0	0
0.021505376344086	0	0	0	0.408602150537634	0.709677419354839	0.559139784946237	0.956989247311828	1.19354838709677	0.795698924731183	0.387096774193548	0.236559139784946	0.21505376344086	0.0537634408602151	0	0	0	0
0	0.0666666666666667	0.0133333333333333	0.0133333333333333	0.24	0.88	0.453333333333333	0.6	0.186666666666667	0.36	0.32	0.266666666666667	0.08	0.146666666666667	0.04	0	0	0
0.290322580645161	0.129032258064516	0	0	0.0645161290322581	0.17741935483871	0.564516129032258	1.16129032258065	0.161290322580645	0.17741935483871	0.161290322580645	0.0967741935483871	0.435483870967742	0.241935483870968	0.145161290322581	0.109140095638236	0.0652439687486387	0.0352933549679642
0	0	0	0.04	0.0933333333333333	0.68	1.12	0.96	0.546666666666667	1.32	1.24	1.53333333333333	0.16	0.08	0	0.00694019069699551	0.00414884724350318	0.00224429539283465
0	0	0.0240963855421687	0.036144578313253	0.132530120481928	0.397590361445783	0.457831325301205	1	0.409638554216867	0.903614457831325	0.180722891566265	0.144578313253012	0.120481927710843	0.27710843373494	0.108433734939759	0.0815263365008509	0.0487364585833205	0.0263637109399251
0.010752688172043	0.0645161290322581	0.043010752688172	0.043010752688172	0.333333333333333	0.602150537634409	0.978494623655914	1.40860215053763	1.10752688172043	1.17204301075269	0.451612903225806	0.473118279569892	0.225806451612903	0.129032258064516	0.0645161290322581	0.0447754238515839	0.0267667564096979	0.0144793251150622
0	0	0	0.181818181818182	0.0727272727272727	0.509090909090909	0.272727272727273	0.890909090909091	0.8	0.509090909090909	0.709090909090909	0.763636363636364	0.0727272727272727	0.2	0.0727272727272727	0.12303065326492	0.0735477465893745	0.0397852365093415
0.0161290322580645	0.0806451612903226	0	0.0161290322580645	0.032258064516129	0.5	0.548387096774194	0.629032258064516	0.338709677419355	0.774193548387097	0.467741935483871	0.919354838709677	0.532258064516129	0.451612903225806	0.387096774193548	0.377792638747739	0.225844507206826	0.122169305658338
0.0212765957446809	0	0	0	0.0212765957446809	0.0851063829787234	0.148936170212766	0.531914893617021	0.680851063829787	0.361702127659574	0.531914893617021	1.61702127659574	1.21276595744681	1.74468085106383	0.680851063829787	0.409766578386437	0.2449585340579	0.132508930108854
0.142857142857143	0.257142857142857	0	0	0.0285714285714286	0.2	0.114285714285714	0.257142857142857	0.457142857142857	0.6	0.6	0.914285714285714	1.14285714285714	3.02857142857143	0.628571428571429	0.386667767404035	0.231150060709463	0.125039314743645
0	0	0	0.037037037037037	0	0	0	0.185185185185185	0.222222222222222	0.666666666666667	0.444444444444444	0.518518518518518	2.03703703703704	2.11111111111111	1.18518518518519	0.906080452107747	0.541655056790692	0.293005231842301
0	0	0	0	0	0.1	0.05	0.225	0.275	0.3	0.2	0.575	0.925	1.25	0.825	1.15814432256113	0.692338883759593	0.374516793679282
0	0	0	0	0	0.1	0.05	0.225	0.275	0.3	0.2	0.575	0.925	1.25	0.825	1.15814432256113	0.692338883759593	0.374516793679282
0	0	0	0	0	0.1	0.05	0.225	0.275	0.3	0.2	0.575	0.925	1.25	0.825	1.15814432256113	0.692338883759593	0.374516793679282
