0.0526315789473684	0	0	0.0175438596491228	0.0701754385964912	0.368421052631579	0.157894736842105	0.105263157894737	0.12280701754386	0.0526315789473684	0.087719298245614	0.0701754385964912	0.192982456140351	0.105263157894737	0.087719298245614	0	0	0
0.293103448275862	5.31034482758621	1.8448275862069	0.0344827586206897	0.103448275862069	0.206896551724138	0.224137931034483	0.224137931034483	0.0862068965517241	0.103448275862069	0.0172413793103448	0.0517241379310345	0.0862068965517241	0	0.0344827586206897	0.00897438452197695	0.00536488867694376	0.00290210611142411
0	0.782608695652174	2.84782608695652	2.5	0.369565217391304	0.108695652173913	0.173913043478261	0.195652173913043	0.478260869565217	0.0434782608695652	0.195652173913043	0	0.0434782608695652	0	0.0434782608695652	0.0226310566206375	0.0135288497070756	0.00731835454185211
0	0	0.0677966101694915	0.440677966101695	0.101694915254237	0.152542372881356	0.0847457627118644	0.372881355932203	0.135593220338983	0.135593220338983	0	0.0169491525423729	0.0677966101694915	0.135593220338983	0	0	0	0
0.0645161290322581	0	0	0.032258064516129	0.301075268817204	0.408602150537634	0.268817204301075	0.462365591397849	0.311827956989247	0.32258064516129	0.0860215053763441	0.0860215053763441	0.139784946236559	0.032258064516129	0	0	0	0
0	0.0666666666666667	0.0133333333333333	0.0666666666666667	0.346666666666667	1.16	1.17333333333333	1.28	0.626666666666667	0.8	0.653333333333333	0.453333333333333	0.0266666666666667	0.0533333333333333	0.0266666666666667	0	0	0
0.0967741935483871	0.112903225806452	0	0.0161290322580645	0.032258064516129	0.0806451612903226	0.290322580645161	0.483870967741935	0.129032258064516	0.129032258064516	0.112903225806452	0.0483870967741935	0.354838709677419	0.258064516129032	0.0967741935483871	0.100744703666064	0.0602252019218203	0.0325784815088901
0	0	0	0.0133333333333333	0.0133333333333333	0.266666666666667	0.146666666666667	0.64	0.173333333333333	0.36	0.186666666666667	0.106666666666667	0.0666666666666667	0.04	0.0533333333333333	0.013880381393991	0.00829769448700635	0.0044885907856693
0	0	0.0120481927710843	0.0120481927710843	0.072289156626506	0.144578313253012	0.530120481927711	0.987951807228916	0.325301204819277	1.16867469879518	0.120481927710843	0.072289156626506	0.036144578313253	0.0963855421686747	0.0120481927710843	0.0125425133078232	0.00749791670512622	0.00405595552921924
0.032258064516129	0.0645161290322581	0.021505376344086	0.0752688172043011	0.193548387096774	0.387096774193548	0.505376344086022	0.956989247311828	0.67741935483871	0.666666666666667	0.311827956989247	0.376344086021505	0.161290322580645	0.118279569892473	0.0645161290322581	0.0391784958701359	0.0234209118584857	0.0126694094756795
0	0	0	0.0909090909090909	0.0727272727272727	0.381818181818182	0.490909090909091	0.745454545454545	0.309090909090909	0.4	0.472727272727273	0.709090909090909	0.254545454545455	0.290909090909091	0.0909090909090909	0.0473194820249694	0.0282875948420671	0.0153020140420544
0.0161290322580645	0.032258064516129	0	0.032258064516129	0.0645161290322581	0.338709677419355	0.548387096774194	0.919354838709677	1.11290322580645	0.82258064516129	0.967741935483871	2.04838709677419	0.951612903225806	0.387096774193548	0.483870967741935	0.361001854803395	0.215806973553189	0.116739558740189
0.0212765957446809	0	0	0	0.0851063829787234	0.382978723404255	0.404255319148936	0.787234042553192	0.574468085106383	0.595744680851064	0.553191489361702	1.74468085106383	1	1.23404255319149	0.48936170212766	0.21042067538763	0.125789517489192	0.0680451262721143
0	0	0	0	0.0571428571428571	0.0857142857142857	0.171428571428571	0.428571428571429	0.371428571428571	1	0.142857142857143	0.828571428571429	3	3.42857142857143	2	1.14513146500426	0.684559795178024	0.370308739817717
0	0.111111111111111	0.037037037037037	0	0.0740740740740741	0.0740740740740741	0.037037037037037	0.481481481481481	0.222222222222222	0.333333333333333	0.592592592592593	0.518518518518518	1	1	1.07407407407407	0.732575684682859	0.437933875703113	0.236897847021435
0	0	0	0	0	0.1	0.075	0.05	0.125	0.3	0.2	0.5	0.95	1.15	0.75	1.96494149108685	1.17464237581684	0.63541613309631
0	0	0	0	0	0.1	0.075	0.05	0.125	0.3	0.2	0.5	0.95	1.15	0.75	1.96494149108685	1.17464237581684	0.63541613309631
0	0	0	0	0	0.1	0.075	0.05	0.125	0.3	0.2	0.5	0.95	1.15	0.75	1.96494149108685	1.17464237581684	0.63541613309631
