0.508771929824561	0.0350877192982456	0	0.0175438596491228	0.0701754385964912	0.649122807017544	0.105263157894737	0.473684210526316	0.105263157894737	0.0526315789473684	0.0701754385964912	0.105263157894737	0.12280701754386	0.0526315789473684	0.0526315789473684	0	0	0
0.586206896551724	2.44827586206897	1.12068965517241	0.0689655172413793	0.206896551724138	0.310344827586207	0.206896551724138	0.327586206896552	0.172413793103448	0.0344827586206897	0.0517241379310345	0.103448275862069	0.137931034482759	0.241379310344828	0.0689655172413793	0.0269231535659308	0.0160946660308313	0.00870631833427234
0	0.239130434782609	3.43478260869565	3.06521739130435	0.326086956521739	0.304347826086957	0.369565217391304	0.282608695652174	0.369565217391304	0.173913043478261	0.108695652173913	0.0652173913043478	0.0434782608695652	0	0.0434782608695652	0.0226310566206375	0.0135288497070756	0.00731835454185211
0	0	0.254237288135593	0.644067796610169	0.0508474576271186	0.0677966101694915	0.0847457627118644	0.305084745762712	0	0.0338983050847458	0	0.0847457627118644	0	0	0	0	0	0
0.043010752688172	0	0	0.021505376344086	0.290322580645161	0.43010752688172	0.387096774193548	0.666666666666667	0.688172043010753	0.634408602150538	0.21505376344086	0.129032258064516	0.032258064516129	0.032258064516129	0	0	0	0
0	0.04	0.0133333333333333	0.04	0.346666666666667	0.786666666666667	0.626666666666667	0.666666666666667	0.4	0.693333333333333	0.386666666666667	0.36	0.0533333333333333	0.0666666666666667	0.0533333333333333	0	0	0
0.161290322580645	0.112903225806452	0	0.0161290322580645	0.0967741935483871	0.17741935483871	0.709677419354839	0.903225806451613	0.274193548387097	0.241935483870968	0.258064516129032	0.290322580645161	0.403225806451613	0.258064516129032	0.0967741935483871	0.100744703666064	0.0602252019218203	0.0325784815088901
0	0	0	0.04	0.08	0.16	0.306666666666667	0.613333333333333	0.2	0.386666666666667	0.133333333333333	0.133333333333333	0.0266666666666667	0.0933333333333333	0	0.013880381393991	0.00829769448700635	0.0044885907856693
0	0	0.0240963855421687	0.0963855421686747	0.253012048192771	0.493975903614458	1.16867469879518	1.53012048192771	0.674698795180723	1.36144578313253	0.349397590361446	0.265060240963855	0.337349397590361	0.795180722891566	0.313253012048193	0.238307752848641	0.142460417397398	0.0770631550551656
0.021505376344086	0.043010752688172	0.021505376344086	0.043010752688172	0.268817204301075	0.494623655913978	0.709677419354839	1	0.752688172043011	0.763440860215054	0.365591397849462	0.333333333333333	0.193548387096774	0.10752688172043	0.0537634408602151	0.0615662077959279	0.0368042900633346	0.0199090720332106
0	0	0.0363636363636364	0.127272727272727	0.181818181818182	0.8	0.763636363636364	1.43636363636364	0.854545454545454	0.927272727272727	0.945454545454545	0.836363636363636	0.4	0.545454545454545	0.163636363636364	0.113566756859926	0.0678902276209611	0.0367248337009306
0.0161290322580645	0	0	0	0.032258064516129	0.225806451612903	0.758064516129032	0.935483870967742	0.806451612903226	1.35483870967742	1.20967741935484	1.67741935483871	0.5	0.258064516129032	0.419354838709677	0.335815678886879	0.200750673072734	0.108594938362967
0	0	0	0	0.0638297872340425	0.170212765957447	0.25531914893617	0.531914893617021	0.51063829787234	0.361702127659574	0.553191489361702	1.23404255319149	1.1063829787234	1.08510638297872	0.468085106382979	0.25471976494292	0.152271521171127	0.0823704160136121
0	0.0285714285714286	0	0	0.0285714285714286	0.0285714285714286	0.0571428571428571	0.285714285714286	0.371428571428571	0.885714285714286	0.514285714285714	1	2.2	3.8	1.34285714285714	0.922053906886546	0.551203990922565	0.29817067361946
0	0.111111111111111	0.0740740740740741	0.037037037037037	0.037037037037037	0.333333333333333	0.037037037037037	0.407407407407407	0.333333333333333	0.888888888888889	0.777777777777778	0.962962962962963	1.85185185185185	1.7037037037037	1.44444444444444	1.17597675699091	0.70299911626026	0.380283386008093
0	0	0	0	0	0	0.025	0.05	0.15	0.2	0.025	0.2	0.925	1.1	0.75	0.845835741196328	0.50564075780195	0.273523501001723
0	0	0	0	0	0	0.025	0.05	0.15	0.2	0.025	0.2	0.925	1.1	0.75	0.845835741196328	0.50564075780195	0.273523501001723
0	0	0	0	0	0	0.025	0.05	0.15	0.2	0.025	0.2	0.925	1.1	0.75	0.845835741196328	0.50564075780195	0.273523501001723
