1.33333333333333	0.192982456140351	0	0	0.140350877192982	0.526315789473684	0.210526315789474	0.210526315789474	0.157894736842105	0.0175438596491228	0.0701754385964912	0.210526315789474	0.12280701754386	0.0526315789473684	0.0350877192982456	0	0	0
1.10344827586207	4.31034482758621	2.13793103448276	0.137931034482759	0.413793103448276	0.482758620689655	0.5	0.620689655172414	0.327586206896552	0.0862068965517241	0.103448275862069	0.258620689655172	0.0517241379310345	0.0172413793103448	0.103448275862069	0.0269231535659308	0.0160946660308313	0.00870631833427234
0	0.543478260869565	3.43478260869565	1.45652173913043	0.195652173913043	0.108695652173913	0.217391304347826	0.41304347826087	0.369565217391304	0.108695652173913	0.0869565217391304	0.0217391304347826	0	0.0434782608695652	0.0217391304347826	0.0339465849309563	0.0202932745606134	0.0109775318127782
0	0	0.169491525423729	0.915254237288136	0.169491525423729	0.23728813559322	0.203389830508475	0.152542372881356	0.0338983050847458	0.0677966101694915	0.0169491525423729	0.0508474576271186	0	0	0	0	0	0
0.021505376344086	0	0	0.032258064516129	0.290322580645161	0.483870967741935	0.32258064516129	0.602150537634409	0.419354838709677	0.301075268817204	0.129032258064516	0.0967741935483871	0.0860215053763441	0.032258064516129	0	0	0	0
0	0.0133333333333333	0.0266666666666667	0.08	0.4	1.21333333333333	1.33333333333333	1.36	0.666666666666667	0.88	0.706666666666667	0.64	0.0533333333333333	0.04	0.0133333333333333	0	0	0
0	0.0967741935483871	0	0	0.129032258064516	0.258064516129032	0.854838709677419	1.01612903225806	0.387096774193548	0.306451612903226	0.387096774193548	0.225806451612903	0.209677419354839	0	0.0967741935483871	0.0335815678886879	0.0200750673072734	0.0108594938362967
0	0	0	0.04	0.106666666666667	0.426666666666667	0.88	0.84	0.373333333333333	1.33333333333333	0.933333333333333	1.21333333333333	0.0933333333333333	0.08	0	0.00694019069699551	0.00414884724350318	0.00224429539283465
0	0	0	0.036144578313253	0.132530120481928	0.313253012048193	0.783132530120482	1.27710843373494	0.349397590361446	1.10843373493976	0.228915662650602	0.156626506024096	0.132530120481928	0.433734939759036	0.180722891566265	0.125425133078232	0.0749791670512622	0.0405595552921924
0.021505376344086	0.0967741935483871	0.032258064516129	0.043010752688172	0.301075268817204	0.451612903225806	0.559139784946237	0.666666666666667	0.591397849462366	0.78494623655914	0.333333333333333	0.419354838709677	0.118279569892473	0.0967741935483871	0.021505376344086	0.0447754238515839	0.0267667564096979	0.0144793251150622
0	0	0	0.109090909090909	0.145454545454545	0.709090909090909	0.563636363636364	1.2	0.763636363636364	0.709090909090909	0.672727272727273	0.854545454545454	0.309090909090909	0.218181818181818	0.109090909090909	0.0851750676449449	0.0509176707157208	0.027543625275698
0.032258064516129	0	0	0	0.032258064516129	0.17741935483871	0.32258064516129	0.693548387096774	0.258064516129032	0.596774193548387	0.306451612903226	0.725806451612903	0.612903225806452	0.370967741935484	0.354838709677419	0.159512447471268	0.0953565697095488	0.0515825957224093
0.0425531914893617	0	0	0	0.0851063829787234	0.25531914893617	0.404255319148936	0.595744680851064	0.74468085106383	0.404255319148936	0.574468085106383	0.978723404255319	1.27659574468085	1.40425531914894	0.574468085106383	0.46514044033055	0.278061038660319	0.150415542285726
0.0285714285714286	0.0857142857142857	0	0	0.0857142857142857	0.171428571428571	0.2	0.428571428571429	0.628571428571429	0.771428571428571	0.542857142857143	0.971428571428571	1.22857142857143	1.74285714285714	0.742857142857143	0.758463697600223	0.453409734468561	0.245269425074072
0	0.222222222222222	0	0	0.0740740740740741	0.0740740740740741	0.0740740740740741	0.259259259259259	0.296296296296296	0.37037037037037	0.814814814814815	0.703703703703704	1.66666666666667	1.44444444444444	0.962962962962963	0.732575684682859	0.437933875703113	0.236897847021435
0	0	0	0	0	0.025	0.05	0.125	0.025	0.175	0.075	0.2	0.4	0.55	0.5	1.79577434284759	1.07351422425645	0.580711432895965
0	0	0	0	0	0.025	0.05	0.125	0.025	0.175	0.075	0.2	0.4	0.55	0.5	1.79577434284759	1.07351422425645	0.580711432895965
0	0	0	0	0	0.025	0.05	0.125	0.025	0.175	0.075	0.2	0.4	0.55	0.5	1.79577434284759	1.07351422425645	0.580711432895965
