1.56140350877193	0.175438596491228	0	0	0.105263157894737	0.43859649122807	0.175438596491228	0.0526315789473684	0.105263157894737	0	0.0175438596491228	0.105263157894737	0.0350877192982456	0	0	0	0	0
0.206896551724138	3.01724137931034	1.12068965517241	0.0344827586206897	0.103448275862069	0.293103448275862	0.310344827586207	0.241379310344828	0.103448275862069	0.0517241379310345	0.0172413793103448	0	0.155172413793103	0.137931034482759	0.0689655172413793	0.0269231535659308	0.0160946660308313	0.00870631833427234
0	1.69565217391304	3.78260869565217	2.41304347826087	0.282608695652174	0.456521739130435	0.652173913043478	0.456521739130435	0.260869565217391	0.130434782608696	0	0.130434782608696	0	0	0	0	0	0
0	0	0.0338983050847458	0.593220338983051	0.0508474576271186	0.203389830508475	0.0677966101694915	0.338983050847458	0.0677966101694915	0.11864406779661	0	0.0338983050847458	0.0338983050847458	0.11864406779661	0	0	0	0
0.0860215053763441	0	0	0.021505376344086	0.311827956989247	0.634408602150538	0.279569892473118	0.956989247311828	0.666666666666667	0.709677419354839	0.21505376344086	0.204301075268817	0.279569892473118	0.010752688172043	0	0	0	0
0	0.0133333333333333	0	0.12	0.48	1.17333333333333	0.986666666666667	1.21333333333333	0.613333333333333	0.64	0.6	0.653333333333333	0.12	0.106666666666667	0.0133333333333333	0	0	0
0.129032258064516	0.129032258064516	0	0.032258064516129	0	0.0806451612903226	0.306451612903226	0.419354838709677	0.0483870967741935	0.112903225806452	0.0161290322580645	0.0967741935483871	0.580645161290323	0.532258064516129	0.0967741935483871	0.176303231415612	0.105394103363186	0.0570123426405576
0	0	0	0.0133333333333333	0.0666666666666667	0.253333333333333	0.613333333333333	0.6	0.346666666666667	0.76	0.746666666666667	0.866666666666667	0.12	0.0533333333333333	0.0266666666666667	0.0208205720909865	0.0124465417305095	0.00673288617850395
0	0	0.0240963855421687	0.036144578313253	0.156626506024096	0.337349397590361	0.590361445783133	1.30120481927711	0.397590361445783	0.975903614457831	0.216867469879518	0.240963855421687	0.180722891566265	0.493975903614458	0.192771084337349	0.137967646386055	0.0824770837563885	0.0446155108214117
0	0	0.021505376344086	0.043010752688172	0.204301075268817	0.301075268817204	0.559139784946237	0.731182795698925	0.56989247311828	0.537634408602151	0.172043010752688	0.290322580645161	0.172043010752688	0.0645161290322581	0.0645161290322581	0.0727600637588239	0.0434959791657591	0.0235289033119762
0	0	0	0.290909090909091	0.0727272727272727	0.545454545454545	0.272727272727273	0.818181818181818	0.581818181818182	0.509090909090909	0.763636363636364	0.581818181818182	0.109090909090909	0.0363636363636364	0.181818181818182	0.00946389640499387	0.00565751896841342	0.00306040280841088
0.0645161290322581	0	0	0.0161290322580645	0	0.209677419354839	0.596774193548387	0.693548387096774	0.403225806451613	0.806451612903226	1.03225806451613	0.919354838709677	0.661290322580645	0.467741935483871	0.435483870967742	0.277047935081676	0.165619305285006	0.0895908241494476
0.0212765957446809	0	0	0	0	0.0212765957446809	0.106382978723404	0.468085106382979	0.382978723404255	0.340425531914894	0.340425531914894	0.914893617021277	1.5531914893617	1.36170212765957	0.638297872340426	0.442990895552905	0.264820036819352	0.143252897414978
0.0571428571428571	0.114285714285714	0	0	0.0285714285714286	0.2	0.0285714285714286	0.285714285714286	0.742857142857143	0.628571428571429	0.314285714285714	1.14285714285714	1.68571428571429	3.82857142857143	1.11428571428571	0.788207372015918	0.471190508369289	0.254887833900507
0	0.185185185185185	0.037037037037037	0	0.037037037037037	0.111111111111111	0.148148148148148	0.111111111111111	0.555555555555556	0.333333333333333	0.666666666666667	0.444444444444444	0.962962962962963	0.925925925925926	0.555555555555556	0.809688914649476	0.484032178408704	0.261834462497376
0	0	0	0	0.05	0.025	0.025	0.125	0.125	0.25	0.125	0.05	0.475	0.375	0.65	1.22320861034546	0.731234326667435	0.395557062987107
0	0	0	0	0.05	0.025	0.025	0.125	0.125	0.25	0.125	0.05	0.475	0.375	0.65	1.22320861034546	0.731234326667435	0.395557062987107
0	0	0	0	0.05	0.025	0.025	0.125	0.125	0.25	0.125	0.05	0.475	0.375	0.65	1.22320861034546	0.731234326667435	0.395557062987107
