0.719298245614035	0.0526315789473684	0	0	0	0.0701754385964912	0.0701754385964912	0.0175438596491228	0.0175438596491228	0.0175438596491228	0.0526315789473684	0.140350877192982	0.0701754385964912	0.0526315789473684	0.0350877192982456	0	0	0
0.379310344827586	3.32758620689655	1.62068965517241	0.0689655172413793	0.206896551724138	0.224137931034483	0.206896551724138	0.327586206896552	0.172413793103448	0.0344827586206897	0.0689655172413793	0.103448275862069	0.0344827586206897	0.103448275862069	0.0689655172413793	0.00897438452197695	0.00536488867694376	0.00290210611142411
0	0	2.54347826086956	2.30434782608696	0.0217391304347826	0.0434782608695652	0.0869565217391304	0.0652173913043478	0.0434782608695652	0.0217391304347826	0	0	0	0	0	0	0	0
0	0	0.677966101694915	1.35593220338983	0.474576271186441	0.644067796610169	0.779661016949152	0.711864406779661	0.135593220338983	0.186440677966102	0.0677966101694915	0.169491525423729	0	0.0508474576271186	0	0	0	0
0.0860215053763441	0	0	0.032258064516129	0.365591397849462	0.634408602150538	0.32258064516129	1.02150537634409	0.795698924731183	0.612903225806452	0.258064516129032	0.21505376344086	0.182795698924731	0.021505376344086	0	0	0	0
0	0.0266666666666667	0	0.0666666666666667	0.333333333333333	0.96	1.01333333333333	0.946666666666666	0.48	0.386666666666667	0.533333333333333	0.4	0.0266666666666667	0.08	0.0133333333333333	0	0	0
0	0.0967741935483871	0	0.0645161290322581	0.354838709677419	0.387096774193548	1.69354838709677	1.06451612903226	0.951612903225806	0.516129032258065	0.806451612903226	0.419354838709677	0.241935483870968	0.0645161290322581	0.145161290322581	0.0839539197217198	0.0501876682681836	0.0271487345907417
0	0	0	0.04	0.0533333333333333	0.253333333333333	0.32	0.48	0.213333333333333	0.266666666666667	0.16	0.12	0.0266666666666667	0.08	0	0.0208205720909865	0.0124465417305095	0.00673288617850394
0	0	0	0.072289156626506	0.144578313253012	0.313253012048193	0.518072289156626	0.734939759036145	0.44578313253012	1.21686746987952	0.168674698795181	0.204819277108434	0.204819277108434	0.686746987951807	0.204819277108434	0.150510159693878	0.0899750004615147	0.0486714663506309
0.010752688172043	0.0967741935483871	0.010752688172043	0.032258064516129	0.268817204301075	0.451612903225806	0.645161290322581	0.89247311827957	0.623655913978495	0.924731182795699	0.236559139784946	0.43010752688172	0.172043010752688	0.10752688172043	0.043010752688172	0.0671631357773759	0.0401501346145469	0.0217189876725934
0	0	0	0.163636363636364	0.127272727272727	0.6	0.890909090909091	0.981818181818182	0.945454545454545	0.781818181818182	1.03636363636364	1.14545454545455	0.472727272727273	0.0727272727272727	0.145454545454545	0.0946389640499387	0.0565751896841342	0.0306040280841088
0.032258064516129	0.0645161290322581	0	0.0161290322580645	0.0645161290322581	0.193548387096774	0.516129032258065	0.645161290322581	0.290322580645161	0.5	0.725806451612903	1.16129032258065	0.645161290322581	0.403225806451613	0.467741935483871	0.369397246775567	0.220825740380008	0.119454432199264
0.0425531914893617	0	0	0	0.0851063829787234	0.361702127659574	0.48936170212766	0.574468085106383	0.425531914893617	0.25531914893617	0.808510638297872	1.02127659574468	0.680851063829787	0.617021276595745	0.297872340425532	0.155046813443517	0.0926870128867731	0.0501385140952421
0	0.0571428571428571	0	0	0.0571428571428571	0.171428571428571	0.171428571428571	0.457142857142857	1	0.971428571428571	0.685714285714286	1.05714285714286	1.45714285714286	2.34285714285714	1.54285714285714	0.996413092925784	0.595655925674385	0.322216695685546
0	0.148148148148148	0	0.0740740740740741	0.037037037037037	0.0740740740740741	0.148148148148148	0.148148148148148	0.296296296296296	0.296296296296296	0.592592592592593	0.518518518518518	1.40740740740741	1.77777777777778	0.888888888888889	0.732575684682859	0.437933875703113	0.236897847021435
0	0	0	0	0	0.125	0.1	0.1	0.2	0.4	0.2	0.475	0.9	0.875	0.725	0.767758595855128	0.458966226312539	0.248275177832333
0	0	0	0	0	0.125	0.1	0.1	0.2	0.4	0.2	0.475	0.9	0.875	0.725	0.767758595855128	0.458966226312539	0.248275177832333
0	0	0	0	0	0.125	0.1	0.1	0.2	0.4	0.2	0.475	0.9	0.875	0.725	0.767758595855128	0.458966226312539	0.248275177832333
