1.07017543859649	0.105263157894737	0	0	0	0.157894736842105	0.0175438596491228	0	0	0.0175438596491228	0	0.0175438596491228	0.0350877192982456	0	0	0	0	0
0.0344827586206897	3.44827586206897	1.39655172413793	0.0344827586206897	0.103448275862069	0.258620689655172	0.224137931034483	0.258620689655172	0.103448275862069	0.103448275862069	0.0172413793103448	0	0.0862068965517241	0	0.0689655172413793	0.0358975380879078	0.0214595547077751	0.0116084244456965
0	0.173913043478261	3	1.6304347826087	0.152173913043478	0.478260869565217	0.652173913043478	0.434782608695652	0.326086956521739	0.195652173913043	0.0217391304347826	0.152173913043478	0.0434782608695652	0.0434782608695652	0.0217391304347826	0.0339465849309563	0.0202932745606134	0.0109775318127782
0	0	0.0338983050847458	0.271186440677966	0.101694915254237	0.203389830508475	0.0508474576271186	0.338983050847458	0.0677966101694915	0.135593220338983	0	0.0169491525423729	0.0338983050847458	0.101694915254237	0	0	0	0
0.043010752688172	0	0	0.032258064516129	0.32258064516129	0.559139784946237	0.172043010752688	0.806451612903226	0.451612903225806	0.559139784946237	0.129032258064516	0.129032258064516	0.247311827956989	0.032258064516129	0	0	0	0
0	0.0666666666666667	0.0266666666666667	0.0533333333333333	0.36	1.28	0.826666666666667	1.04	0.413333333333333	0.773333333333333	0.533333333333333	0.68	0.16	0.173333333333333	0.04	0	0	0
0.129032258064516	0.225806451612903	0	0	0.032258064516129	0.258064516129032	0.612903225806452	0.387096774193548	0.145161290322581	0.129032258064516	0.241935483870968	0.193548387096774	0.741935483870968	0.483870967741935	0.145161290322581	0.16790783944344	0.100375336536367	0.0542974691814834
0	0	0	0	0.04	0.0933333333333333	0.36	0.4	0.186666666666667	0.533333333333333	0.4	0.506666666666667	0.08	0.0666666666666667	0.0266666666666667	0	0	0
0	0	0.0120481927710843	0.036144578313253	0.144578313253012	0.44578313253012	0.55421686746988	0.939759036144578	0.349397590361446	0.903614457831325	0.216867469879518	0.156626506024096	0.265060240963855	0.674698795180723	0.36144578313253	0.250850266156464	0.149958334102524	0.0811191105843849
0.032258064516129	0	0.010752688172043	0.021505376344086	0.311827956989247	0.548387096774194	0.817204301075269	0.860215053763441	0.78494623655914	0.817204301075269	0.354838709677419	0.301075268817204	0.193548387096774	0.0967741935483871	0.043010752688172	0.02798463990724	0.0167292227560612	0.0090495781969139
0	0	0.0181818181818182	0.327272727272727	0.145454545454545	0.618181818181818	0.690909090909091	1.41818181818182	0.745454545454545	0.727272727272727	0.745454545454545	0.763636363636364	0.272727272727273	0.345454545454545	0.236363636363636	0.0189277928099877	0.0113150379368268	0.00612080561682177
0.032258064516129	0.0161290322580645	0	0.0161290322580645	0.0645161290322581	0.209677419354839	0.661290322580645	0.967741935483871	0.451612903225806	0.935483870967742	1.12903225806452	1.32258064516129	0.693548387096774	0.370967741935484	0.435483870967742	0.335815678886879	0.200750673072734	0.108594938362967
0	0	0	0	0.0851063829787234	0.340425531914894	0.468085106382979	0.851063829787234	0.468085106382979	0.468085106382979	0.574468085106383	1.53191489361702	0.765957446808511	0.851063829787234	0.595744680851064	0.354392716442324	0.211856029455481	0.114602317931982
0.0571428571428571	0.171428571428571	0	0	0.0285714285714286	0.114285714285714	0.114285714285714	0.485714285714286	0.885714285714286	0.885714285714286	0.685714285714286	1.48571428571429	1.11428571428571	3.08571428571429	0.942857142857143	0.847694720847308	0.506752056170745	0.274124651553375
0	0	0	0.037037037037037	0	0.037037037037037	0	0.037037037037037	0.259259259259259	0.148148148148148	0.222222222222222	0.148148148148148	1	1.37037037037037	0.666666666666667	0.539792609766317	0.322688118939136	0.174556308331584
0	0	0	0	0.05	0.075	0.05	0.15	0.2	0.125	0.175	0.4	0.425	0.475	0.425	1.13211860744739	0.676780706596456	0.366100685956152
0	0	0	0	0.05	0.075	0.05	0.15	0.2	0.125	0.175	0.4	0.425	0.475	0.425	1.13211860744739	0.676780706596456	0.366100685956152
0	0	0	0	0.05	0.075	0.05	0.15	0.2	0.125	0.175	0.4	0.425	0.475	0.425	1.13211860744739	0.676780706596456	0.366100685956152
