1.3859649122807	0.12280701754386	0	0	0.105263157894737	0.280701754385965	0.157894736842105	0.175438596491228	0.140350877192982	0.0350877192982456	0.105263157894737	0.192982456140351	0.12280701754386	0.105263157894737	0.0701754385964912	0	0	0
0.0862068965517241	5.91379310344828	2.17241379310345	0	0	0.0689655172413793	0.137931034482759	0.103448275862069	0	0.120689655172414	0.0344827586206897	0	0.0862068965517241	0.0517241379310345	0	0.0179487690439539	0.0107297773538875	0.00580421222284823
0	1.15217391304348	5.5	5.32608695652174	0.173913043478261	0.0652173913043478	0.195652173913043	0.217391304347826	0.0652173913043478	0.0434782608695652	0	0	0	0	0	0	0	0
0	0	0.254237288135593	0.661016949152542	0.101694915254237	0.152542372881356	0.0169491525423729	0.0677966101694915	0	0.0677966101694915	0	0.0169491525423729	0	0	0	0	0	0
0.150537634408602	0	0	0.010752688172043	0.365591397849462	0.537634408602151	0.301075268817204	0.56989247311828	0.559139784946237	0.548387096774194	0.172043010752688	0.118279569892473	0.0752688172043011	0.021505376344086	0	0	0	0
0	0.0266666666666667	0	0.0533333333333333	0.32	0.56	0.626666666666667	0.773333333333333	0.413333333333333	0.293333333333333	0.426666666666667	0.266666666666667	0	0.0533333333333333	0	0	0	0
0	0.0967741935483871	0	0.032258064516129	0	0.161290322580645	0.241935483870968	1.24193548387097	0.0806451612903226	0.112903225806452	0.241935483870968	0.241935483870968	0.112903225806452	0.032258064516129	0	0.016790783944344	0.0100375336536367	0.00542974691814834
0	0	0	0.0133333333333333	0.0133333333333333	0.08	0.226666666666667	0.72	0.146666666666667	0.28	0.133333333333333	0.2	0.0133333333333333	0.0533333333333333	0.0133333333333333	0.013880381393991	0.00829769448700635	0.0044885907856693
0	0	0	0.036144578313253	0.072289156626506	0.228915662650602	0.325301204819277	0.614457831325301	0.144578313253012	0.578313253012048	0.108433734939759	0.156626506024096	0.0963855421686747	0.373493975903614	0.168674698795181	0.112882619770409	0.067481250346136	0.0365035997629732
0.043010752688172	0.032258064516129	0.043010752688172	0.10752688172043	0.32258064516129	0.602150537634409	0.698924731182796	0.978494623655914	0.774193548387097	0.935483870967742	0.387096774193548	0.311827956989247	0.290322580645161	0.139784946236559	0.0860215053763441	0.0335815678886879	0.0200750673072734	0.0108594938362967
0	0	0.0727272727272727	0.163636363636364	0.0727272727272727	0.327272727272727	0.418181818181818	0.690909090909091	0.509090909090909	0.381818181818182	0.6	0.763636363636364	0.327272727272727	0.145454545454545	0.127272727272727	0.0851750676449449	0.0509176707157208	0.027543625275698
0	0.0483870967741935	0	0	0.112903225806452	0.403225806451613	0.82258064516129	1.03225806451613	0.354838709677419	0.435483870967742	0.387096774193548	0.790322580645161	0.451612903225806	0.306451612903226	0.258064516129032	0.117535487610408	0.070262735575457	0.0380082284270384
0.0212765957446809	0	0	0	0.148936170212766	0.48936170212766	0.51063829787234	0.553191489361702	0.659574468085106	0.595744680851064	0.531914893617021	1.12765957446809	0.808510638297872	1	0.404255319148936	0.110747723888226	0.0662050092048379	0.0358132243537444
0	0	0	0	0.0285714285714286	0.114285714285714	0.142857142857143	0.285714285714286	0.685714285714286	0.457142857142857	0.228571428571429	1	1.11428571428571	3.57142857142857	0.485714285714286	0.520514302274663	0.311163543262738	0.168322154462599
0	0.0740740740740741	0	0.037037037037037	0	0.111111111111111	0.259259259259259	0.222222222222222	0.481481481481481	0.481481481481481	0.555555555555556	0.296296296296296	1.51851851851852	0.888888888888889	1.03703703703704	0.501235994783009	0.299638967586341	0.162088000593613
0	0	0	0	0	0.175	0.05	0.2	0.2	0.275	0.15	0.45	0.8	1.125	0.575	1.17115718011799	0.700117972341161	0.378724847540847
0	0	0	0	0	0.175	0.05	0.2	0.2	0.275	0.15	0.45	0.8	1.125	0.575	1.17115718011799	0.700117972341161	0.378724847540847
0	0	0	0	0	0.175	0.05	0.2	0.2	0.275	0.15	0.45	0.8	1.125	0.575	1.17115718011799	0.700117972341161	0.378724847540847
