0.964912280701754	0.12280701754386	0	0.0350877192982456	0.0701754385964912	0.385964912280702	0.105263157894737	0.140350877192982	0.105263157894737	0	0.0701754385964912	0.105263157894737	0.12280701754386	0.0175438596491228	0.0350877192982456	0	0	0
0.103448275862069	3.48275862068965	1.46551724137931	0	0	0.120689655172414	0.0344827586206897	0.0862068965517241	0	0.0517241379310345	0.0172413793103448	0	0.189655172413793	0.120689655172414	0	0.0448719226098847	0.0268244433847188	0.0145105305571206
0	1.26086956521739	2.54347826086956	1.41304347826087	0.565217391304348	0.521739130434782	0.565217391304348	0.456521739130435	1.10869565217391	0.217391304347826	0.369565217391304	0.130434782608696	0.0434782608695652	0	0.0217391304347826	0.0113155283103188	0.00676442485353779	0.00365917727092606
0	0	0.220338983050847	0.542372881355932	0.220338983050847	0.322033898305085	0.271186440677966	0.711864406779661	0.135593220338983	0.169491525423729	0.0169491525423729	0.0677966101694915	0.0508474576271186	0.11864406779661	0	0	0	0
0.0860215053763441	0	0	0.021505376344086	0.365591397849462	0.602150537634409	0.365591397849462	0.645161290322581	0.473118279569892	0.290322580645161	0.129032258064516	0.064516129032258	0.182795698924731	0.010752688172043	0	0	0	0
0	0.0266666666666667	0.0133333333333333	0.0533333333333333	0.373333333333333	0.853333333333333	0.706666666666667	0.8	0.453333333333333	0.52	0.44	0.413333333333333	0.0533333333333333	0.0666666666666667	0.0266666666666667	0	0	0
0.193548387096774	0.129032258064516	0	0	0	0.0806451612903226	0.403225806451613	1.2258064516129	0.032258064516129	0.145161290322581	0.032258064516129	0.0483870967741935	0.564516129032258	0.483870967741935	0.112903225806452	0.151117055499096	0.0903378028827305	0.0488677222633351
0	0	0	0.0133333333333333	0.0533333333333333	0.44	0.6	0.746666666666667	0.32	0.8	0.68	0.813333333333333	0.12	0.0266666666666667	0.0266666666666667	0.00694019069699551	0.00414884724350318	0.00224429539283465
0	0	0.0120481927710843	0.0481927710843373	0.0843373493975904	0.385542168674699	0.530120481927711	0.963855421686747	0.265060240963855	0.903614457831325	0.0843373493975904	0.0963855421686747	0.253012048192771	0.602409638554217	0.289156626506024	0.206951469579083	0.123715625634583	0.0669232662321175
0.010752688172043	0.0967741935483871	0.032258064516129	0.0860215053763441	0.32258064516129	0.580645161290323	1.02150537634409	1.05376344086022	1.03225806451613	0.806451612903226	0.301075268817204	0.580645161290323	0.247311827956989	0.161290322580645	0.0752688172043011	0.0503723518330319	0.0301126009609101	0.016289240754445
0	0	0.0363636363636364	0.181818181818182	0.236363636363636	0.8	1.16363636363636	1.58181818181818	0.945454545454545	1.01818181818182	1.07272727272727	1.07272727272727	0.345454545454545	0.218181818181818	0.181818181818182	0.0473194820249694	0.0282875948420671	0.0153020140420544
0.0161290322580645	0.032258064516129	0	0	0.0483870967741935	0.0645161290322581	0.548387096774193	0.838709677419355	0.290322580645161	0.854838709677419	0.67741935483871	1.48387096774194	0.274193548387097	0.17741935483871	0.354838709677419	0.151117055499096	0.0903378028827305	0.0488677222633351
0	0	0	0	0.0212765957446808	0.127659574468085	0.191489361702128	0.127659574468085	0.297872340425532	0.234042553191489	0.617021276595745	1.04255319148936	1.17021276595745	0.829787234042553	0.617021276595745	0.376542261219969	0.225097031296449	0.121764962802731
0.0571428571428571	0.142857142857143	0	0	0.0571428571428571	0.114285714285714	0.257142857142857	0.657142857142857	0.628571428571428	0.885714285714286	0.942857142857143	1.31428571428571	1.25714285714286	3.65714285714286	1.25714285714286	0.684104511560986	0.408957799716742	0.221223403007987
0	0.111111111111111	0	0	0.037037037037037	0.037037037037037	0.037037037037037	0.148148148148148	0.185185185185185	0.333333333333333	0.555555555555555	0.481481481481481	1.96296296296296	1.77777777777778	1.07407407407407	0.616905839732934	0.368786421644727	0.199492923807524
0	0	0	0	0.075	0.025	0.025	0.325	0.15	0.475	0.225	0.55	1.175	1.05	1.075	1.65263290972206	0.987944249859194	0.534422840418751
0	0	0	0	0.075	0.025	0.025	0.325	0.15	0.475	0.225	0.55	1.175	1.05	1.075	1.65263290972206	0.987944249859194	0.534422840418751
0	0	0	0	0.075	0.025	0.025	0.325	0.15	0.475	0.225	0.55	1.175	1.05	1.075	1.65263290972206	0.987944249859194	0.534422840418751
