0.789473684210526	0.157894736842105	0	0	0.0175438596491228	0.0526315789473684	0.0526315789473684	0	0.0701754385964912	0.0701754385964912	0.105263157894737	0.105263157894737	0.192982456140351	0.157894736842105	0.105263157894737	0	0	0
0.431034482758621	3.48275862068966	1.62068965517241	0.0517241379310345	0.155172413793103	0.327586206896552	0.293103448275862	0.310344827586207	0.137931034482759	0.120689655172414	0.0344827586206897	0.0517241379310345	0.0862068965517241	0.103448275862069	0.0689655172413793	0	0	0
0	1.15217391304348	2.5	1.28260869565217	0.195652173913043	0.239130434782609	0.369565217391304	0.282608695652174	0.152173913043478	0.108695652173913	0	0.0652173913043478	0	0	0.0217391304347826	0.0113155283103188	0.00676442485353779	0.00365917727092606
0	0	0.525423728813559	0.966101694915254	0	0.0338983050847458	0.0508474576271186	0.152542372881356	0.0338983050847458	0.0338983050847458	0	0.0338983050847458	0.0169491525423729	0.0508474576271186	0	0	0	0
0.043010752688172	0	0	0.010752688172043	0.258064516129032	0.494623655913978	0.204301075268817	0.408602150537634	0.32258064516129	0.526881720430108	0.0860215053763441	0.0645161290322581	0.118279569892473	0.010752688172043	0	0	0	0
0	0.0133333333333333	0	0.0533333333333333	0.373333333333333	1.16	0.88	0.933333333333333	0.546666666666667	0.8	0.493333333333333	0.4	0.0533333333333333	0.0666666666666667	0.0666666666666667	0	0	0
0.387096774193548	0.0967741935483871	0	0	0.193548387096774	0.370967741935484	1.29032258064516	1.14516129032258	0.596774193548387	0.290322580645161	0.5	0.403225806451613	0.0967741935483871	0	0	0	0	0
0	0	0	0.0133333333333333	0.04	0.24	0.48	0.653333333333333	0.266666666666667	0.866666666666667	0.506666666666667	0.533333333333333	0.08	0.0666666666666667	0.04	0.00694019069699551	0.00414884724350318	0.00224429539283465
0	0	0	0.0602409638554217	0.144578313253012	0.349397590361446	0.698795180722892	1.01204819277108	0.433734939759036	1.36144578313253	0.216867469879518	0.180722891566265	0.120481927710843	0.313253012048193	0.108433734939759	0.0815263365008509	0.0487364585833205	0.0263637109399251
0.021505376344086	0.0967741935483871	0.043010752688172	0.0860215053763441	0.43010752688172	0.709677419354839	0.989247311827957	1.24731182795699	0.989247311827957	1.0752688172043	0.473118279569892	0.56989247311828	0.32258064516129	0.21505376344086	0.0752688172043011	0.0671631357773759	0.0401501346145469	0.0217189876725934
0	0	0	0.109090909090909	0.163636363636364	0.654545454545455	0.581818181818182	1.2	0.927272727272727	0.727272727272727	0.781818181818182	0.836363636363636	0.327272727272727	0.272727272727273	0.127272727272727	0.104102860454933	0.0622327086525477	0.0336644308925197
0.0161290322580645	0.0483870967741935	0	0.032258064516129	0.032258064516129	0.338709677419355	0.451612903225806	0.548387096774194	0.435483870967742	0.629032258064516	0.758064516129032	1.03225806451613	0.661290322580645	0.370967741935484	0.290322580645161	0.218280191276472	0.130487937497277	0.0705867099359285
0.0425531914893617	0	0	0	0.0638297872340425	0.212765957446809	0.382978723404255	0.340425531914894	0.382978723404255	0.340425531914894	0.595744680851064	0.702127659574468	1.65957446808511	1.46808510638298	0.659574468085106	0.542663847052308	0.324404545103706	0.175484799333348
0.0285714285714286	0.0571428571428571	0	0	0.0285714285714286	0.228571428571429	0.257142857142857	0.571428571428571	0.685714285714286	1.11428571428571	1.11428571428571	1.31428571428571	1.54285714285714	3.28571428571429	1.68571428571429	1.10051595338072	0.657888634326932	0.355881126578066
0	0	0.0740740740740741	0	0	0.037037037037037	0	0.37037037037037	0.0740740740740741	0.518518518518518	0.185185185185185	0.407407407407407	1.11111111111111	1.07407407407407	1.48148148148148	0.616905839732934	0.368786421644727	0.199492923807524
0	0	0	0	0.05	0.075	0.15	0.125	0.225	0.125	0.25	0.4	0.9	0.875	0.7	1.36635004347099	0.816804301064688	0.441845655464321
0	0	0	0	0.05	0.075	0.15	0.125	0.225	0.125	0.25	0.4	0.9	0.875	0.7	1.36635004347099	0.816804301064688	0.441845655464321
0	0	0	0	0.05	0.075	0.15	0.125	0.225	0.125	0.25	0.4	0.9	0.875	0.7	1.36635004347099	0.816804301064688	0.441845655464321
