0.508771929824561	0.0701754385964912	0	0	0.105263157894737	0.421052631578947	0.175438596491228	0.0526315789473684	0.157894736842105	0.0526315789473684	0.12280701754386	0.157894736842105	0.192982456140351	0.175438596491228	0.105263157894737	0	0	0
0.344827586206897	2.31034482758621	1.36206896551724	0.0689655172413793	0.206896551724138	0.431034482758621	0.293103448275862	0.448275862068966	0.189655172413793	0.224137931034483	0.0172413793103448	0.0517241379310345	0.172413793103448	0.224137931034483	0.103448275862069	0.0269231535659308	0.0160946660308313	0.00870631833427234
0	2.34782608695652	3.82608695652174	1.76086956521739	0.369565217391304	0.478260869565217	0.543478260869565	0.434782608695652	0.869565217391304	0.217391304347826	0.195652173913043	0.173913043478261	0.0434782608695652	0.0869565217391304	0	0.0452621132412751	0.0270576994141512	0.0146367090837042
0	0	0.813559322033898	1.22033898305085	0.254237288135593	0.440677966101695	0.11864406779661	0.542372881355932	0.101694915254237	0.254237288135593	0	0.0677966101694915	0.0508474576271186	0.135593220338983	0	0	0	0
0.043010752688172	0	0	0.010752688172043	0.32258064516129	0.666666666666667	0.473118279569892	0.612903225806452	0.720430107526882	0.548387096774194	0.21505376344086	0.150537634408602	0.182795698924731	0.021505376344086	0	0	0	0
0	0.0133333333333333	0.0133333333333333	0.0666666666666667	0.413333333333333	0.853333333333333	0.96	1.01333333333333	0.52	0.52	0.56	0.386666666666667	0.0533333333333333	0.0666666666666667	0.0133333333333333	0	0	0
0.0967741935483871	0.0645161290322581	0	0.0161290322580645	0.032258064516129	0.17741935483871	0.5	0.435483870967742	0.129032258064516	0.145161290322581	0.258064516129032	0.241935483870968	0.370967741935484	0.258064516129032	0.0967741935483871	0.100744703666064	0.0602252019218203	0.0325784815088901
0	0	0	0	0.0133333333333333	0.146666666666667	0.266666666666667	0.586666666666667	0.2	0.666666666666667	0.36	0.44	0.08	0.0666666666666667	0.0133333333333333	0.0208205720909865	0.0124465417305095	0.00673288617850395
0	0	0.0240963855421687	0.0481927710843374	0.27710843373494	0.493975903614458	1.01204819277108	1.39759036144578	0.746987951807229	1.6144578313253	0.397590361445783	0.240963855421687	0.108433734939759	0.168674698795181	0.036144578313253	0.0376275399234696	0.0224937501153787	0.0121678665876577
0.032258064516129	0.032258064516129	0.032258064516129	0.032258064516129	0.32258064516129	0.591397849462366	0.881720430107527	0.89247311827957	1.06451612903226	0.881720430107527	0.32258064516129	0.301075268817204	0.258064516129032	0.139784946236559	0.0967741935483871	0.0391784958701359	0.0234209118584857	0.0126694094756795
0	0	0	0.109090909090909	0.145454545454545	0.490909090909091	0.545454545454545	0.836363636363636	1.09090909090909	0.472727272727273	0.527272727272727	0.8	0.254545454545455	0.0545454545454545	0.0909090909090909	0.189277928099878	0.113150379368268	0.0612080561682177
0.032258064516129	0.0645161290322581	0	0	0.0483870967741935	0.193548387096774	0.564516129032258	0.82258064516129	0.532258064516129	0.838709677419355	0.709677419354839	1.48387096774194	0.564516129032258	0.596774193548387	0.548387096774194	0.268652543109504	0.160600538458187	0.0868759506903735
0	0	0	0	0.0425531914893617	0.25531914893617	0.276595744680851	0.48936170212766	0.659574468085106	0.51063829787234	0.553191489361702	0.808510638297872	1.04255319148936	1.19148936170213	0.638297872340426	0.387617033608792	0.231717532216933	0.125346285238105
0	0.0285714285714286	0	0	0.114285714285714	0.257142857142857	0.171428571428571	0.657142857142857	0.971428571428571	0.828571428571429	0.8	1.88571428571429	1.6	2.88571428571429	0.914285714285714	0.803079209223766	0.480080895319653	0.259697038313724
0	0.222222222222222	0.037037037037037	0	0.0740740740740741	0.185185185185185	0.0740740740740741	0.296296296296296	0.925925925925926	0.518518518518518	0.962962962962963	0.777777777777778	2.14814814814815	1.81481481481481	1.48148148148148	0.983193682074364	0.587753359496283	0.317941847318242
0	0	0	0	0.05	0.025	0.175	0.35	0.2	0.375	0.4	0.975	1.3	1.65	1.025	2.03000577887119	1.21353781872468	0.656456402404135
0	0	0	0	0.05	0.025	0.175	0.35	0.2	0.375	0.4	0.975	1.3	1.65	1.025	2.03000577887119	1.21353781872468	0.656456402404135
0	0	0	0	0.05	0.025	0.175	0.35	0.2	0.375	0.4	0.975	1.3	1.65	1.025	2.03000577887119	1.21353781872468	0.656456402404135
