0.894736842105263	0.0526315789473684	0	0	0.0175438596491228	0.0701754385964912	0.0526315789473684	0	0.0701754385964912	0.0526315789473684	0.140350877192982	0.140350877192982	0.192982456140351	0.157894736842105	0.105263157894737	0	0	0
0.482758620689655	4.53448275862069	1.77586206896552	0.0344827586206897	0.103448275862069	0.241379310344828	0.258620689655172	0.275862068965517	0.0689655172413793	0.155172413793103	0.0517241379310345	0.103448275862069	0.120689655172414	0.120689655172414	0	0.0179487690439539	0.0107297773538875	0.00580421222284823
0	2.19565217391304	3.52173913043478	1.78260869565217	0.173913043478261	0.0652173913043478	0.108695652173913	0.304347826086957	0.326086956521739	0.0217391304347826	0.0869565217391304	0.0217391304347826	0	0.0434782608695652	0	0.0226310566206375	0.0135288497070756	0.00731835454185211
0	0	0.440677966101695	1.01694915254237	0.169491525423729	0.254237288135593	0.220338983050847	0.644067796610169	0.0677966101694915	0.101694915254237	0.0169491525423729	0.0508474576271186	0.0169491525423729	0.0508474576271186	0	0	0	0
0.0860215053763441	0	0	0.021505376344086	0.247311827956989	0.387096774193548	0.118279569892473	0.247311827956989	0.139784946236559	0.311827956989247	0.043010752688172	0.0645161290322581	0.118279569892473	0.010752688172043	0	0	0	0
0	0.0533333333333333	0.0266666666666667	0.0266666666666667	0.24	0.76	0.64	0.906666666666667	0.32	0.586666666666667	0.56	0.346666666666667	0.0533333333333333	0.106666666666667	0.04	0	0	0
0.129032258064516	0.0967741935483871	0	0.032258064516129	0.0645161290322581	0.17741935483871	0.629032258064516	1.7258064516129	0.258064516129032	0.241935483870968	0.290322580645161	0.290322580645161	0.0967741935483871	0.032258064516129	0	0.016790783944344	0.0100375336536367	0.00542974691814834
0	0	0	0.0533333333333333	0.08	0.253333333333333	0.706666666666667	0.653333333333333	0.36	0.84	0.653333333333333	0.626666666666667	0.0666666666666667	0.04	0.0133333333333333	0.0347009534849775	0.0207442362175159	0.0112214769641732
0	0	0.0240963855421687	0.0602409638554217	0.108433734939759	0.301204819277108	0.518072289156627	1.09638554216867	0.36144578313253	0.939759036144578	0.156626506024096	0.144578313253012	0.0843373493975904	0.349397590361446	0.0963855421686747	0.0689838231930276	0.0412385418781942	0.0223077554107058
0	0	0.043010752688172	0.043010752688172	0.451612903225806	0.623655913978495	0.935483870967742	1.16129032258065	0.946236559139785	0.774193548387097	0.408602150537634	0.451612903225806	0.258064516129032	0.182795698924731	0.0537634408602151	0.0727600637588239	0.0434959791657591	0.0235289033119762
0	0	0	0.0545454545454545	0.181818181818182	0.763636363636364	0.781818181818182	1.34545454545455	1.09090909090909	0.818181818181818	0.890909090909091	0.927272727272727	0.2	0.254545454545455	0.0545454545454545	0.12303065326492	0.0735477465893745	0.0397852365093415
0.0483870967741935	0.0483870967741935	0	0.0161290322580645	0.032258064516129	0.483870967741935	0.5	0.774193548387097	0.645161290322581	0.935483870967742	0.870967741935484	1.43548387096774	1.12903225806452	0.403225806451613	0.32258064516129	0.344211070859051	0.205769439899553	0.111309811822041
0.0212765957446809	0	0	0	0.0851063829787234	0.340425531914894	0.48936170212766	0.851063829787234	0.914893617021277	0.659574468085106	0.638297872340426	1.48936170212766	1.48936170212766	1.61702127659574	0.787234042553192	0.409766578386437	0.2449585340579	0.132508930108854
0.0571428571428571	0.2	0	0	0.0571428571428571	0.314285714285714	0.228571428571429	0.971428571428571	1.4	1.22857142857143	1.08571428571429	1.08571428571429	2.51428571428571	3.62857142857143	1.57142857142857	0.892310232470851	0.533423217021837	0.288552264793026
0	0.148148148148148	0	0.037037037037037	0.037037037037037	0.0740740740740741	0.148148148148148	0.259259259259259	0.481481481481481	0.296296296296296	0.703703703703704	0.444444444444444	2.11111111111111	1.40740740740741	1.74074074074074	0.655462454716242	0.391835572997522	0.211961231545495
0	0	0	0	0.05	0.05	0.05	0.225	0.3	0.175	0.1	0.25	0.35	0.5	0.35	0.676668592957062	0.40451260624156	0.218818800801378
0	0	0	0	0.05	0.05	0.05	0.225	0.3	0.175	0.1	0.25	0.35	0.5	0.35	0.676668592957062	0.40451260624156	0.218818800801378
0	0	0	0	0.05	0.05	0.05	0.225	0.3	0.175	0.1	0.25	0.35	0.5	0.35	0.676668592957062	0.40451260624156	0.218818800801378
