1.45614035087719	0.140350877192982	0	0.0175438596491228	0.087719298245614	0.385964912280702	0.157894736842105	0.140350877192982	0.12280701754386	0.0350877192982456	0.0526315789473684	0.087719298245614	0.12280701754386	0.0526315789473684	0.0526315789473684	0	0	0
0.672413793103448	5.27586206896552	2.3448275862069	0.0172413793103448	0.0517241379310345	0.293103448275862	0.189655172413793	0.293103448275862	0.0344827586206897	0.0517241379310345	0.0344827586206897	0.0517241379310345	0.103448275862069	0.224137931034483	0	0.00897438452197695	0.00536488867694376	0.00290210611142411
0	2.43478260869565	2.67391304347826	0.717391304347826	0.108695652173913	0.0652173913043478	0.130434782608696	0.108695652173913	0.173913043478261	0.195652173913043	0.0217391304347826	0.0217391304347826	0.0434782608695652	0.0652173913043478	0.0217391304347826	0.0339465849309563	0.0202932745606134	0.0109775318127782
0	0	0.627118644067797	0.949152542372881	0.288135593220339	0.389830508474576	0.423728813559322	0.508474576271186	0.135593220338983	0.152542372881356	0.0338983050847458	0.0847457627118644	0.0338983050847458	0.0847457627118644	0	0	0	0
0	0	0	0.032258064516129	0.182795698924731	0.602150537634409	0.161290322580645	0.526881720430108	0.182795698924731	0.150537634408602	0.043010752688172	0.118279569892473	0.10752688172043	0	0	0	0	0
0	0.0133333333333333	0.0133333333333333	0.0266666666666667	0.226666666666667	0.533333333333333	0.333333333333333	0.306666666666667	0.213333333333333	0.373333333333333	0.266666666666667	0.173333333333333	0.0266666666666667	0.0533333333333333	0.0266666666666667	0	0	0
0.0645161290322581	0.0483870967741935	0	0.032258064516129	0.161290322580645	0.241935483870968	0.935483870967742	1.17741935483871	0.451612903225806	0.225806451612903	0.354838709677419	0.193548387096774	0.0806451612903226	0.032258064516129	0.0483870967741935	0.0335815678886879	0.0200750673072734	0.0108594938362967
0	0	0	0.0266666666666667	0.04	0.16	0.266666666666667	0.44	0.266666666666667	0.386666666666667	0.2	0.173333333333333	0.0666666666666667	0.04	0.04	0.013880381393991	0.00829769448700635	0.0044885907856693
0	0	0.0602409638554217	0.036144578313253	0.0602409638554217	0.27710843373494	0.265060240963855	0.662650602409639	0.228915662650602	0.891566265060241	0.108433734939759	0.072289156626506	0.0481927710843374	0.180722891566265	0.0843373493975904	0.062712566539116	0.0374895835256311	0.0202797776460962
0	0.0645161290322581	0.032258064516129	0.0752688172043011	0.258064516129032	0.440860215053763	0.731182795698925	0.741935483870968	0.559139784946237	0.78494623655914	0.247311827956989	0.397849462365591	0.129032258064516	0.0967741935483871	0.043010752688172	0.02798463990724	0.0167292227560612	0.0090495781969139
0	0	0.0181818181818182	0.254545454545455	0.0545454545454545	0.345454545454545	0.2	0.909090909090909	0.709090909090909	0.381818181818182	0.418181818181818	0.381818181818182	0.0545454545454545	0.2	0.145454545454545	0.179814031694884	0.107492860399855	0.0581476533598068
0.0483870967741935	0.032258064516129	0	0	0	0.193548387096774	0.290322580645161	0.645161290322581	0.32258064516129	0.67741935483871	0.919354838709677	1.17741935483871	0.67741935483871	0.419354838709677	0.419354838709677	0.352606462831223	0.210788206726371	0.114024685281115
0	0	0	0	0.0212765957446809	0.0425531914893617	0.170212765957447	0.617021276595745	0.361702127659574	0.234042553191489	0.48936170212766	2.12765957446809	0.936170212765957	1.29787234042553	0.446808510638298	0.232570220165275	0.13903051933016	0.0752077711428632
0.0285714285714286	0	0	0	0.142857142857143	0.0857142857142857	0.142857142857143	0.628571428571429	0.942857142857143	0.771428571428571	0.6	0.914285714285714	1.48571428571429	3.4	0.8	0.892310232470851	0.533423217021837	0.288552264793026
0	0.148148148148148	0	0.037037037037037	0.037037037037037	0.148148148148148	0.333333333333333	0.407407407407407	0.851851851851852	0.481481481481481	1.44444444444444	0.814814814814815	1.85185185185185	1.92592592592593	0.777777777777778	0.520514302274663	0.311163543262738	0.168322154462599
0	0	0	0	0.05	0.025	0.125	0.2	0.15	0.275	0.175	0.45	1.075	0.95	0.775	1.53551719171026	0.917932452625078	0.496550355664666
0	0	0	0	0.05	0.025	0.125	0.2	0.15	0.275	0.175	0.45	1.075	0.95	0.775	1.53551719171026	0.917932452625078	0.496550355664666
0	0	0	0	0.05	0.025	0.125	0.2	0.15	0.275	0.175	0.45	1.075	0.95	0.775	1.53551719171026	0.917932452625078	0.496550355664666
