0.578947368421053	0.0350877192982456	0	0	0.0526315789473684	0.140350877192982	0.087719298245614	0.0526315789473684	0.0526315789473684	0	0.0526315789473684	0.175438596491228	0.0175438596491228	0.0350877192982456	0	0	0	0
0.258620689655172	2.53448275862069	1.10344827586207	0.0689655172413793	0.206896551724138	0.413793103448276	0.275862068965517	0.362068965517241	0.206896551724138	0.0172413793103448	0.0517241379310345	0	0.172413793103448	0.120689655172414	0.137931034482759	0.0269231535659308	0.0160946660308313	0.00870631833427234
0	2.89130434782609	4.43478260869565	1.45652173913043	0.152173913043478	0.478260869565217	0.543478260869565	0.434782608695652	0.239130434782609	0.282608695652174	0.0217391304347826	0.130434782608696	0.0434782608695652	0	0.0869565217391304	0.0452621132412751	0.0270576994141512	0.0146367090837042
0	0	0.271186440677966	0.576271186440678	0.0508474576271186	0.186440677966102	0.0338983050847458	0.254237288135593	0.0338983050847458	0.0847457627118644	0	0.0169491525423729	0.0169491525423729	0.0677966101694915	0	0	0	0
0.0645161290322581	0	0	0.010752688172043	0.268817204301075	0.408602150537634	0.344086021505376	0.56989247311828	0.67741935483871	0.612903225806452	0.21505376344086	0.129032258064516	0.279569892473118	0.010752688172043	0	0	0	0
0	0	0.0133333333333333	0.0533333333333333	0.333333333333333	0.973333333333333	0.786666666666667	1.28	0.52	0.773333333333333	0.586666666666667	0.413333333333333	0.0266666666666667	0.08	0.0133333333333333	0	0	0
0.0645161290322581	0	0	0.032258064516129	0.0645161290322581	0.225806451612903	0.483870967741935	0.387096774193548	0.209677419354839	0.161290322580645	0.161290322580645	0.129032258064516	0	0.032258064516129	0	0.016790783944344	0.0100375336536367	0.00542974691814834
0	0	0	0.0533333333333333	0.0933333333333333	0.266666666666667	0.786666666666667	0.666666666666667	0.386666666666667	0.92	0.72	0.893333333333333	0.08	0.0533333333333333	0.0133333333333333	0.013880381393991	0.00829769448700635	0.0044885907856693
0	0	0.0120481927710843	0.036144578313253	0.0240963855421687	0.168674698795181	0.180722891566265	0.265060240963855	0.0963855421686747	0.590361445783133	0.0240963855421687	0.120481927710843	0	0.0481927710843374	0	0	0	0
0.010752688172043	0.032258064516129	0.021505376344086	0.043010752688172	0.365591397849462	0.43010752688172	0.526881720430108	0.870967741935484	0.688172043010753	0.78494623655914	0.344086021505376	0.387096774193548	0.204301075268817	0.0752688172043011	0.021505376344086	0.02798463990724	0.0167292227560612	0.0090495781969139
0	0	0.0363636363636364	0.145454545454545	0.0727272727272727	0.745454545454545	0.327272727272727	1.38181818181818	0.672727272727273	0.854545454545454	0.709090909090909	0.763636363636364	0.254545454545455	0.327272727272727	0.145454545454545	0.0662472748349571	0.039602632778894	0.0214228196588762
0.0161290322580645	0.0806451612903226	0	0.032258064516129	0	0.129032258064516	0.451612903225806	0.725806451612903	0.161290322580645	0.645161290322581	0.403225806451613	1.38709677419355	0.758064516129032	0.419354838709677	0.854838709677419	0.386188030719911	0.230863274033645	0.124884179117412
0.0212765957446809	0	0	0	0.0638297872340425	0.25531914893617	0.276595744680851	0.468085106382979	0.361702127659574	0.276595744680851	0.446808510638298	1.31914893617021	0.574468085106383	0.404255319148936	0.191489361702128	0.0996729514994036	0.0595845082843541	0.0322319019183699
0	0	0	0	0.0857142857142857	0.171428571428571	0.0857142857142857	0.285714285714286	0.628571428571429	0.885714285714286	0.4	0.914285714285714	1.14285714285714	2.77142857142857	0.628571428571429	0.892310232470851	0.533423217021837	0.288552264793026
0	0.037037037037037	0.037037037037037	0	0	0.148148148148148	0.518518518518518	0.481481481481481	0.962962962962963	0.666666666666667	1.48148148148148	1.33333333333333	2.25925925925926	2.44444444444444	1.74074074074074	1.34948152441579	0.80672029734784	0.436390770828959
0	0	0	0	0.075	0.025	0.175	0.075	0.225	0.325	0.425	1.05	1.525	1.5	0.7	1.69167148239266	1.0112815156039	0.547047002003446
0	0	0	0	0.075	0.025	0.175	0.075	0.225	0.325	0.425	1.05	1.525	1.5	0.7	1.69167148239266	1.0112815156039	0.547047002003446
0	0	0	0	0.075	0.025	0.175	0.075	0.225	0.325	0.425	1.05	1.525	1.5	0.7	1.69167148239266	1.0112815156039	0.547047002003446
