1.10526315789474	0.105263157894737	0	0.0175438596491228	0.0175438596491228	0.0526315789473684	0.0701754385964912	0	0.0350877192982456	0.0175438596491228	0	0.0526315789473684	0.105263157894737	0	0.0175438596491228	0	0	0
0.586206896551724	2.70689655172414	1.31034482758621	0.0689655172413793	0.206896551724138	0.327586206896552	0.258620689655172	0.379310344827586	0.172413793103448	0.0517241379310345	0.0344827586206897	0.103448275862069	0.120689655172414	0.327586206896552	0.0689655172413793	0	0	0
0	0.956521739130435	3.23913043478261	2.5	0.282608695652174	0.478260869565217	0.565217391304348	0.456521739130435	0.347826086956522	0.152173913043478	0.0434782608695652	0.152173913043478	0.0869565217391304	0.0434782608695652	0	0.0226310566206375	0.0135288497070756	0.00731835454185211
0	0	0.627118644067797	0.796610169491525	0.338983050847458	0.474576271186441	0.423728813559322	0.610169491525424	0.135593220338983	0.203389830508475	0.0338983050847458	0.0847457627118644	0.0338983050847458	0.101694915254237	0	0	0	0
0.0860215053763441	0	0	0.010752688172043	0.408602150537634	0.612903225806452	0.483870967741935	0.924731182795699	0.935483870967742	0.655913978494624	0.301075268817204	0.21505376344086	0.0860215053763441	0.032258064516129	0	0	0	0
0	0.0533333333333333	0	0	0.226666666666667	0.853333333333333	0.413333333333333	0.426666666666667	0.186666666666667	0.386666666666667	0.333333333333333	0.133333333333333	0.08	0.146666666666667	0.0533333333333333	0	0	0
0.161290322580645	0	0	0	0	0.0645161290322581	0.274193548387097	0.419354838709677	0.0645161290322581	0.145161290322581	0.241935483870968	0.274193548387097	0.0483870967741935	0	0	0	0	0
0	0	0	0.04	0.08	0.373333333333333	0.493333333333333	0.773333333333333	0.293333333333333	0.626666666666667	0.48	0.52	0.0666666666666667	0.04	0.0133333333333333	0	0	0
0	0	0.036144578313253	0.0481927710843374	0.072289156626506	0.180722891566265	0.325301204819277	0.710843373493976	0.216867469879518	0.783132530120482	0.0963855421686747	0.0843373493975904	0.0843373493975904	0.265060240963855	0.0963855421686747	0.0689838231930276	0.0412385418781942	0.0223077554107058
0.032258064516129	0.0752688172043011	0.010752688172043	0.0645161290322581	0.258064516129032	0.440860215053763	0.473118279569892	1	0.774193548387097	0.817204301075269	0.247311827956989	0.397849462365591	0.150537634408602	0.21505376344086	0.032258064516129	0.0727600637588239	0.0434959791657591	0.0235289033119762
0	0	0	0.109090909090909	0.181818181818182	0.727272727272727	0.727272727272727	1.01818181818182	0.981818181818182	0.636363636363636	0.745454545454545	1.09090909090909	0.436363636363636	0.181818181818182	0.0909090909090909	0.141958446074908	0.0848627845262013	0.0459060421261633
0.0161290322580645	0.0967741935483871	0	0.0483870967741935	0	0.532258064516129	0.516129032258065	0.725806451612903	0.596774193548387	0.774193548387097	0.919354838709677	1.53225806451613	1.04838709677419	0.403225806451613	0.516129032258065	0.512118910302491	0.30614477643592	0.165607281003524
0	0	0	0	0.0638297872340425	0.170212765957447	0.404255319148936	0.425531914893617	0.382978723404255	0.361702127659574	0.638297872340426	1.46808510638298	1	0.872340425531915	0.425531914893617	0.188271130609985	0.112548515648224	0.0608824814013655
0.0285714285714286	0.114285714285714	0	0	0.171428571428571	0.2	0.0857142857142857	0.457142857142857	0.685714285714286	0.542857142857143	0.771428571428571	1.51428571428571	0.771428571428571	2.77142857142857	0.657142857142857	0.431283279027578	0.257821221560555	0.139466927983296
0	0.111111111111111	0	0	0.037037037037037	0.296296296296296	0.037037037037037	0.333333333333333	0.518518518518518	0.592592592592593	0.592592592592593	0.555555555555556	1.81481481481481	2	0.925925925925926	0.674740762207897	0.40336014867392	0.21819538541448
0	0	0	0	0	0.1	0.025	0.15	0.15	0.325	0.05	0.225	0.575	0.6	0.975	0.598591447615863	0.357838074752149	0.193570477631988
0	0	0	0	0	0.1	0.025	0.15	0.15	0.325	0.05	0.225	0.575	0.6	0.975	0.598591447615863	0.357838074752149	0.193570477631988
0	0	0	0	0	0.1	0.025	0.15	0.15	0.325	0.05	0.225	0.575	0.6	0.975	0.598591447615863	0.357838074752149	0.193570477631988
