2.28070175438596	0.263157894736842	0	0	0.12280701754386	0.771929824561403	0.192982456140351	0.175438596491228	0.12280701754386	0.0350877192982456	0.0350877192982456	0.157894736842105	0.087719298245614	0.0175438596491228	0	0	0	0
0.431034482758621	3.81034482758621	1.62068965517241	0.0689655172413793	0.206896551724138	0.293103448275862	0.258620689655172	0.310344827586207	0.172413793103448	0.120689655172414	0.0517241379310345	0.103448275862069	0.155172413793103	0.0172413793103448	0.0689655172413793	0.0538463071318617	0.0321893320616626	0.0174126366685447
0	1.23913043478261	2.43478260869565	0.91304347826087	0.391304347826087	0.108695652173913	0.173913043478261	0.391304347826087	0.565217391304348	0.0434782608695652	0.0869565217391304	0.0434782608695652	0	0.0869565217391304	0	0.0452621132412751	0.0270576994141512	0.0146367090837042
0	0	0.915254237288136	1.59322033898305	0.23728813559322	0.338983050847458	0.491525423728814	0.559322033898305	0.203389830508475	0.169491525423729	0.0338983050847458	0.11864406779661	0.0677966101694915	0.169491525423729	0	0	0	0
0.150537634408602	0	0	0.021505376344086	0.526881720430108	0.473118279569892	0.344086021505376	0.580645161290323	0.526881720430108	0.494623655913978	0.172043010752688	0.129032258064516	0.0537634408602151	0.0537634408602151	0	0	0	0
0	0.0133333333333333	0.0133333333333333	0.0533333333333333	0.306666666666667	1.14666666666667	0.986666666666667	1.06666666666667	0.52	0.693333333333333	0.626666666666667	0.573333333333333	0.0266666666666667	0.0533333333333333	0.0133333333333333	0	0	0
0.0967741935483871	0.161290322580645	0	0	0.0645161290322581	0.290322580645161	0.67741935483871	0.451612903225806	0.274193548387097	0.274193548387097	0.241935483870968	0.209677419354839	0.370967741935484	0.241935483870968	0.0483870967741935	0.0755585277495479	0.0451689014413652	0.0244338611316675
0	0	0	0	0	0.2	0.106666666666667	0.28	0.0933333333333333	0.186666666666667	0.08	0.12	0.04	0.0266666666666667	0.0133333333333333	0.00694019069699551	0.00414884724350318	0.00224429539283465
0	0	0.036144578313253	0.0602409638554217	0.0240963855421687	0.253012048192771	0.27710843373494	0.626506024096386	0.0963855421686747	0.493975903614458	0.0240963855421687	0.0481927710843374	0	0.108433734939759	0	0	0	0
0.032258064516129	0	0.032258064516129	0.0752688172043011	0.451612903225806	0.752688172043011	1.19354838709677	1.23655913978495	1.19354838709677	0.935483870967742	0.440860215053763	0.537634408602151	0.32258064516129	0.150537634408602	0.0967741935483871	0.0335815678886879	0.0200750673072734	0.0108594938362967
0	0	0	0.236363636363636	0.0727272727272727	0.454545454545455	0.290909090909091	0.672727272727273	0.527272727272727	0.509090909090909	0.509090909090909	1	0.109090909090909	0.109090909090909	0.127272727272727	0	0	0
0.032258064516129	0.0645161290322581	0	0.0161290322580645	0.032258064516129	0.435483870967742	0.354838709677419	0.758064516129032	0.354838709677419	0.967741935483871	1.03225806451613	1.69354838709677	0.774193548387097	0.870967741935484	0.5	0.512118910302491	0.30614477643592	0.165607281003524
0.0212765957446809	0	0	0	0.0212765957446809	0.127659574468085	0.191489361702128	0.297872340425532	0.340425531914894	0.340425531914894	0.468085106382979	0.808510638297872	0.74468085106383	1.02127659574468	0.319148936170213	0.21042067538763	0.125789517489192	0.0680451262721143
0.0571428571428571	0.171428571428571	0	0	0.0285714285714286	0.257142857142857	0.114285714285714	0.4	0.514285714285714	0.6	0.4	1.28571428571429	1.62857142857143	3.28571428571429	1.02857142857143	0.505642465066816	0.302273156312374	0.163512950049382
0	0	0	0.037037037037037	0	0.037037037037037	0	0.333333333333333	0.185185185185185	0.222222222222222	0.592592592592593	0.037037037037037	0.703703703703704	0.37037037037037	0.37037037037037	0.36628784234143	0.218966937851557	0.118448923510718
0	0	0	0	0	0.05	0.05	0.125	0.125	0.275	0.15	0.55	0.825	1.15	0.675	1.50949147659652	0.902374275461941	0.488134247941536
0	0	0	0	0	0.05	0.05	0.125	0.125	0.275	0.15	0.55	0.825	1.15	0.675	1.50949147659652	0.902374275461941	0.488134247941536
0	0	0	0	0	0.05	0.05	0.125	0.125	0.275	0.15	0.55	0.825	1.15	0.675	1.50949147659652	0.902374275461941	0.488134247941536
