0.315789473684211	0.0350877192982456	0	0.0526315789473684	0	0.263157894736842	0.0350877192982456	0.0350877192982456	0.0526315789473684	0.0175438596491228	0.0350877192982456	0.0526315789473684	0.0526315789473684	0.0175438596491228	0.0526315789473684	0	0	0
0.241379310344828	2.56896551724138	0.672413793103448	0.0172413793103448	0.0517241379310345	0.0862068965517241	0.0862068965517241	0.120689655172414	0.0344827586206897	0.0517241379310345	0.0172413793103448	0.0517241379310345	0	0	0	0.0179487690439539	0.0107297773538875	0.00580421222284823
0	1.6304347826087	3.41304347826087	2.78260869565217	0.152173913043478	0.5	0.652173913043478	0.478260869565217	0.239130434782609	0.173913043478261	0	0.130434782608696	0	0	0.0217391304347826	0.0113155283103188	0.00676442485353779	0.00365917727092606
0	0	0.949152542372881	1.11864406779661	0.169491525423729	0.271186440677966	0.220338983050847	0.525423728813559	0.0677966101694915	0.101694915254237	0.0169491525423729	0.0508474576271186	0.0169491525423729	0.0508474576271186	0	0	0	0
0	0	0	0.021505376344086	0.408602150537634	0.591397849462366	0.67741935483871	0.67741935483871	0.956989247311828	0.655913978494624	0.311827956989247	0.150537634408602	0.0860215053763441	0.032258064516129	0	0	0	0
0	0.04	0	0.0266666666666667	0.266666666666667	1.02666666666667	0.653333333333333	0.653333333333333	0.28	0.44	0.293333333333333	0.253333333333333	0.106666666666667	0.12	0.04	0	0	0
0	0	0	0	0.129032258064516	0.0645161290322581	0.5	0.935483870967742	0.338709677419355	0.241935483870968	0.370967741935484	0.274193548387097	0.17741935483871	0	0.0967741935483871	0.0335815678886879	0.0200750673072734	0.0108594938362967
0	0	0	0.0266666666666667	0.0666666666666667	0.306666666666667	0.626666666666667	0.706666666666667	0.333333333333333	1.01333333333333	0.693333333333333	0.866666666666667	0.0933333333333333	0.0666666666666667	0.0133333333333333	0.00694019069699551	0.00414884724350318	0.00224429539283465
0	0	0.0120481927710843	0.0240963855421687	0.036144578313253	0.156626506024096	0.108433734939759	0.253012048192771	0.0843373493975904	0.710843373493976	0.0481927710843374	0.0963855421686747	0	0.156626506024096	0	0	0	0
0.021505376344086	0.129032258064516	0.032258064516129	0.032258064516129	0.365591397849462	0.580645161290323	0.838709677419355	1.13978494623656	1.06451612903226	0.806451612903226	0.505376344086022	0.344086021505376	0.376344086021505	0.139784946236559	0.0752688172043011	0.0391784958701359	0.0234209118584857	0.0126694094756795
0	0	0.0363636363636364	0.254545454545455	0.181818181818182	0.581818181818182	0.836363636363636	1.34545454545455	0.636363636363636	0.727272727272727	0.636363636363636	0.618181818181818	0.381818181818182	0.363636363636364	0.236363636363636	0.0473194820249694	0.0282875948420671	0.0153020140420544
0.0161290322580645	0.0483870967741935	0	0.0161290322580645	0	0.290322580645161	0.516129032258065	0.741935483870968	0.32258064516129	1	0.467741935483871	1.37096774193548	0.483870967741935	0.451612903225806	0.387096774193548	0.361001854803395	0.215806973553189	0.116739558740189
0.0425531914893617	0	0	0	0.0425531914893617	0.0425531914893617	0.148936170212766	0.191489361702128	0.127659574468085	0.127659574468085	0.468085106382979	0.553191489361702	0.957446808510638	0.829787234042553	0.297872340425532	0.243644992554098	0.145651020250643	0.0787890935782377
0	0.0285714285714286	0	0	0	0.142857142857143	0.2	0.285714285714286	0.485714285714286	0.742857142857143	0.742857142857143	1.2	1.11428571428571	3.31428571428571	1.05714285714286	0.401539604611883	0.240040447659827	0.129848519156862
0	0.259259259259259	0.037037037037037	0	0.0740740740740741	0.407407407407407	0.185185185185185	0.407407407407407	0.703703703703704	0.740740740740741	1.11111111111111	1.11111111111111	1.96296296296296	1.7037037037037	1.51851851851852	1.33020321692414	0.795195721671442	0.430156616959974
0	0	0	0	0	0.05	0.05	0.125	0.1	0.25	0.2	0.275	0.75	1.25	1.15	0.975964316764993	0.583431643617634	0.315604039617372
0	0	0	0	0	0.05	0.05	0.125	0.1	0.25	0.2	0.275	0.75	1.25	1.15	0.975964316764993	0.583431643617634	0.315604039617372
0	0	0	0	0	0.05	0.05	0.125	0.1	0.25	0.2	0.275	0.75	1.25	1.15	0.975964316764993	0.583431643617634	0.315604039617372
