0.596491228070175	0.0350877192982456	0	0	0.0701754385964912	0.228070175438596	0.105263157894737	0.403508771929825	0.087719298245614	0.0175438596491228	0.0526315789473684	0.12280701754386	0.175438596491228	0.0701754385964912	0.0350877192982456	0	0	0
0.379310344827586	4.91379310344828	1.63793103448276	0.0689655172413793	0.206896551724138	0.258620689655172	0.258620689655172	0.293103448275862	0.172413793103448	0.120689655172414	0.0689655172413793	0.103448275862069	0.0862068965517241	0	0.0689655172413793	0.00897438452197695	0.00536488867694376	0.00290210611142411
0	0.608695652173913	3.80434782608696	4.45652173913043	0.260869565217391	0.0652173913043478	0.152173913043478	0.130434782608696	0.347826086956522	0.0217391304347826	0.0869565217391304	0	0	0	0	0	0	0
0	0	1	1.54237288135593	0.169491525423729	0.23728813559322	0.271186440677966	0.457627118644068	0.169491525423729	0.135593220338983	0.0169491525423729	0.0508474576271186	0.0677966101694915	0.135593220338983	0	0	0	0
0.043010752688172	0	0	0.043010752688172	0.204301075268817	0.301075268817204	0.032258064516129	0.365591397849462	0.032258064516129	0.279569892473118	0	0.0645161290322581	0.0752688172043011	0.021505376344086	0	0	0	0
0	0.0266666666666667	0	0.0533333333333333	0.266666666666667	0.6	0.773333333333333	0.88	0.44	0.52	0.52	0.413333333333333	0	0.0666666666666667	0.0133333333333333	0	0	0
0.129032258064516	0.17741935483871	0	0.0161290322580645	0.129032258064516	0.32258064516129	1.04838709677419	0.870967741935484	0.403225806451613	0.258064516129032	0.338709677419355	0.225806451612903	0.596774193548387	0.5	0.0967741935483871	0.159512447471268	0.0953565697095488	0.0515825957224093
0	0	0	0	0	0.16	0.2	0.533333333333333	0.106666666666667	0.2	0.146666666666667	0.16	0.08	0.0666666666666667	0	0.0208205720909865	0.0124465417305095	0.00673288617850395
0	0	0.0120481927710843	0.0481927710843374	0.156626506024096	0.385542168674699	0.650602409638554	1.06024096385542	0.301204819277108	0.91566265060241	0.168674698795181	0.204819277108434	0.108433734939759	0.204819277108434	0.036144578313253	0.0376275399234696	0.0224937501153787	0.0121678665876577
0.010752688172043	0	0.010752688172043	0.021505376344086	0.32258064516129	0.397849462365591	0.645161290322581	0.924731182795699	0.655913978494624	0.763440860215054	0.290322580645161	0.43010752688172	0.0752688172043011	0	0	0.0447754238515839	0.0267667564096979	0.0144793251150622
0	0	0.0181818181818182	0.0909090909090909	0.109090909090909	0.527272727272727	0.490909090909091	1.14545454545455	0.909090909090909	0.545454545454545	0.727272727272727	0.654545454545455	0.163636363636364	0.127272727272727	0.0545454545454545	0.12303065326492	0.0735477465893745	0.0397852365093415
0.0645161290322581	0.032258064516129	0	0	0	0.193548387096774	0.451612903225806	0.467741935483871	0.17741935483871	0.774193548387097	0.67741935483871	0.919354838709677	1.17741935483871	0.451612903225806	0.435483870967742	0.453351166497287	0.271013408648191	0.146603166790005
0.127659574468085	0	0	0	0.106382978723404	0.234042553191489	0.404255319148936	0.48936170212766	0.574468085106383	0.340425531914894	0.936170212765957	1.51063829787234	1.48936170212766	1.82978723404255	0.425531914893617	0.376542261219969	0.225097031296449	0.121764962802731
0.0857142857142857	0.114285714285714	0	0	0.0571428571428571	0.0285714285714286	0.0285714285714286	0.285714285714286	0.342857142857143	0.742857142857143	0.514285714285714	0.914285714285714	1.57142857142857	3.28571428571429	0.885714285714286	0.832822883639461	0.497861669220381	0.269315447140158
0	0	0	0	0	0	0	0.333333333333333	0	0.407407407407407	0.0740740740740741	0.222222222222222	0.703703703703704	1.62962962962963	0.703703703703704	0.269896304883159	0.161344059469568	0.0872781541657919
0	0	0	0	0	0.075	0.05	0.1	0.075	0.3	0.325	0.625	0.55	1.125	0.675	1.43141433125532	0.85569974397253	0.462885924772146
0	0	0	0	0	0.075	0.05	0.1	0.075	0.3	0.325	0.625	0.55	1.125	0.675	1.43141433125532	0.85569974397253	0.462885924772146
0	0	0	0	0	0.075	0.05	0.1	0.075	0.3	0.325	0.625	0.55	1.125	0.675	1.43141433125532	0.85569974397253	0.462885924772146
