0.807017543859649	0.12280701754386	0	0.0350877192982456	0.0175438596491228	0.245614035087719	0.0526315789473684	0	0.0526315789473684	0.0350877192982456	0.0350877192982456	0.087719298245614	0.140350877192982	0.0175438596491228	0.0350877192982456	0	0	0
0.396551724137931	4.24137931034483	1.46551724137931	0.0344827586206897	0.103448275862069	0.120689655172414	0.275862068965517	0.137931034482759	0.0689655172413793	0.0344827586206897	0.0344827586206897	0.103448275862069	0.103448275862069	0.0172413793103448	0	0.00897438452197695	0.00536488867694376	0.00290210611142411
0	1.80434782608696	4.32608695652174	2.32608695652174	0.0652173913043478	0	0.0869565217391304	0.195652173913043	0.0217391304347826	0	0.0217391304347826	0	0.0434782608695652	0	0	0	0	0
0	0	0.610169491525424	1.05084745762712	0.23728813559322	0.271186440677966	0.406779661016949	0.271186440677966	0.101694915254237	0.0847457627118644	0.0338983050847458	0.0847457627118644	0.0169491525423729	0.0338983050847458	0	0	0	0
0.0645161290322581	0	0	0.043010752688172	0.279569892473118	0.483870967741935	0.311827956989247	0.591397849462366	0.440860215053763	0.473118279569892	0.129032258064516	0.129032258064516	0.10752688172043	0	0	0	0	0
0	0.0666666666666667	0.0266666666666667	0.0533333333333333	0.373333333333333	1.26666666666667	1.10666666666667	1.29333333333333	0.586666666666667	0.893333333333333	0.706666666666667	0.6	0.08	0.0933333333333333	0.0533333333333333	0	0	0
0	0.0967741935483871	0	0	0.129032258064516	0.274193548387097	0.903225806451613	0.967741935483871	0.403225806451613	0.290322580645161	0.241935483870968	0.17741935483871	0.0967741935483871	0	0	0	0	0
0	0	0	0.0266666666666667	0.0266666666666667	0.333333333333333	0.306666666666667	0.56	0.2	0.373333333333333	0.16	0.133333333333333	0.08	0.106666666666667	0.0133333333333333	0.0416411441819731	0.0248930834610191	0.0134657723570079
0	0	0	0.0240963855421687	0.0602409638554217	0.0602409638554217	0.301204819277108	0.746987951807229	0.192771084337349	0.867469879518072	0.0843373493975904	0.0843373493975904	0.0963855421686747	0.421686746987952	0.168674698795181	0.112882619770409	0.067481250346136	0.0365035997629732
0.010752688172043	0	0	0.010752688172043	0.451612903225806	0.67741935483871	0.881720430107527	1.01075268817204	0.903225806451613	0.849462365591398	0.290322580645161	0.344086021505376	0.204301075268817	0.182795698924731	0.0537634408602151	0.0335815678886879	0.0200750673072734	0.0108594938362967
0	0	0	0.109090909090909	0.127272727272727	0.636363636363636	0.618181818181818	1.23636363636364	1	0.727272727272727	0.781818181818182	0.690909090909091	0.436363636363636	0.163636363636364	0.145454545454545	0.160886238884896	0.0961778224630282	0.052026847742985
0.0483870967741935	0.0161290322580645	0	0	0.032258064516129	0.161290322580645	0.548387096774194	0.548387096774194	0.225806451612903	0.709677419354839	0.532258064516129	0.919354838709677	0.887096774193548	0.370967741935484	0.403225806451613	0.268652543109504	0.160600538458187	0.0868759506903735
0	0	0	0	0.0851063829787234	0.319148936170213	0.319148936170213	0.617021276595745	0.808510638297872	0.553191489361702	0.48936170212766	1.06382978723404	1.34042553191489	1	0.680851063829787	0.299018854498211	0.178753524853062	0.0966957057551099
0	0	0	0	0.142857142857143	0.228571428571429	0.142857142857143	0.428571428571429	0.914285714285714	0.714285714285714	0.6	0.8	1.17142857142857	2.48571428571429	0.742857142857143	0.639488999937443	0.38228663886565	0.206795789768335
0	0.222222222222222	0.0740740740740741	0.037037037037037	0.0740740740740741	0.185185185185185	0.444444444444444	0.740740740740741	1	0.555555555555556	2.2962962962963	1.55555555555556	2.77777777777778	2.07407407407407	1.92592592592593	0.886802144616093	0.530130481114295	0.286771077973316
0	0	0	0	0.05	0.05	0.175	0.1	0.175	0.425	0.35	0.875	1.2	1.2	0.75	1.48346576148279	0.886816098298804	0.479718140218406
0	0	0	0	0.05	0.05	0.175	0.1	0.175	0.425	0.35	0.875	1.2	1.2	0.75	1.48346576148279	0.886816098298804	0.479718140218406
0	0	0	0	0.05	0.05	0.175	0.1	0.175	0.425	0.35	0.875	1.2	1.2	0.75	1.48346576148279	0.886816098298804	0.479718140218406
