0.754385964912281	0.087719298245614	0	0	0	0.192982456140351	0.0175438596491228	0.0350877192982456	0.0350877192982456	0.0350877192982456	0.0701754385964912	0.12280701754386	0.105263157894737	0.12280701754386	0.0701754385964912	0	0	0
0.241379310344828	3.48275862068966	1.77586206896552	0.0517241379310345	0.155172413793103	0.344827586206897	0.172413793103448	0.310344827586207	0.155172413793103	0.0689655172413793	0	0	0.0862068965517241	0.137931034482759	0.103448275862069	0.0179487690439539	0.0107297773538875	0.00580421222284823
0	2.73913043478261	4.47826086956522	1.52173913043478	0.0652173913043478	0.304347826086957	0.369565217391304	0.391304347826087	0.304347826086957	0.108695652173913	0	0.108695652173913	0	0.108695652173913	0	0.0452621132412751	0.0270576994141512	0.0146367090837042
0	0	0.203389830508475	0.372881355932203	0.322033898305085	0.457627118644068	0.23728813559322	0.508474576271186	0.101694915254237	0.220338983050847	0.0169491525423729	0.0508474576271186	0.0338983050847458	0.0847457627118644	0	0	0	0
0.021505376344086	0	0	0.0537634408602151	0.333333333333333	0.741935483870968	0.387096774193548	0.860215053763441	0.731182795698925	0.56989247311828	0.21505376344086	0.21505376344086	0.139784946236559	0.032258064516129	0	0	0	0
0	0.0266666666666667	0	0.04	0.253333333333333	0.76	0.613333333333333	0.866666666666667	0.426666666666667	0.413333333333333	0.48	0.226666666666667	0	0.04	0.0133333333333333	0	0	0
0.129032258064516	0	0	0	0.161290322580645	0.241935483870968	0.854838709677419	1.43548387096774	0.419354838709677	0.258064516129032	0.467741935483871	0.370967741935484	0.161290322580645	0	0.0483870967741935	0.016790783944344	0.0100375336536367	0.00542974691814834
0	0	0	0.0133333333333333	0.0266666666666667	0.173333333333333	0.48	0.386666666666667	0.146666666666667	0.586666666666667	0.493333333333333	0.493333333333333	0.0533333333333333	0.106666666666667	0	0.013880381393991	0.00829769448700635	0.0044885907856693
0	0	0.0240963855421687	0.0481927710843374	0.072289156626506	0.289156626506024	0.481927710843373	0.44578313253012	0.253012048192771	1.25301204819277	0.072289156626506	0.204819277108434	0.132530120481928	0.373493975903614	0.108433734939759	0.0815263365008509	0.0487364585833205	0.0263637109399251
0.010752688172043	0	0.021505376344086	0.0752688172043011	0.311827956989247	0.559139784946237	0.526881720430108	1.18279569892473	0.903225806451613	0.838709677419355	0.451612903225806	0.354838709677419	0.408602150537634	0.182795698924731	0.118279569892473	0.0671631357773759	0.0401501346145469	0.0217189876725934
0	0	0.0181818181818182	0.0545454545454545	0.0545454545454545	0.290909090909091	0.436363636363636	0.927272727272727	0.836363636363636	0.327272727272727	0.454545454545455	0.472727272727273	0.0363636363636364	0.109090909090909	0.0363636363636364	0.198741824504871	0.118807898336682	0.0642684589766286
0.032258064516129	0.0483870967741935	0	0	0.032258064516129	0.419354838709677	0.387096774193548	0.758064516129032	0.467741935483871	0.67741935483871	0.629032258064516	1.48387096774194	0.838709677419355	0.596774193548387	0.387096774193548	0.29383871902602	0.175656838938643	0.095020571067596
0	0	0	0	0.127659574468085	0.361702127659574	0.51063829787234	0.872340425531915	0.51063829787234	0.51063829787234	0.531914893617021	2.42553191489362	0.659574468085106	1.19148936170213	0.170212765957447	0.110747723888226	0.0662050092048379	0.0358132243537444
0	0	0	0	0	0.285714285714286	0.228571428571429	0.485714285714286	0.8	0.428571428571429	0.314285714285714	1.05714285714286	1.54285714285714	2.51428571428571	0.828571428571429	0.684104511560986	0.408957799716742	0.221223403007987
0	0.111111111111111	0	0	0.037037037037037	0.0740740740740741	0.259259259259259	0.259259259259259	0.333333333333333	0.444444444444444	1.14814814814815	1	1.18518518518519	0.925925925925926	1.22222222222222	0.559070917257972	0.334212694615534	0.180790462200569
0	0	0	0	0	0.1	0.125	0.15	0.225	0.275	0.25	0.8	1	1.475	0.6	1.44442718881219	0.863478832554099	0.467093978633711
0	0	0	0	0	0.1	0.125	0.15	0.225	0.275	0.25	0.8	1	1.475	0.6	1.44442718881219	0.863478832554099	0.467093978633711
0	0	0	0	0	0.1	0.125	0.15	0.225	0.275	0.25	0.8	1	1.475	0.6	1.44442718881219	0.863478832554099	0.467093978633711
