1.80701754385965	0.175438596491228	0	0.0350877192982456	0.105263157894737	0.43859649122807	0.140350877192982	0.157894736842105	0.175438596491228	0.0350877192982456	0.140350877192982	0.175438596491228	0.228070175438596	0.105263157894737	0.105263157894737	0	0	0
0.275862068965517	1.86206896551724	0.706896551724138	0.0172413793103448	0.0517241379310345	0.241379310344828	0.103448275862069	0.172413793103448	0.0517241379310345	0	0.0689655172413793	0	0.120689655172414	0.0517241379310345	0.0344827586206897	0.0358975380879078	0.0214595547077751	0.0116084244456965
0	2.17391304347826	3.34782608695652	2.04347826086957	0.0869565217391304	0.260869565217391	0.304347826086957	0.282608695652174	0.260869565217391	0.0869565217391304	0.0652173913043478	0.0869565217391304	0.130434782608696	0.0434782608695652	0	0.0226310566206375	0.0135288497070756	0.00731835454185211
0	0	0.677966101694915	1.20338983050847	0.11864406779661	0.169491525423729	0.23728813559322	0.271186440677966	0.0338983050847458	0.0338983050847458	0.0169491525423729	0.0847457627118644	0	0	0	0	0	0
0	0	0	0.010752688172043	0.225806451612903	0.483870967741935	0.333333333333333	0.612903225806452	0.483870967741935	0.419354838709677	0.129032258064516	0.0860215053763441	0.0537634408602151	0.0537634408602151	0	0	0	0
0	0.0133333333333333	0	0.0133333333333333	0.146666666666667	0.866666666666667	0.44	0.56	0.186666666666667	0.506666666666667	0.186666666666667	0.386666666666667	0.0533333333333333	0.16	0.0133333333333333	0	0	0
0.032258064516129	0.161290322580645	0	0.0161290322580645	0.0645161290322581	0.129032258064516	0.661290322580645	0.580645161290323	0.258064516129032	0.17741935483871	0.209677419354839	0.241935483870968	0.354838709677419	0.258064516129032	0.0483870967741935	0.0839539197217199	0.0501876682681836	0.0271487345907417
0	0	0	0.0133333333333333	0.04	0.24	0.626666666666667	0.64	0.24	0.786666666666667	0.693333333333333	0.84	0.0666666666666667	0.04	0	0.00694019069699551	0.00414884724350318	0.00224429539283465
0	0	0.0240963855421687	0.0120481927710843	0.0843373493975904	0.144578313253012	0.325301204819277	0.746987951807229	0.228915662650602	0.879518072289157	0.0963855421686747	0.192771084337349	0.108433734939759	0.289156626506024	0.0963855421686747	0.0689838231930276	0.0412385418781942	0.0223077554107058
0.021505376344086	0	0.043010752688172	0.172043010752688	0.397849462365591	0.537634408602151	0.602150537634409	0.838709677419355	0.655913978494624	0.698924731182796	0.365591397849462	0.419354838709677	0.258064516129032	0.129032258064516	0.0645161290322581	0.0447754238515839	0.0267667564096979	0.0144793251150622
0	0	0	0.127272727272727	0.2	0.854545454545454	1.03636363636364	1.50909090909091	1.36363636363636	0.963636363636364	0.927272727272727	1.12727272727273	0.636363636363636	0.309090909090909	0.218181818181818	0.227133513719853	0.135780455241922	0.0734496674018612
0.0483870967741935	0.032258064516129	0	0.0161290322580645	0.0645161290322581	0.258064516129032	0.387096774193548	0.741935483870968	0.451612903225806	0.516129032258065	0.903225806451613	1.12903225806452	0.661290322580645	0.17741935483871	0.258064516129032	0.2098847993043	0.125469170670459	0.0678718364768543
0	0	0	0	0.0638297872340425	0.234042553191489	0.25531914893617	0.51063829787234	0.468085106382979	0.574468085106383	0.361702127659574	0.702127659574468	1.04255319148936	1.19148936170213	0.51063829787234	0.343317944053501	0.205235528534998	0.111020995496608
0	0	0	0	0.0285714285714286	0.257142857142857	0.285714285714286	0.285714285714286	1.31428571428571	0.628571428571429	0.457142857142857	0.857142857142857	1.37142857142857	2.11428571428571	1.51428571428571	0.773335534808071	0.462300121418925	0.250078629487289
0	0	0.037037037037037	0	0	0.259259259259259	0	0.37037037037037	0.0740740740740741	0.518518518518518	0.185185185185185	0.62962962962963	0.740740740740741	1.25925925925926	0.666666666666667	1.02175029705767	0.610802510849079	0.330410155056212
0	0	0	0	0.15	0.125	0.15	0.075	0.125	0.15	0.275	0.375	1	0.75	0.375	1.02801574699246	0.614547997943908	0.332436255063632
0	0	0	0	0.15	0.125	0.15	0.075	0.125	0.15	0.275	0.375	1	0.75	0.375	1.02801574699246	0.614547997943908	0.332436255063632
0	0	0	0	0.15	0.125	0.15	0.075	0.125	0.15	0.275	0.375	1	0.75	0.375	1.02801574699246	0.614547997943908	0.332436255063632
