1.91228070175439	0.105263157894737	0	0	0	0	0.0175438596491228	0.0350877192982456	0.0350877192982456	0	0	0	0	0	0	0	0	0
0	6.43103448275862	0.0344827586206897	0	0	0.0172413793103448	0.0517241379310345	0.137931034482759	0.0689655172413793	0	0	0	0	0	0	0	0	0
0	0.543478260869565	15.6521739130435	0.304347826086957	0	0	0	0	0	0	0	0	0	0	0	0	0	0
0	0	0.288135593220339	15.3050847457627	0	0.0338983050847458	0.135593220338983	0.491525423728814	0.0847457627118644	0.0169491525423729	0	0	0	0	0	0	0	0
0	0	0	0	0	0	0	0	0	0	0	0	0	0	0	0	0	0
0	0	0	0	0	0	0	0	0	0	0	0	0	0	0	0	0	0
0	0	0	0	0	0	0	0	0	0	0	0	0	0	0	0	0	0
0	0	0	0	0	0	0	0	0	0	0	0	0	0	0	0	0	0
0	0	0	0	0	0	0	0	0	0	0	0	0	0	0	0	0	0
0	0	0	0	0	0	0	0	0	0	0	0	0	0	0	0	0	0
0	0	0	0	0	0	0	0	0	0	0	0	0	0	0	0	0	0
0	0	0	0	0	0	0	0	0	0	0	0	0	0	0	0	0	0
0	0	0	0	0	0	0	0	0	0	0	0	0	0	0	0	0	0
0	0	0	0	0	0	0	0	0	0	0	0	0	0	0	0	0	0
0	0	0	0	0	0	0	0	0	0	0	0	0	0	0	0	0	0
0	0	0	0	0	0	0	0	0	0	0	0	0	0	0	0	0	0
0	0	0	0	0	0	0	0	0	0	0	0	0	0	0	0	0	0
0	0	0	0	0	0	0	0	0	0	0	0	0	0	0	0	0	0
