2.85964912280702	0.0526315789473684	0	0	0	0	0.0526315789473684	0.0350877192982456	0.0701754385964912	0	0	0	0	0	0	0	0	0
0	5.86206896551724	0.344827586206897	0	0	0.0172413793103448	0.0689655172413793	0.0517241379310345	0.0517241379310345	0	0	0	0	0	0	0	0	0
0	0.326086956521739	9.28260869565217	0.173913043478261	0	0.0217391304347826	0.0652173913043478	0.108695652173913	0	0.0217391304347826	0.0217391304347826	0	0	0	0	0	0	0
0	0	0.23728813559322	12.3898305084746	0	0.0169491525423729	0.23728813559322	0.491525423728814	0.0847457627118644	0.0677966101694915	0	0	0	0	0	0	0	0
0	0	0	0	0	0	0	0	0	0	0	0	0	0	0	0	0	0
0	0	0	0	0	0	0	0	0	0	0	0	0	0	0	0	0	0
0	0	0	0	0	0	0	0	0	0	0	0	0	0	0	0	0	0
0	0	0	0	0	0	0	0	0	0	0	0	0	0	0	0	0	0
0	0	0	0	0	0	0	0	0	0	0	0	0	0	0	0	0	0
0	0	0	0	0	0	0	0	0	0	0	0	0	0	0	0	0	0
0	0	0	0	0	0	0	0	0	0	0	0	0	0	0	0	0	0
0	0	0	0	0	0	0	0	0	0	0	0	0	0	0	0	0	0
0	0	0	0	0	0	0	0	0	0	0	0	0	0	0	0	0	0
0	0	0	0	0	0	0	0	0	0	0	0	0	0	0	0	0	0
0	0	0	0	0	0	0	0	0	0	0	0	0	0	0	0	0	0
0	0	0	0	0	0	0	0	0	0	0	0	0	0	0	0	0	0
0	0	0	0	0	0	0	0	0	0	0	0	0	0	0	0	0	0
0	0	0	0	0	0	0	0	0	0	0	0	0	0	0	0	0	0
