2.70175438596491	0.175438596491228	0	0	0	0	0.0526315789473684	0.087719298245614	0.0526315789473684	0	0	0	0	0	0	0	0	0
0	9.74137931034483	0.310344827586207	0	0	0	0.0862068965517241	0.379310344827586	0	0	0	0	0	0	0	0	0	0
0	0.173913043478261	14.304347826087	0.41304347826087	0	0	0.0217391304347826	0.130434782608696	0.0217391304347826	0.0434782608695652	0	0	0	0	0	0	0	0
0	0	0.23728813559322	14.3559322033898	0	0.0847457627118644	0.23728813559322	0.644067796610169	0.152542372881356	0.0508474576271186	0	0	0	0	0	0	0	0
0	0	0	0	0	0	0	0	0	0	0	0	0	0	0	0	0	0
0	0	0	0	0	0	0	0	0	0	0	0	0	0	0	0	0	0
0	0	0	0	0	0	0	0	0	0	0	0	0	0	0	0	0	0
0	0	0	0	0	0	0	0	0	0	0	0	0	0	0	0	0	0
0	0	0	0	0	0	0	0	0	0	0	0	0	0	0	0	0	0
0	0	0	0	0	0	0	0	0	0	0	0	0	0	0	0	0	0
0	0	0	0	0	0	0	0	0	0	0	0	0	0	0	0	0	0
0	0	0	0	0	0	0	0	0	0	0	0	0	0	0	0	0	0
0	0	0	0	0	0	0	0	0	0	0	0	0	0	0	0	0	0
0	0	0	0	0	0	0	0	0	0	0	0	0	0	0	0	0	0
0	0	0	0	0	0	0	0	0	0	0	0	0	0	0	0	0	0
0	0	0	0	0	0	0	0	0	0	0	0	0	0	0	0	0	0
0	0	0	0	0	0	0	0	0	0	0	0	0	0	0	0	0	0
0	0	0	0	0	0	0	0	0	0	0	0	0	0	0	0	0	0
