2.28070175438596	0	0	0	0	0	0.0350877192982456	0.0701754385964912	0.0701754385964912	0	0	0	0	0	0	0	0	0
0	8.62068965517241	0.206896551724138	0	0	0.0172413793103448	0.0517241379310345	0.120689655172414	0.0517241379310345	0	0	0	0	0	0	0	0	0
0	0.260869565217391	9.30434782608696	0.108695652173913	0	0	0.0434782608695652	0.239130434782609	0	0.0434782608695652	0	0	0	0	0	0	0	0
0	0	0.338983050847458	14.5254237288136	0	0.101694915254237	0.355932203389831	0.542372881355932	0.11864406779661	0.0338983050847458	0	0	0	0	0	0	0	0
0	0	0	0	0	0	0	0	0	0	0	0	0	0	0	0	0	0
0	0	0	0	0	0	0	0	0	0	0	0	0	0	0	0	0	0
0	0	0	0	0	0	0	0	0	0	0	0	0	0	0	0	0	0
0	0	0	0	0	0	0	0	0	0	0	0	0	0	0	0	0	0
0	0	0	0	0	0	0	0	0	0	0	0	0	0	0	0	0	0
0	0	0	0	0	0	0	0	0	0	0	0	0	0	0	0	0	0
0	0	0	0	0	0	0	0	0	0	0	0	0	0	0	0	0	0
0	0	0	0	0	0	0	0	0	0	0	0	0	0	0	0	0	0
0	0	0	0	0	0	0	0	0	0	0	0	0	0	0	0	0	0
0	0	0	0	0	0	0	0	0	0	0	0	0	0	0	0	0	0
0	0	0	0	0	0	0	0	0	0	0	0	0	0	0	0	0	0
0	0	0	0	0	0	0	0	0	0	0	0	0	0	0	0	0	0
0	0	0	0	0	0	0	0	0	0	0	0	0	0	0	0	0	0
0	0	0	0	0	0	0	0	0	0	0	0	0	0	0	0	0	0
