1.98245614035088	0.157894736842105	0	0	0	0	0.105263157894737	0.157894736842105	0.0526315789473684	0	0	0	0	0	0	0	0	0
0	11.551724137931	0.413793103448276	0	0	0.0172413793103448	0.0172413793103448	0	0.0344827586206897	0	0	0	0	0	0	0	0	0
0	0.152173913043478	12.0434782608696	0.521739130434783	0	0.0217391304347826	0.0217391304347826	0.0652173913043478	0	0.0217391304347826	0.0217391304347826	0	0	0	0	0	0	0
0	0	0.271186440677966	15.9322033898305	0	0.0847457627118644	0.355932203389831	0.644067796610169	0.135593220338983	0.0338983050847458	0	0	0	0	0	0	0	0
0	0	0	0	0	0	0	0	0	0	0	0	0	0	0	0	0	0
0	0	0	0	0	0	0	0	0	0	0	0	0	0	0	0	0	0
0	0	0	0	0	0	0	0	0	0	0	0	0	0	0	0	0	0
0	0	0	0	0	0	0	0	0	0	0	0	0	0	0	0	0	0
0	0	0	0	0	0	0	0	0	0	0	0	0	0	0	0	0	0
0	0	0	0	0	0	0	0	0	0	0	0	0	0	0	0	0	0
0	0	0	0	0	0	0	0	0	0	0	0	0	0	0	0	0	0
0	0	0	0	0	0	0	0	0	0	0	0	0	0	0	0	0	0
0	0	0	0	0	0	0	0	0	0	0	0	0	0	0	0	0	0
0	0	0	0	0	0	0	0	0	0	0	0	0	0	0	0	0	0
0	0	0	0	0	0	0	0	0	0	0	0	0	0	0	0	0	0
0	0	0	0	0	0	0	0	0	0	0	0	0	0	0	0	0	0
0	0	0	0	0	0	0	0	0	0	0	0	0	0	0	0	0	0
0	0	0	0	0	0	0	0	0	0	0	0	0	0	0	0	0	0
