2.35087719298246	0.0350877192982456	0	0	0	0	0.087719298245614	0.105263157894737	0.0526315789473684	0	0	0	0	0	0	0	0	0
0	10.4655172413793	0	0	0	0	0.0689655172413793	0.189655172413793	0.0172413793103448	0	0	0	0	0	0	0	0	0
0	0.0869565217391304	14.0869565217391	0.41304347826087	0	0.0217391304347826	0.0434782608695652	0.0434782608695652	0.0217391304347826	0.0217391304347826	0.0217391304347826	0	0	0	0	0	0	0
0	0	0.0847457627118644	10.7796610169492	0	0.0338983050847458	0.203389830508475	0.525423728813559	0.0677966101694915	0.0169491525423729	0	0	0	0	0	0	0	0
0	0	0	0	0	0	0	0	0	0	0	0	0	0	0	0	0	0
0	0	0	0	0	0	0	0	0	0	0	0	0	0	0	0	0	0
0	0	0	0	0	0	0	0	0	0	0	0	0	0	0	0	0	0
0	0	0	0	0	0	0	0	0	0	0	0	0	0	0	0	0	0
0	0	0	0	0	0	0	0	0	0	0	0	0	0	0	0	0	0
0	0	0	0	0	0	0	0	0	0	0	0	0	0	0	0	0	0
0	0	0	0	0	0	0	0	0	0	0	0	0	0	0	0	0	0
0	0	0	0	0	0	0	0	0	0	0	0	0	0	0	0	0	0
0	0	0	0	0	0	0	0	0	0	0	0	0	0	0	0	0	0
0	0	0	0	0	0	0	0	0	0	0	0	0	0	0	0	0	0
0	0	0	0	0	0	0	0	0	0	0	0	0	0	0	0	0	0
0	0	0	0	0	0	0	0	0	0	0	0	0	0	0	0	0	0
0	0	0	0	0	0	0	0	0	0	0	0	0	0	0	0	0	0
0	0	0	0	0	0	0	0	0	0	0	0	0	0	0	0	0	0
