3.54385964912281	0.192982456140351	0	0	0	0	0.087719298245614	0.140350877192982	0.0701754385964912	0	0	0	0	0	0	0	0	0
0	7.29310344827586	0.137931034482759	0	0	0	0.0172413793103448	0.224137931034483	0.0172413793103448	0	0	0	0	0	0	0	0	0
0	0.0869565217391304	19.0434782608696	0.347826086956522	0	0	0.0217391304347826	0.0869565217391304	0.0217391304347826	0.0217391304347826	0	0	0	0	0	0	0	0
0	0	0.186440677966102	15.4915254237288	0	0.11864406779661	0.338983050847458	0.644067796610169	0.152542372881356	0.0338983050847458	0	0	0	0	0	0	0	0
0	0	0	0	0	0	0	0	0	0	0	0	0	0	0	0	0	0
0	0	0	0	0	0	0	0	0	0	0	0	0	0	0	0	0	0
0	0	0	0	0	0	0	0	0	0	0	0	0	0	0	0	0	0
0	0	0	0	0	0	0	0	0	0	0	0	0	0	0	0	0	0
0	0	0	0	0	0	0	0	0	0	0	0	0	0	0	0	0	0
0	0	0	0	0	0	0	0	0	0	0	0	0	0	0	0	0	0
0	0	0	0	0	0	0	0	0	0	0	0	0	0	0	0	0	0
0	0	0	0	0	0	0	0	0	0	0	0	0	0	0	0	0	0
0	0	0	0	0	0	0	0	0	0	0	0	0	0	0	0	0	0
0	0	0	0	0	0	0	0	0	0	0	0	0	0	0	0	0	0
0	0	0	0	0	0	0	0	0	0	0	0	0	0	0	0	0	0
0	0	0	0	0	0	0	0	0	0	0	0	0	0	0	0	0	0
0	0	0	0	0	0	0	0	0	0	0	0	0	0	0	0	0	0
0	0	0	0	0	0	0	0	0	0	0	0	0	0	0	0	0	0
