3.15789473684211	0.12280701754386	0	0	0	0	0.0526315789473684	0.0526315789473684	0.0350877192982456	0	0	0	0	0	0	0	0	0
0	7.3448275862069	0.172413793103448	0	0	0.0172413793103448	0.0689655172413793	0.224137931034483	0.0517241379310345	0	0	0	0	0	0	0	0	0
0	0.173913043478261	15.8913043478261	0.391304347826087	0	0	0.0217391304347826	0.0869565217391304	0.0217391304347826	0.0217391304347826	0	0	0	0	0	0	0	0
0	0	0.254237288135593	10.5254237288136	0	0.0508474576271186	0.288135593220339	0.474576271186441	0.11864406779661	0.0508474576271186	0	0	0	0	0	0	0	0
0	0	0	0	0	0	0	0	0	0	0	0	0	0	0	0	0	0
0	0	0	0	0	0	0	0	0	0	0	0	0	0	0	0	0	0
0	0	0	0	0	0	0	0	0	0	0	0	0	0	0	0	0	0
0	0	0	0	0	0	0	0	0	0	0	0	0	0	0	0	0	0
0	0	0	0	0	0	0	0	0	0	0	0	0	0	0	0	0	0
0	0	0	0	0	0	0	0	0	0	0	0	0	0	0	0	0	0
0	0	0	0	0	0	0	0	0	0	0	0	0	0	0	0	0	0
0	0	0	0	0	0	0	0	0	0	0	0	0	0	0	0	0	0
0	0	0	0	0	0	0	0	0	0	0	0	0	0	0	0	0	0
0	0	0	0	0	0	0	0	0	0	0	0	0	0	0	0	0	0
0	0	0	0	0	0	0	0	0	0	0	0	0	0	0	0	0	0
0	0	0	0	0	0	0	0	0	0	0	0	0	0	0	0	0	0
0	0	0	0	0	0	0	0	0	0	0	0	0	0	0	0	0	0
0	0	0	0	0	0	0	0	0	0	0	0	0	0	0	0	0	0
