1.45614035087719	0.0701754385964912	0	0	0	0	0.0526315789473684	0.0526315789473684	0.0350877192982456	0	0	0	0	0	0	0	0	0
0	10.5689655172414	0.344827586206897	0	0	0	0.120689655172414	0.206896551724138	0.0689655172413793	0	0	0	0	0	0	0	0	0
0	0.108695652173913	15.1304347826087	0.478260869565217	0	0	0.0652173913043478	0.152173913043478	0.0217391304347826	0.0217391304347826	0	0	0	0	0	0	0	0
0	0	0.338983050847458	14.5932203389831	0	0.0508474576271186	0.338983050847458	0.610169491525424	0.135593220338983	0.0508474576271186	0	0	0	0	0	0	0	0
0	0	0	0	0	0	0	0	0	0	0	0	0	0	0	0	0	0
0	0	0	0	0	0	0	0	0	0	0	0	0	0	0	0	0	0
0	0	0	0	0	0	0	0	0	0	0	0	0	0	0	0	0	0
0	0	0	0	0	0	0	0	0	0	0	0	0	0	0	0	0	0
0	0	0	0	0	0	0	0	0	0	0	0	0	0	0	0	0	0
0	0	0	0	0	0	0	0	0	0	0	0	0	0	0	0	0	0
0	0	0	0	0	0	0	0	0	0	0	0	0	0	0	0	0	0
0	0	0	0	0	0	0	0	0	0	0	0	0	0	0	0	0	0
0	0	0	0	0	0	0	0	0	0	0	0	0	0	0	0	0	0
0	0	0	0	0	0	0	0	0	0	0	0	0	0	0	0	0	0
0	0	0	0	0	0	0	0	0	0	0	0	0	0	0	0	0	0
0	0	0	0	0	0	0	0	0	0	0	0	0	0	0	0	0	0
0	0	0	0	0	0	0	0	0	0	0	0	0	0	0	0	0	0
0	0	0	0	0	0	0	0	0	0	0	0	0	0	0	0	0	0
