1.21052631578947	0.105263157894737	0	0	0	0	0	0	0	0	0	0	0	0	0	0	0	0
0	10.051724137931	0.103448275862069	0	0	0	0.103448275862069	0.120689655172414	0.0517241379310345	0	0	0	0	0	0	0	0	0
0	0.152173913043478	15.695652173913	0.391304347826087	0	0	0	0.0217391304347826	0	0	0	0	0	0	0	0	0	0
0	0	0.169491525423729	13.9152542372881	0	0.0677966101694915	0.288135593220339	0.677966101694915	0.11864406779661	0.0338983050847458	0	0	0	0	0	0	0	0
0	0	0	0	0	0	0	0	0	0	0	0	0	0	0	0	0	0
0	0	0	0	0	0	0	0	0	0	0	0	0	0	0	0	0	0
0	0	0	0	0	0	0	0	0	0	0	0	0	0	0	0	0	0
0	0	0	0	0	0	0	0	0	0	0	0	0	0	0	0	0	0
0	0	0	0	0	0	0	0	0	0	0	0	0	0	0	0	0	0
0	0	0	0	0	0	0	0	0	0	0	0	0	0	0	0	0	0
0	0	0	0	0	0	0	0	0	0	0	0	0	0	0	0	0	0
0	0	0	0	0	0	0	0	0	0	0	0	0	0	0	0	0	0
0	0	0	0	0	0	0	0	0	0	0	0	0	0	0	0	0	0
0	0	0	0	0	0	0	0	0	0	0	0	0	0	0	0	0	0
0	0	0	0	0	0	0	0	0	0	0	0	0	0	0	0	0	0
0	0	0	0	0	0	0	0	0	0	0	0	0	0	0	0	0	0
0	0	0	0	0	0	0	0	0	0	0	0	0	0	0	0	0	0
0	0	0	0	0	0	0	0	0	0	0	0	0	0	0	0	0	0
