2.56140350877193	0.0701754385964912	0	0	0	0	0.0701754385964912	0.0526315789473684	0.0526315789473684	0	0	0	0	0	0	0	0	0
0	11.7241379310345	0.620689655172414	0	0	0.0172413793103448	0.0862068965517241	0.275862068965517	0.0689655172413793	0	0	0	0	0	0	0	0	0
0	0.173913043478261	12.0652173913043	0.0869565217391304	0	0.0217391304347826	0.0652173913043478	0.108695652173913	0	0.0217391304347826	0.0217391304347826	0	0	0	0	0	0	0
0	0	0.135593220338983	13.6949152542373	0	0.101694915254237	0.389830508474576	0.542372881355932	0.152542372881356	0.0677966101694915	0	0	0	0	0	0	0	0
0	0	0	0	0	0	0	0	0	0	0	0	0	0	0	0	0	0
0	0	0	0	0	0	0	0	0	0	0	0	0	0	0	0	0	0
0	0	0	0	0	0	0	0	0	0	0	0	0	0	0	0	0	0
0	0	0	0	0	0	0	0	0	0	0	0	0	0	0	0	0	0
0	0	0	0	0	0	0	0	0	0	0	0	0	0	0	0	0	0
0	0	0	0	0	0	0	0	0	0	0	0	0	0	0	0	0	0
0	0	0	0	0	0	0	0	0	0	0	0	0	0	0	0	0	0
0	0	0	0	0	0	0	0	0	0	0	0	0	0	0	0	0	0
0	0	0	0	0	0	0	0	0	0	0	0	0	0	0	0	0	0
0	0	0	0	0	0	0	0	0	0	0	0	0	0	0	0	0	0
0	0	0	0	0	0	0	0	0	0	0	0	0	0	0	0	0	0
0	0	0	0	0	0	0	0	0	0	0	0	0	0	0	0	0	0
0	0	0	0	0	0	0	0	0	0	0	0	0	0	0	0	0	0
0	0	0	0	0	0	0	0	0	0	0	0	0	0	0	0	0	0
