1.05263157894737	0.0526315789473684	0	0	0	0	0.0175438596491228	0	0.0175438596491228	0	0	0	0	0	0	0	0	0
0	8.56896551724138	0.206896551724138	0	0	0.0344827586206897	0.120689655172414	0.103448275862069	0.103448275862069	0	0	0	0	0	0	0	0	0
0	0.0652173913043478	20.1086956521739	0.239130434782609	0	0	0.130434782608696	0.347826086956522	0	0.0434782608695652	0	0	0	0	0	0	0	0
0	0	0.152542372881356	13.6440677966102	0	0.135593220338983	0.254237288135593	0.491525423728814	0.101694915254237	0.0677966101694915	0	0	0	0	0	0	0	0
0	0	0	0	0	0	0	0	0	0	0	0	0	0	0	0	0	0
0	0	0	0	0	0	0	0	0	0	0	0	0	0	0	0	0	0
0	0	0	0	0	0	0	0	0	0	0	0	0	0	0	0	0	0
0	0	0	0	0	0	0	0	0	0	0	0	0	0	0	0	0	0
0	0	0	0	0	0	0	0	0	0	0	0	0	0	0	0	0	0
0	0	0	0	0	0	0	0	0	0	0	0	0	0	0	0	0	0
0	0	0	0	0	0	0	0	0	0	0	0	0	0	0	0	0	0
0	0	0	0	0	0	0	0	0	0	0	0	0	0	0	0	0	0
0	0	0	0	0	0	0	0	0	0	0	0	0	0	0	0	0	0
0	0	0	0	0	0	0	0	0	0	0	0	0	0	0	0	0	0
0	0	0	0	0	0	0	0	0	0	0	0	0	0	0	0	0	0
0	0	0	0	0	0	0	0	0	0	0	0	0	0	0	0	0	0
0	0	0	0	0	0	0	0	0	0	0	0	0	0	0	0	0	0
0	0	0	0	0	0	0	0	0	0	0	0	0	0	0	0	0	0
