4	0.0701754385964912	0	0	0	0	0.0350877192982456	0.192982456140351	0.087719298245614	0	0	0	0	0	0	0	0	0
0	9	0.0344827586206897	0	0	0	0.0517241379310345	0.189655172413793	0.0172413793103448	0	0	0	0	0	0	0	0	0
0	0.0869565217391304	12.8913043478261	0.41304347826087	0	0.0652173913043478	0.0869565217391304	0.152173913043478	0.0217391304347826	0.0652173913043478	0.0652173913043478	0	0	0	0	0	0	0
0	0	0.135593220338983	16.7627118644068	0	0.0847457627118644	0.322033898305085	0.593220338983051	0.135593220338983	0.0508474576271186	0	0	0	0	0	0	0	0
0	0	0	0	0	0	0	0	0	0	0	0	0	0	0	0	0	0
0	0	0	0	0	0	0	0	0	0	0	0	0	0	0	0	0	0
0	0	0	0	0	0	0	0	0	0	0	0	0	0	0	0	0	0
0	0	0	0	0	0	0	0	0	0	0	0	0	0	0	0	0	0
0	0	0	0	0	0	0	0	0	0	0	0	0	0	0	0	0	0
0	0	0	0	0	0	0	0	0	0	0	0	0	0	0	0	0	0
0	0	0	0	0	0	0	0	0	0	0	0	0	0	0	0	0	0
0	0	0	0	0	0	0	0	0	0	0	0	0	0	0	0	0	0
0	0	0	0	0	0	0	0	0	0	0	0	0	0	0	0	0	0
0	0	0	0	0	0	0	0	0	0	0	0	0	0	0	0	0	0
0	0	0	0	0	0	0	0	0	0	0	0	0	0	0	0	0	0
0	0	0	0	0	0	0	0	0	0	0	0	0	0	0	0	0	0
0	0	0	0	0	0	0	0	0	0	0	0	0	0	0	0	0	0
0	0	0	0	0	0	0	0	0	0	0	0	0	0	0	0	0	0
