3.01754385964912	0.087719298245614	0	0	0	0	0.0701754385964912	0.175438596491228	0.0701754385964912	0	0	0	0	0	0	0	0	0
0	8.31034482758621	0.206896551724138	0	0	0.0172413793103448	0.0689655172413793	0.224137931034483	0.0517241379310345	0	0	0	0	0	0	0	0	0
0	0	14.3695652173913	0.0652173913043478	0	0	0	0.0869565217391304	0	0.0217391304347826	0	0	0	0	0	0	0	0
0	0	0.355932203389831	15.4067796610169	0	0.101694915254237	0.355932203389831	0.457627118644068	0.135593220338983	0.0338983050847458	0	0	0	0	0	0	0	0
0	0	0	0	0	0	0	0	0	0	0	0	0	0	0	0	0	0
0	0	0	0	0	0	0	0	0	0	0	0	0	0	0	0	0	0
0	0	0	0	0	0	0	0	0	0	0	0	0	0	0	0	0	0
0	0	0	0	0	0	0	0	0	0	0	0	0	0	0	0	0	0
0	0	0	0	0	0	0	0	0	0	0	0	0	0	0	0	0	0
0	0	0	0	0	0	0	0	0	0	0	0	0	0	0	0	0	0
0	0	0	0	0	0	0	0	0	0	0	0	0	0	0	0	0	0
0	0	0	0	0	0	0	0	0	0	0	0	0	0	0	0	0	0
0	0	0	0	0	0	0	0	0	0	0	0	0	0	0	0	0	0
0	0	0	0	0	0	0	0	0	0	0	0	0	0	0	0	0	0
0	0	0	0	0	0	0	0	0	0	0	0	0	0	0	0	0	0
0	0	0	0	0	0	0	0	0	0	0	0	0	0	0	0	0	0
0	0	0	0	0	0	0	0	0	0	0	0	0	0	0	0	0	0
0	0	0	0	0	0	0	0	0	0	0	0	0	0	0	0	0	0
