3.63157894736842	0.12280701754386	0	0	0	0	0.0526315789473684	0.087719298245614	0.0526315789473684	0	0	0	0	0	0	0	0	0
0	6.31034482758621	0.103448275862069	0	0	0.0172413793103448	0.0517241379310345	0.0172413793103448	0.0517241379310345	0	0	0	0	0	0	0	0	0
0	0.173913043478261	15.1086956521739	0.543478260869565	0	0	0	0	0	0	0	0	0	0	0	0	0	0
0	0	0.23728813559322	15.0677966101695	0	0.0677966101694915	0.338983050847458	0.76271186440678	0.169491525423729	0.0677966101694915	0	0	0	0	0	0	0	0
0	0	0	0	0	0	0	0	0	0	0	0	0	0	0	0	0	0
0	0	0	0	0	0	0	0	0	0	0	0	0	0	0	0	0	0
0	0	0	0	0	0	0	0	0	0	0	0	0	0	0	0	0	0
0	0	0	0	0	0	0	0	0	0	0	0	0	0	0	0	0	0
0	0	0	0	0	0	0	0	0	0	0	0	0	0	0	0	0	0
0	0	0	0	0	0	0	0	0	0	0	0	0	0	0	0	0	0
0	0	0	0	0	0	0	0	0	0	0	0	0	0	0	0	0	0
0	0	0	0	0	0	0	0	0	0	0	0	0	0	0	0	0	0
0	0	0	0	0	0	0	0	0	0	0	0	0	0	0	0	0	0
0	0	0	0	0	0	0	0	0	0	0	0	0	0	0	0	0	0
0	0	0	0	0	0	0	0	0	0	0	0	0	0	0	0	0	0
0	0	0	0	0	0	0	0	0	0	0	0	0	0	0	0	0	0
0	0	0	0	0	0	0	0	0	0	0	0	0	0	0	0	0	0
0	0	0	0	0	0	0	0	0	0	0	0	0	0	0	0	0	0
