0.771929824561403	0.105263157894737	0	0	0	0	0	0	0	0	0	0	0	0	0	0	0	0
0	8.24137931034483	0.137931034482759	0	0	0.0344827586206897	0.0689655172413793	0.0344827586206897	0.0689655172413793	0	0	0	0	0	0	0	0	0
0	0.326086956521739	14.695652173913	0.434782608695652	0	0.0217391304347826	0.0652173913043478	0.217391304347826	0	0.0434782608695652	0.0217391304347826	0	0	0	0	0	0	0
0	0	0.254237288135593	15.0169491525424	0	0.11864406779661	0.305084745762712	0.406779661016949	0.135593220338983	0.0677966101694915	0	0	0	0	0	0	0	0
0	0	0	0	0	0	0	0	0	0	0	0	0	0	0	0	0	0
0	0	0	0	0	0	0	0	0	0	0	0	0	0	0	0	0	0
0	0	0	0	0	0	0	0	0	0	0	0	0	0	0	0	0	0
0	0	0	0	0	0	0	0	0	0	0	0	0	0	0	0	0	0
0	0	0	0	0	0	0	0	0	0	0	0	0	0	0	0	0	0
0	0	0	0	0	0	0	0	0	0	0	0	0	0	0	0	0	0
0	0	0	0	0	0	0	0	0	0	0	0	0	0	0	0	0	0
0	0	0	0	0	0	0	0	0	0	0	0	0	0	0	0	0	0
0	0	0	0	0	0	0	0	0	0	0	0	0	0	0	0	0	0
0	0	0	0	0	0	0	0	0	0	0	0	0	0	0	0	0	0
0	0	0	0	0	0	0	0	0	0	0	0	0	0	0	0	0	0
0	0	0	0	0	0	0	0	0	0	0	0	0	0	0	0	0	0
0	0	0	0	0	0	0	0	0	0	0	0	0	0	0	0	0	0
0	0	0	0	0	0	0	0	0	0	0	0	0	0	0	0	0	0
