2.10526315789474	0.087719298245614	0	0	0	0	0.0701754385964912	0.140350877192982	0.0526315789473684	0	0	0	0	0	0	0	0	0
0	8.1551724137931	0.0689655172413793	0	0	0	0.0517241379310345	0.172413793103448	0	0	0	0	0	0	0	0	0	0
0	0.41304347826087	16.2608695652174	0.195652173913043	0	0.0217391304347826	0.0652173913043478	0.152173913043478	0	0.0217391304347826	0.0217391304347826	0	0	0	0	0	0	0
0	0	0.389830508474576	17.4237288135593	0	0.0508474576271186	0.271186440677966	0.627118644067797	0.186440677966102	0.0508474576271186	0	0	0	0	0	0	0	0
0	0	0	0	0	0	0	0	0	0	0	0	0	0	0	0	0	0
0	0	0	0	0	0	0	0	0	0	0	0	0	0	0	0	0	0
0	0	0	0	0	0	0	0	0	0	0	0	0	0	0	0	0	0
0	0	0	0	0	0	0	0	0	0	0	0	0	0	0	0	0	0
0	0	0	0	0	0	0	0	0	0	0	0	0	0	0	0	0	0
0	0	0	0	0	0	0	0	0	0	0	0	0	0	0	0	0	0
0	0	0	0	0	0	0	0	0	0	0	0	0	0	0	0	0	0
0	0	0	0	0	0	0	0	0	0	0	0	0	0	0	0	0	0
0	0	0	0	0	0	0	0	0	0	0	0	0	0	0	0	0	0
0	0	0	0	0	0	0	0	0	0	0	0	0	0	0	0	0	0
0	0	0	0	0	0	0	0	0	0	0	0	0	0	0	0	0	0
0	0	0	0	0	0	0	0	0	0	0	0	0	0	0	0	0	0
0	0	0	0	0	0	0	0	0	0	0	0	0	0	0	0	0	0
0	0	0	0	0	0	0	0	0	0	0	0	0	0	0	0	0	0
