3.33333333333333	0.0526315789473684	0	0	0	0	0.0526315789473684	0.0701754385964912	0.087719298245614	0	0	0	0	0	0	0	0	0
0	10.4827586206897	0.172413793103448	0	0	0.0172413793103448	0.0689655172413793	0.155172413793103	0.0517241379310345	0	0	0	0	0	0	0	0	0
0	0.260869565217391	14.9782608695652	0.369565217391304	0	0	0.0652173913043478	0	0.0652173913043478	0	0	0	0	0	0	0	0	0
0	0	0.101694915254237	11.4237288135593	0	0.0677966101694915	0.322033898305085	0.491525423728814	0.135593220338983	0.0508474576271186	0	0	0	0	0	0	0	0
0	0	0	0	0	0	0	0	0	0	0	0	0	0	0	0	0	0
0	0	0	0	0	0	0	0	0	0	0	0	0	0	0	0	0	0
0	0	0	0	0	0	0	0	0	0	0	0	0	0	0	0	0	0
0	0	0	0	0	0	0	0	0	0	0	0	0	0	0	0	0	0
0	0	0	0	0	0	0	0	0	0	0	0	0	0	0	0	0	0
0	0	0	0	0	0	0	0	0	0	0	0	0	0	0	0	0	0
0	0	0	0	0	0	0	0	0	0	0	0	0	0	0	0	0	0
0	0	0	0	0	0	0	0	0	0	0	0	0	0	0	0	0	0
0	0	0	0	0	0	0	0	0	0	0	0	0	0	0	0	0	0
0	0	0	0	0	0	0	0	0	0	0	0	0	0	0	0	0	0
0	0	0	0	0	0	0	0	0	0	0	0	0	0	0	0	0	0
0	0	0	0	0	0	0	0	0	0	0	0	0	0	0	0	0	0
0	0	0	0	0	0	0	0	0	0	0	0	0	0	0	0	0	0
0	0	0	0	0	0	0	0	0	0	0	0	0	0	0	0	0	0
