2.52631578947368	0.12280701754386	0	0	0	0	0.0350877192982456	0.087719298245614	0.0350877192982456	0	0	0	0	0	0	0	0	0
0	8.08620689655172	0.0344827586206897	0	0	0	0.0517241379310345	0.258620689655172	0.0172413793103448	0	0	0	0	0	0	0	0	0
0	0.41304347826087	16.5652173913043	0.282608695652174	0	0	0.0434782608695652	0.217391304347826	0	0.0434782608695652	0	0	0	0	0	0	0	0
0	0	0.203389830508475	14.4915254237288	0	0.0338983050847458	0.169491525423729	0.440677966101695	0.11864406779661	0.0169491525423729	0	0	0	0	0	0	0	0
0	0	0	0	0	0	0	0	0	0	0	0	0	0	0	0	0	0
0	0	0	0	0	0	0	0	0	0	0	0	0	0	0	0	0	0
0	0	0	0	0	0	0	0	0	0	0	0	0	0	0	0	0	0
0	0	0	0	0	0	0	0	0	0	0	0	0	0	0	0	0	0
0	0	0	0	0	0	0	0	0	0	0	0	0	0	0	0	0	0
0	0	0	0	0	0	0	0	0	0	0	0	0	0	0	0	0	0
0	0	0	0	0	0	0	0	0	0	0	0	0	0	0	0	0	0
0	0	0	0	0	0	0	0	0	0	0	0	0	0	0	0	0	0
0	0	0	0	0	0	0	0	0	0	0	0	0	0	0	0	0	0
0	0	0	0	0	0	0	0	0	0	0	0	0	0	0	0	0	0
0	0	0	0	0	0	0	0	0	0	0	0	0	0	0	0	0	0
0	0	0	0	0	0	0	0	0	0	0	0	0	0	0	0	0	0
0	0	0	0	0	0	0	0	0	0	0	0	0	0	0	0	0	0
0	0	0	0	0	0	0	0	0	0	0	0	0	0	0	0	0	0
