2.40350877192982	0.192982456140351	0	0	0	0	0.0701754385964912	0.105263157894737	0.0350877192982456	0	0	0	0	0	0	0	0	0
0	8.91379310344828	0.0689655172413793	0	0	0	0.0517241379310345	0.482758620689655	0	0	0	0	0	0	0	0	0	0
0	0.347826086956522	15.804347826087	0.326086956521739	0	0	0.0652173913043478	0.130434782608696	0.0217391304347826	0	0	0	0	0	0	0	0	0
0	0	0.186440677966102	12.5423728813559	0	0	0.135593220338983	0.11864406779661	0.101694915254237	0	0	0	0	0	0	0	0	0
0	0	0	0	0	0	0	0	0	0	0	0	0	0	0	0	0	0
0	0	0	0	0	0	0	0	0	0	0	0	0	0	0	0	0	0
0	0	0	0	0	0	0	0	0	0	0	0	0	0	0	0	0	0
0	0	0	0	0	0	0	0	0	0	0	0	0	0	0	0	0	0
0	0	0	0	0	0	0	0	0	0	0	0	0	0	0	0	0	0
0	0	0	0	0	0	0	0	0	0	0	0	0	0	0	0	0	0
0	0	0	0	0	0	0	0	0	0	0	0	0	0	0	0	0	0
0	0	0	0	0	0	0	0	0	0	0	0	0	0	0	0	0	0
0	0	0	0	0	0	0	0	0	0	0	0	0	0	0	0	0	0
0	0	0	0	0	0	0	0	0	0	0	0	0	0	0	0	0	0
0	0	0	0	0	0	0	0	0	0	0	0	0	0	0	0	0	0
0	0	0	0	0	0	0	0	0	0	0	0	0	0	0	0	0	0
0	0	0	0	0	0	0	0	0	0	0	0	0	0	0	0	0	0
0	0	0	0	0	0	0	0	0	0	0	0	0	0	0	0	0	0
