1.82456140350877	0.157894736842105	0	0	0	0	0.0175438596491228	0	0.0175438596491228	0	0	0	0	0	0	0	0	0
0	7.79310344827586	0.103448275862069	0	0	0.0344827586206897	0.0517241379310345	0.0344827586206897	0.0689655172413793	0	0	0	0	0	0	0	0	0
0	0.0217391304347826	18.0434782608696	0.304347826086957	0	0	0.0434782608695652	0.239130434782609	0	0.0434782608695652	0	0	0	0	0	0	0	0
0	0	0.406779661016949	16.8305084745763	0	0.11864406779661	0.338983050847458	0.677966101694915	0.186440677966102	0.0169491525423729	0	0	0	0	0	0	0	0
0	0	0	0	0	0	0	0	0	0	0	0	0	0	0	0	0	0
0	0	0	0	0	0	0	0	0	0	0	0	0	0	0	0	0	0
0	0	0	0	0	0	0	0	0	0	0	0	0	0	0	0	0	0
0	0	0	0	0	0	0	0	0	0	0	0	0	0	0	0	0	0
0	0	0	0	0	0	0	0	0	0	0	0	0	0	0	0	0	0
0	0	0	0	0	0	0	0	0	0	0	0	0	0	0	0	0	0
0	0	0	0	0	0	0	0	0	0	0	0	0	0	0	0	0	0
0	0	0	0	0	0	0	0	0	0	0	0	0	0	0	0	0	0
0	0	0	0	0	0	0	0	0	0	0	0	0	0	0	0	0	0
0	0	0	0	0	0	0	0	0	0	0	0	0	0	0	0	0	0
0	0	0	0	0	0	0	0	0	0	0	0	0	0	0	0	0	0
0	0	0	0	0	0	0	0	0	0	0	0	0	0	0	0	0	0
0	0	0	0	0	0	0	0	0	0	0	0	0	0	0	0	0	0
0	0	0	0	0	0	0	0	0	0	0	0	0	0	0	0	0	0
