3.28070175438596	0.0526315789473684	0	0	0	0	0.0175438596491228	0.0350877192982456	0.0350877192982456	0	0	0	0	0	0	0	0	0
0	11.9310344827586	0.310344827586207	0	0	0.0172413793103448	0.103448275862069	0.344827586206897	0.0689655172413793	0	0	0	0	0	0	0	0	0
0	0.543478260869565	15.7826086956522	0.282608695652174	0	0	0.108695652173913	0.0652173913043478	0.0652173913043478	0	0	0	0	0	0	0	0	0
0	0	0.169491525423729	14.9322033898305	0	0.11864406779661	0.220338983050847	0.661016949152542	0.152542372881356	0.0338983050847458	0	0	0	0	0	0	0	0
0	0	0	0	0	0	0	0	0	0	0	0	0	0	0	0	0	0
0	0	0	0	0	0	0	0	0	0	0	0	0	0	0	0	0	0
0	0	0	0	0	0	0	0	0	0	0	0	0	0	0	0	0	0
0	0	0	0	0	0	0	0	0	0	0	0	0	0	0	0	0	0
0	0	0	0	0	0	0	0	0	0	0	0	0	0	0	0	0	0
0	0	0	0	0	0	0	0	0	0	0	0	0	0	0	0	0	0
0	0	0	0	0	0	0	0	0	0	0	0	0	0	0	0	0	0
0	0	0	0	0	0	0	0	0	0	0	0	0	0	0	0	0	0
0	0	0	0	0	0	0	0	0	0	0	0	0	0	0	0	0	0
0	0	0	0	0	0	0	0	0	0	0	0	0	0	0	0	0	0
0	0	0	0	0	0	0	0	0	0	0	0	0	0	0	0	0	0
0	0	0	0	0	0	0	0	0	0	0	0	0	0	0	0	0	0
0	0	0	0	0	0	0	0	0	0	0	0	0	0	0	0	0	0
0	0	0	0	0	0	0	0	0	0	0	0	0	0	0	0	0	0
