2.3859649122807	0.228070175438596	0	0	0	0	0.0350877192982456	0.0526315789473684	0.0175438596491228	0	0	0	0	0	0	0	0	0
0	7.81034482758621	0.241379310344828	0	0	0.0172413793103448	0.0689655172413793	0.0689655172413793	0.0344827586206897	0	0	0	0	0	0	0	0	0
0	0.173913043478261	12.9347826086957	0.391304347826087	0	0.0217391304347826	0.0217391304347826	0.130434782608696	0	0.0434782608695652	0.0217391304347826	0	0	0	0	0	0	0
0	0	0.338983050847458	14.8305084745763	0	0.0169491525423729	0.169491525423729	0.203389830508475	0.0508474576271186	0.0508474576271186	0	0	0	0	0	0	0	0
0	0	0	0	0	0	0	0	0	0	0	0	0	0	0	0	0	0
0	0	0	0	0	0	0	0	0	0	0	0	0	0	0	0	0	0
0	0	0	0	0	0	0	0	0	0	0	0	0	0	0	0	0	0
0	0	0	0	0	0	0	0	0	0	0	0	0	0	0	0	0	0
0	0	0	0	0	0	0	0	0	0	0	0	0	0	0	0	0	0
0	0	0	0	0	0	0	0	0	0	0	0	0	0	0	0	0	0
0	0	0	0	0	0	0	0	0	0	0	0	0	0	0	0	0	0
0	0	0	0	0	0	0	0	0	0	0	0	0	0	0	0	0	0
0	0	0	0	0	0	0	0	0	0	0	0	0	0	0	0	0	0
0	0	0	0	0	0	0	0	0	0	0	0	0	0	0	0	0	0
0	0	0	0	0	0	0	0	0	0	0	0	0	0	0	0	0	0
0	0	0	0	0	0	0	0	0	0	0	0	0	0	0	0	0	0
0	0	0	0	0	0	0	0	0	0	0	0	0	0	0	0	0	0
0	0	0	0	0	0	0	0	0	0	0	0	0	0	0	0	0	0
