2.78947368421053	0.0526315789473684	0	0	0	0	0.12280701754386	0.192982456140351	0.087719298245614	0	0	0	0	0	0	0	0	0
0	8.8448275862069	0.172413793103448	0	0	0.0172413793103448	0.0689655172413793	0.275862068965517	0.0689655172413793	0	0	0	0	0	0	0	0	0
0	0.478260869565217	14.8695652173913	0.239130434782609	0	0	0.0217391304347826	0.0217391304347826	0.0217391304347826	0	0	0	0	0	0	0	0	0
0	0	0.457627118644068	17.3728813559322	0	0.0338983050847458	0.203389830508475	0.661016949152542	0.101694915254237	0.0677966101694915	0	0	0	0	0	0	0	0
0	0	0	0	0	0	0	0	0	0	0	0	0	0	0	0	0	0
0	0	0	0	0	0	0	0	0	0	0	0	0	0	0	0	0	0
0	0	0	0	0	0	0	0	0	0	0	0	0	0	0	0	0	0
0	0	0	0	0	0	0	0	0	0	0	0	0	0	0	0	0	0
0	0	0	0	0	0	0	0	0	0	0	0	0	0	0	0	0	0
0	0	0	0	0	0	0	0	0	0	0	0	0	0	0	0	0	0
0	0	0	0	0	0	0	0	0	0	0	0	0	0	0	0	0	0
0	0	0	0	0	0	0	0	0	0	0	0	0	0	0	0	0	0
0	0	0	0	0	0	0	0	0	0	0	0	0	0	0	0	0	0
0	0	0	0	0	0	0	0	0	0	0	0	0	0	0	0	0	0
0	0	0	0	0	0	0	0	0	0	0	0	0	0	0	0	0	0
0	0	0	0	0	0	0	0	0	0	0	0	0	0	0	0	0	0
0	0	0	0	0	0	0	0	0	0	0	0	0	0	0	0	0	0
0	0	0	0	0	0	0	0	0	0	0	0	0	0	0	0	0	0
