2.47368421052632	0.175438596491228	0	0	0	0	0.0350877192982456	0.087719298245614	0.0350877192982456	0	0	0	0	0	0	0	0	0
0	6.8448275862069	0.103448275862069	0	0	0.0172413793103448	0.0862068965517241	0.0862068965517241	0.0517241379310345	0	0	0	0	0	0	0	0	0
0	0.239130434782609	14.2608695652174	0.195652173913043	0	0.0217391304347826	0.0217391304347826	0.0869565217391304	0	0.0217391304347826	0.0217391304347826	0	0	0	0	0	0	0
0	0	0.101694915254237	14.135593220339	0	0.135593220338983	0.406779661016949	0.694915254237288	0.220338983050847	0.101694915254237	0	0	0	0	0	0	0	0
0	0	0	0	0	0	0	0	0	0	0	0	0	0	0	0	0	0
0	0	0	0	0	0	0	0	0	0	0	0	0	0	0	0	0	0
0	0	0	0	0	0	0	0	0	0	0	0	0	0	0	0	0	0
0	0	0	0	0	0	0	0	0	0	0	0	0	0	0	0	0	0
0	0	0	0	0	0	0	0	0	0	0	0	0	0	0	0	0	0
0	0	0	0	0	0	0	0	0	0	0	0	0	0	0	0	0	0
0	0	0	0	0	0	0	0	0	0	0	0	0	0	0	0	0	0
0	0	0	0	0	0	0	0	0	0	0	0	0	0	0	0	0	0
0	0	0	0	0	0	0	0	0	0	0	0	0	0	0	0	0	0
0	0	0	0	0	0	0	0	0	0	0	0	0	0	0	0	0	0
0	0	0	0	0	0	0	0	0	0	0	0	0	0	0	0	0	0
0	0	0	0	0	0	0	0	0	0	0	0	0	0	0	0	0	0
0	0	0	0	0	0	0	0	0	0	0	0	0	0	0	0	0	0
0	0	0	0	0	0	0	0	0	0	0	0	0	0	0	0	0	0
