2.75438596491228	0.12280701754386	0	0	0	0	0.0526315789473684	0.087719298245614	0.0526315789473684	0	0	0	0	0	0	0	0	0
0	4.86206896551724	0.103448275862069	0	0	0	0.0172413793103448	0	0	0	0	0	0	0	0	0	0	0
0	0.173913043478261	12.195652173913	0.173913043478261	0	0.0217391304347826	0.0652173913043478	0.0434782608695652	0.0434782608695652	0.0217391304347826	0.0217391304347826	0	0	0	0	0	0	0
0	0	0.220338983050847	13.6101694915254	0	0.11864406779661	0.288135593220339	0.491525423728814	0.169491525423729	0.0169491525423729	0	0	0	0	0	0	0	0
0	0	0	0	0	0	0	0	0	0	0	0	0	0	0	0	0	0
0	0	0	0	0	0	0	0	0	0	0	0	0	0	0	0	0	0
0	0	0	0	0	0	0	0	0	0	0	0	0	0	0	0	0	0
0	0	0	0	0	0	0	0	0	0	0	0	0	0	0	0	0	0
0	0	0	0	0	0	0	0	0	0	0	0	0	0	0	0	0	0
0	0	0	0	0	0	0	0	0	0	0	0	0	0	0	0	0	0
0	0	0	0	0	0	0	0	0	0	0	0	0	0	0	0	0	0
0	0	0	0	0	0	0	0	0	0	0	0	0	0	0	0	0	0
0	0	0	0	0	0	0	0	0	0	0	0	0	0	0	0	0	0
0	0	0	0	0	0	0	0	0	0	0	0	0	0	0	0	0	0
0	0	0	0	0	0	0	0	0	0	0	0	0	0	0	0	0	0
0	0	0	0	0	0	0	0	0	0	0	0	0	0	0	0	0	0
0	0	0	0	0	0	0	0	0	0	0	0	0	0	0	0	0	0
0	0	0	0	0	0	0	0	0	0	0	0	0	0	0	0	0	0
