3.45614035087719	0.105263157894737	0	0	0	0	0.0350877192982456	0.0350877192982456	0.0526315789473684	0	0	0	0	0	0	0	0	0
0	10.8620689655172	0.448275862068966	0	0	0	0.0862068965517241	0.275862068965517	0	0	0	0	0	0	0	0	0	0
0	0.347826086956522	15.5434782608696	0.217391304347826	0	0	0.0869565217391304	0.130434782608696	0	0	0	0	0	0	0	0	0	0
0	0	0.11864406779661	9.61016949152542	0	0.0508474576271186	0.254237288135593	0.627118644067797	0.101694915254237	0.0338983050847458	0	0	0	0	0	0	0	0
0	0	0	0	0	0	0	0	0	0	0	0	0	0	0	0	0	0
0	0	0	0	0	0	0	0	0	0	0	0	0	0	0	0	0	0
0	0	0	0	0	0	0	0	0	0	0	0	0	0	0	0	0	0
0	0	0	0	0	0	0	0	0	0	0	0	0	0	0	0	0	0
0	0	0	0	0	0	0	0	0	0	0	0	0	0	0	0	0	0
0	0	0	0	0	0	0	0	0	0	0	0	0	0	0	0	0	0
0	0	0	0	0	0	0	0	0	0	0	0	0	0	0	0	0	0
0	0	0	0	0	0	0	0	0	0	0	0	0	0	0	0	0	0
0	0	0	0	0	0	0	0	0	0	0	0	0	0	0	0	0	0
0	0	0	0	0	0	0	0	0	0	0	0	0	0	0	0	0	0
0	0	0	0	0	0	0	0	0	0	0	0	0	0	0	0	0	0
0	0	0	0	0	0	0	0	0	0	0	0	0	0	0	0	0	0
0	0	0	0	0	0	0	0	0	0	0	0	0	0	0	0	0	0
0	0	0	0	0	0	0	0	0	0	0	0	0	0	0	0	0	0
