1.14035087719298	0	0	0	0	0	0.0175438596491228	0.0350877192982456	0.0350877192982456	0	0	0	0	0	0	0	0	0
0	7.43103448275862	0.310344827586207	0	0	0	0.0172413793103448	0.241379310344828	0	0	0	0	0	0	0	0	0	0
0	0.326086956521739	16.5	0.347826086956522	0	0.0217391304347826	0.0434782608695652	0.195652173913043	0.0217391304347826	0.0652173913043478	0.0217391304347826	0	0	0	0	0	0	0
0	0	0.406779661016949	15.3728813559322	0	0.0508474576271186	0.355932203389831	0.525423728813559	0.11864406779661	0.0677966101694915	0	0	0	0	0	0	0	0
0	0	0	0	0	0	0	0	0	0	0	0	0	0	0	0	0	0
0	0	0	0	0	0	0	0	0	0	0	0	0	0	0	0	0	0
0	0	0	0	0	0	0	0	0	0	0	0	0	0	0	0	0	0
0	0	0	0	0	0	0	0	0	0	0	0	0	0	0	0	0	0
0	0	0	0	0	0	0	0	0	0	0	0	0	0	0	0	0	0
0	0	0	0	0	0	0	0	0	0	0	0	0	0	0	0	0	0
0	0	0	0	0	0	0	0	0	0	0	0	0	0	0	0	0	0
0	0	0	0	0	0	0	0	0	0	0	0	0	0	0	0	0	0
0	0	0	0	0	0	0	0	0	0	0	0	0	0	0	0	0	0
0	0	0	0	0	0	0	0	0	0	0	0	0	0	0	0	0	0
0	0	0	0	0	0	0	0	0	0	0	0	0	0	0	0	0	0
0	0	0	0	0	0	0	0	0	0	0	0	0	0	0	0	0	0
0	0	0	0	0	0	0	0	0	0	0	0	0	0	0	0	0	0
0	0	0	0	0	0	0	0	0	0	0	0	0	0	0	0	0	0
