1.35087719298246	0.0175438596491228	0	0	0	0	0.0350877192982456	0.12280701754386	0.0526315789473684	0	0	0	0	0	0	0	0	0
0	7.6551724137931	0.172413793103448	0	0	0	0.0517241379310345	0.0689655172413793	0.0344827586206897	0	0	0	0	0	0	0	0	0
0	0.565217391304348	14.1086956521739	0.239130434782609	0	0.0434782608695652	0.0652173913043478	0.195652173913043	0.0217391304347826	0.0652173913043478	0.0434782608695652	0	0	0	0	0	0	0
0	0	0.305084745762712	15.2033898305085	0	0.0847457627118644	0.322033898305085	0.728813559322034	0.101694915254237	0.0338983050847458	0	0	0	0	0	0	0	0
0	0	0	0	0	0	0	0	0	0	0	0	0	0	0	0	0	0
0	0	0	0	0	0	0	0	0	0	0	0	0	0	0	0	0	0
0	0	0	0	0	0	0	0	0	0	0	0	0	0	0	0	0	0
0	0	0	0	0	0	0	0	0	0	0	0	0	0	0	0	0	0
0	0	0	0	0	0	0	0	0	0	0	0	0	0	0	0	0	0
0	0	0	0	0	0	0	0	0	0	0	0	0	0	0	0	0	0
0	0	0	0	0	0	0	0	0	0	0	0	0	0	0	0	0	0
0	0	0	0	0	0	0	0	0	0	0	0	0	0	0	0	0	0
0	0	0	0	0	0	0	0	0	0	0	0	0	0	0	0	0	0
0	0	0	0	0	0	0	0	0	0	0	0	0	0	0	0	0	0
0	0	0	0	0	0	0	0	0	0	0	0	0	0	0	0	0	0
0	0	0	0	0	0	0	0	0	0	0	0	0	0	0	0	0	0
0	0	0	0	0	0	0	0	0	0	0	0	0	0	0	0	0	0
0	0	0	0	0	0	0	0	0	0	0	0	0	0	0	0	0	0
