2.54385964912281	0.0526315789473684	0	0	0	0	0.140350877192982	0.157894736842105	0.087719298245614	0	0	0	0	0	0	0	0	0
0	7.18965517241379	0.137931034482759	0	0	0.0344827586206897	0.0862068965517241	0.0689655172413793	0.0689655172413793	0	0	0	0	0	0	0	0	0
0	0.173913043478261	12.804347826087	0.0652173913043478	0	0.0434782608695652	0.0434782608695652	0.152173913043478	0	0.0652173913043478	0.0434782608695652	0	0	0	0	0	0	0
0	0	0.203389830508475	10.8305084745763	0	0.0508474576271186	0.338983050847458	0.288135593220339	0.203389830508475	0.0508474576271186	0	0	0	0	0	0	0	0
0	0	0	0	0	0	0	0	0	0	0	0	0	0	0	0	0	0
0	0	0	0	0	0	0	0	0	0	0	0	0	0	0	0	0	0
0	0	0	0	0	0	0	0	0	0	0	0	0	0	0	0	0	0
0	0	0	0	0	0	0	0	0	0	0	0	0	0	0	0	0	0
0	0	0	0	0	0	0	0	0	0	0	0	0	0	0	0	0	0
0	0	0	0	0	0	0	0	0	0	0	0	0	0	0	0	0	0
0	0	0	0	0	0	0	0	0	0	0	0	0	0	0	0	0	0
0	0	0	0	0	0	0	0	0	0	0	0	0	0	0	0	0	0
0	0	0	0	0	0	0	0	0	0	0	0	0	0	0	0	0	0
0	0	0	0	0	0	0	0	0	0	0	0	0	0	0	0	0	0
0	0	0	0	0	0	0	0	0	0	0	0	0	0	0	0	0	0
0	0	0	0	0	0	0	0	0	0	0	0	0	0	0	0	0	0
0	0	0	0	0	0	0	0	0	0	0	0	0	0	0	0	0	0
0	0	0	0	0	0	0	0	0	0	0	0	0	0	0	0	0	0
