2.31578947368421	0.315789473684211	0	0	0	0	0	0	0	0	0	0	0	0	0	0	0	0
0	7.06896551724138	0.137931034482759	0	0	0.0344827586206897	0.0689655172413793	0.0344827586206897	0.0689655172413793	0	0	0	0	0	0	0	0	0
0	0.304347826086957	18.8695652173913	0.521739130434783	0	0.0217391304347826	0.173913043478261	0.304347826086957	0.0217391304347826	0.0434782608695652	0.0217391304347826	0	0	0	0	0	0	0
0	0	0.220338983050847	13.3050847457627	0	0	0.203389830508475	0.661016949152542	0.101694915254237	0.0169491525423729	0	0	0	0	0	0	0	0
0	0	0	0	0	0	0	0	0	0	0	0	0	0	0	0	0	0
0	0	0	0	0	0	0	0	0	0	0	0	0	0	0	0	0	0
0	0	0	0	0	0	0	0	0	0	0	0	0	0	0	0	0	0
0	0	0	0	0	0	0	0	0	0	0	0	0	0	0	0	0	0
0	0	0	0	0	0	0	0	0	0	0	0	0	0	0	0	0	0
0	0	0	0	0	0	0	0	0	0	0	0	0	0	0	0	0	0
0	0	0	0	0	0	0	0	0	0	0	0	0	0	0	0	0	0
0	0	0	0	0	0	0	0	0	0	0	0	0	0	0	0	0	0
0	0	0	0	0	0	0	0	0	0	0	0	0	0	0	0	0	0
0	0	0	0	0	0	0	0	0	0	0	0	0	0	0	0	0	0
0	0	0	0	0	0	0	0	0	0	0	0	0	0	0	0	0	0
0	0	0	0	0	0	0	0	0	0	0	0	0	0	0	0	0	0
0	0	0	0	0	0	0	0	0	0	0	0	0	0	0	0	0	0
0	0	0	0	0	0	0	0	0	0	0	0	0	0	0	0	0	0
