0.771929824561403	0.105263157894737	0	0	0	0	0	0	0	0	0	0	0	0	0	0	0	0
0	6.96551724137931	0.310344827586207	0	0	0.0172413793103448	0.0689655172413793	0.0689655172413793	0.0344827586206897	0	0	0	0	0	0	0	0	0
0	0.282608695652174	15.2608695652174	0.326086956521739	0	0	0.108695652173913	0.0869565217391304	0.0652173913043478	0	0	0	0	0	0	0	0	0
0	0	0.186440677966102	12.4576271186441	0	0.0847457627118644	0.203389830508475	0.576271186440678	0.101694915254237	0.0677966101694915	0	0	0	0	0	0	0	0
0	0	0	0	0	0	0	0	0	0	0	0	0	0	0	0	0	0
0	0	0	0	0	0	0	0	0	0	0	0	0	0	0	0	0	0
0	0	0	0	0	0	0	0	0	0	0	0	0	0	0	0	0	0
0	0	0	0	0	0	0	0	0	0	0	0	0	0	0	0	0	0
0	0	0	0	0	0	0	0	0	0	0	0	0	0	0	0	0	0
0	0	0	0	0	0	0	0	0	0	0	0	0	0	0	0	0	0
0	0	0	0	0	0	0	0	0	0	0	0	0	0	0	0	0	0
0	0	0	0	0	0	0	0	0	0	0	0	0	0	0	0	0	0
0	0	0	0	0	0	0	0	0	0	0	0	0	0	0	0	0	0
0	0	0	0	0	0	0	0	0	0	0	0	0	0	0	0	0	0
0	0	0	0	0	0	0	0	0	0	0	0	0	0	0	0	0	0
0	0	0	0	0	0	0	0	0	0	0	0	0	0	0	0	0	0
0	0	0	0	0	0	0	0	0	0	0	0	0	0	0	0	0	0
0	0	0	0	0	0	0	0	0	0	0	0	0	0	0	0	0	0
