3.59649122807018	0.140350877192982	0	0	0	0	0.087719298245614	0.140350877192982	0.0701754385964912	0	0	0	0	0	0	0	0	0
0	10.1379310344828	0.241379310344828	0	0	0.0172413793103448	0.137931034482759	0.310344827586207	0.103448275862069	0	0	0	0	0	0	0	0	0
0	0.608695652173913	19.1739130434783	0.391304347826087	0	0	0.152173913043478	0.217391304347826	0.0217391304347826	0	0	0	0	0	0	0	0	0
0	0	0.389830508474576	15.6779661016949	0	0.0677966101694915	0.355932203389831	0.542372881355932	0.152542372881356	0.0847457627118644	0	0	0	0	0	0	0	0
0	0	0	0	0	0	0	0	0	0	0	0	0	0	0	0	0	0
0	0	0	0	0	0	0	0	0	0	0	0	0	0	0	0	0	0
0	0	0	0	0	0	0	0	0	0	0	0	0	0	0	0	0	0
0	0	0	0	0	0	0	0	0	0	0	0	0	0	0	0	0	0
0	0	0	0	0	0	0	0	0	0	0	0	0	0	0	0	0	0
0	0	0	0	0	0	0	0	0	0	0	0	0	0	0	0	0	0
0	0	0	0	0	0	0	0	0	0	0	0	0	0	0	0	0	0
0	0	0	0	0	0	0	0	0	0	0	0	0	0	0	0	0	0
0	0	0	0	0	0	0	0	0	0	0	0	0	0	0	0	0	0
0	0	0	0	0	0	0	0	0	0	0	0	0	0	0	0	0	0
0	0	0	0	0	0	0	0	0	0	0	0	0	0	0	0	0	0
0	0	0	0	0	0	0	0	0	0	0	0	0	0	0	0	0	0
0	0	0	0	0	0	0	0	0	0	0	0	0	0	0	0	0	0
0	0	0	0	0	0	0	0	0	0	0	0	0	0	0	0	0	0
