1.17543859649123	0.12280701754386	0	0	0	0	0.0350877192982456	0.0526315789473684	0.0175438596491228	0	0	0	0	0	0	0	0	0
0	7.18965517241379	0	0	0	0	0.0689655172413793	0.155172413793103	0.0172413793103448	0	0	0	0	0	0	0	0	0
0	0.41304347826087	11.5652173913043	0.152173913043478	0	0	0.0652173913043478	0.108695652173913	0.0217391304347826	0	0	0	0	0	0	0	0	0
0	0	0.101694915254237	11.3898305084746	0	0.0677966101694915	0.186440677966102	0.355932203389831	0.0847457627118644	0.0677966101694915	0	0	0	0	0	0	0	0
0	0	0	0	0	0	0	0	0	0	0	0	0	0	0	0	0	0
0	0	0	0	0	0	0	0	0	0	0	0	0	0	0	0	0	0
0	0	0	0	0	0	0	0	0	0	0	0	0	0	0	0	0	0
0	0	0	0	0	0	0	0	0	0	0	0	0	0	0	0	0	0
0	0	0	0	0	0	0	0	0	0	0	0	0	0	0	0	0	0
0	0	0	0	0	0	0	0	0	0	0	0	0	0	0	0	0	0
0	0	0	0	0	0	0	0	0	0	0	0	0	0	0	0	0	0
0	0	0	0	0	0	0	0	0	0	0	0	0	0	0	0	0	0
0	0	0	0	0	0	0	0	0	0	0	0	0	0	0	0	0	0
0	0	0	0	0	0	0	0	0	0	0	0	0	0	0	0	0	0
0	0	0	0	0	0	0	0	0	0	0	0	0	0	0	0	0	0
0	0	0	0	0	0	0	0	0	0	0	0	0	0	0	0	0	0
0	0	0	0	0	0	0	0	0	0	0	0	0	0	0	0	0	0
0	0	0	0	0	0	0	0	0	0	0	0	0	0	0	0	0	0
