0.824561403508772	0.0526315789473684	0	0	0	0	0	0	0	0	0	0	0	0	0	0	0	0
0	9.58620689655172	0.206896551724138	0	0	0.0172413793103448	0.0517241379310345	0.120689655172414	0.0517241379310345	0	0	0	0	0	0	0	0	0
0	0.195652173913043	13.3260869565217	0.195652173913043	0	0.0217391304347826	0.108695652173913	0.173913043478261	0	0.0217391304347826	0.0217391304347826	0	0	0	0	0	0	0
0	0	0.169491525423729	15.7796610169492	0	0.135593220338983	0.305084745762712	0.677966101694915	0.169491525423729	0.0338983050847458	0	0	0	0	0	0	0	0
0	0	0	0	0	0	0	0	0	0	0	0	0	0	0	0	0	0
0	0	0	0	0	0	0	0	0	0	0	0	0	0	0	0	0	0
0	0	0	0	0	0	0	0	0	0	0	0	0	0	0	0	0	0
0	0	0	0	0	0	0	0	0	0	0	0	0	0	0	0	0	0
0	0	0	0	0	0	0	0	0	0	0	0	0	0	0	0	0	0
0	0	0	0	0	0	0	0	0	0	0	0	0	0	0	0	0	0
0	0	0	0	0	0	0	0	0	0	0	0	0	0	0	0	0	0
0	0	0	0	0	0	0	0	0	0	0	0	0	0	0	0	0	0
0	0	0	0	0	0	0	0	0	0	0	0	0	0	0	0	0	0
0	0	0	0	0	0	0	0	0	0	0	0	0	0	0	0	0	0
0	0	0	0	0	0	0	0	0	0	0	0	0	0	0	0	0	0
0	0	0	0	0	0	0	0	0	0	0	0	0	0	0	0	0	0
0	0	0	0	0	0	0	0	0	0	0	0	0	0	0	0	0	0
0	0	0	0	0	0	0	0	0	0	0	0	0	0	0	0	0	0
