1.66666666666667	0.0701754385964912	0	0	0	0	0.0350877192982456	0.0526315789473684	0.0175438596491228	0	0	0	0	0	0	0	0	0
0	11.3103448275862	0.586206896551724	0	0	0.0172413793103448	0.0862068965517241	0.0517241379310345	0.0517241379310345	0	0	0	0	0	0	0	0	0
0	0.434782608695652	13.8260869565217	0.260869565217391	0	0	0.0652173913043478	0.130434782608696	0.0217391304347826	0.0217391304347826	0	0	0	0	0	0	0	0
0	0	0.220338983050847	13.7627118644068	0	0.0677966101694915	0.338983050847458	0.508474576271186	0.203389830508475	0.0847457627118644	0	0	0	0	0	0	0	0
0	0	0	0	0	0	0	0	0	0	0	0	0	0	0	0	0	0
0	0	0	0	0	0	0	0	0	0	0	0	0	0	0	0	0	0
0	0	0	0	0	0	0	0	0	0	0	0	0	0	0	0	0	0
0	0	0	0	0	0	0	0	0	0	0	0	0	0	0	0	0	0
0	0	0	0	0	0	0	0	0	0	0	0	0	0	0	0	0	0
0	0	0	0	0	0	0	0	0	0	0	0	0	0	0	0	0	0
0	0	0	0	0	0	0	0	0	0	0	0	0	0	0	0	0	0
0	0	0	0	0	0	0	0	0	0	0	0	0	0	0	0	0	0
0	0	0	0	0	0	0	0	0	0	0	0	0	0	0	0	0	0
0	0	0	0	0	0	0	0	0	0	0	0	0	0	0	0	0	0
0	0	0	0	0	0	0	0	0	0	0	0	0	0	0	0	0	0
0	0	0	0	0	0	0	0	0	0	0	0	0	0	0	0	0	0
0	0	0	0	0	0	0	0	0	0	0	0	0	0	0	0	0	0
0	0	0	0	0	0	0	0	0	0	0	0	0	0	0	0	0	0
