1.84210526315789	0.12280701754386	0	0	0	0	0.0526315789473684	0.0526315789473684	0.0350877192982456	0	0	0	0	0	0	0	0	0
0	12.7758620689655	0.241379310344828	0	0	0.0517241379310345	0.137931034482759	0.224137931034483	0.155172413793103	0	0	0	0	0	0	0	0	0
0	0.108695652173913	14.4565217391304	0.152173913043478	0	0.0217391304347826	0.0869565217391304	0.173913043478261	0.0217391304347826	0.0217391304347826	0.0217391304347826	0	0	0	0	0	0	0
0	0	0.338983050847458	15.8305084745763	0	0.0508474576271186	0.389830508474576	0.627118644067797	0.101694915254237	0.0847457627118644	0	0	0	0	0	0	0	0
0	0	0	0	0	0	0	0	0	0	0	0	0	0	0	0	0	0
0	0	0	0	0	0	0	0	0	0	0	0	0	0	0	0	0	0
0	0	0	0	0	0	0	0	0	0	0	0	0	0	0	0	0	0
0	0	0	0	0	0	0	0	0	0	0	0	0	0	0	0	0	0
0	0	0	0	0	0	0	0	0	0	0	0	0	0	0	0	0	0
0	0	0	0	0	0	0	0	0	0	0	0	0	0	0	0	0	0
0	0	0	0	0	0	0	0	0	0	0	0	0	0	0	0	0	0
0	0	0	0	0	0	0	0	0	0	0	0	0	0	0	0	0	0
0	0	0	0	0	0	0	0	0	0	0	0	0	0	0	0	0	0
0	0	0	0	0	0	0	0	0	0	0	0	0	0	0	0	0	0
0	0	0	0	0	0	0	0	0	0	0	0	0	0	0	0	0	0
0	0	0	0	0	0	0	0	0	0	0	0	0	0	0	0	0	0
0	0	0	0	0	0	0	0	0	0	0	0	0	0	0	0	0	0
0	0	0	0	0	0	0	0	0	0	0	0	0	0	0	0	0	0
