1.80701754385965	0	0	0	0	0	0.0350877192982456	0.0350877192982456	0.0526315789473684	0	0	0	0	0	0	0	0	0
0	8.87931034482759	0.206896551724138	0	0	0	0.0344827586206897	0.275862068965517	0	0	0	0	0	0	0	0	0	0
0	0	15.4347826086957	0.5	0	0.0217391304347826	0.0217391304347826	0.152173913043478	0	0.0434782608695652	0.0217391304347826	0	0	0	0	0	0	0
0	0	0.254237288135593	14.1694915254237	0	0.0677966101694915	0.305084745762712	0.559322033898305	0.152542372881356	0	0	0	0	0	0	0	0	0
0	0	0	0	0	0	0	0	0	0	0	0	0	0	0	0	0	0
0	0	0	0	0	0	0	0	0	0	0	0	0	0	0	0	0	0
0	0	0	0	0	0	0	0	0	0	0	0	0	0	0	0	0	0
0	0	0	0	0	0	0	0	0	0	0	0	0	0	0	0	0	0
0	0	0	0	0	0	0	0	0	0	0	0	0	0	0	0	0	0
0	0	0	0	0	0	0	0	0	0	0	0	0	0	0	0	0	0
0	0	0	0	0	0	0	0	0	0	0	0	0	0	0	0	0	0
0	0	0	0	0	0	0	0	0	0	0	0	0	0	0	0	0	0
0	0	0	0	0	0	0	0	0	0	0	0	0	0	0	0	0	0
0	0	0	0	0	0	0	0	0	0	0	0	0	0	0	0	0	0
0	0	0	0	0	0	0	0	0	0	0	0	0	0	0	0	0	0
0	0	0	0	0	0	0	0	0	0	0	0	0	0	0	0	0	0
0	0	0	0	0	0	0	0	0	0	0	0	0	0	0	0	0	0
0	0	0	0	0	0	0	0	0	0	0	0	0	0	0	0	0	0
