1.70175438596491	0.0701754385964912	0	0	0	0	0.0350877192982456	0.087719298245614	0.0350877192982456	0	0	0	0	0	0	0	0	0
0	8.20689655172414	0.0344827586206897	0	0	0.0517241379310345	0.103448275862069	0.310344827586207	0.103448275862069	0	0	0	0	0	0	0	0	0
0	0.108695652173913	12.4565217391304	0.304347826086957	0	0.0217391304347826	0.0652173913043478	0.173913043478261	0	0.0434782608695652	0.0217391304347826	0	0	0	0	0	0	0
0	0	0.372881355932203	12.1016949152542	0	0.0677966101694915	0.338983050847458	0.593220338983051	0.0508474576271186	0.0508474576271186	0	0	0	0	0	0	0	0
0	0	0	0	0	0	0	0	0	0	0	0	0	0	0	0	0	0
0	0	0	0	0	0	0	0	0	0	0	0	0	0	0	0	0	0
0	0	0	0	0	0	0	0	0	0	0	0	0	0	0	0	0	0
0	0	0	0	0	0	0	0	0	0	0	0	0	0	0	0	0	0
0	0	0	0	0	0	0	0	0	0	0	0	0	0	0	0	0	0
0	0	0	0	0	0	0	0	0	0	0	0	0	0	0	0	0	0
0	0	0	0	0	0	0	0	0	0	0	0	0	0	0	0	0	0
0	0	0	0	0	0	0	0	0	0	0	0	0	0	0	0	0	0
0	0	0	0	0	0	0	0	0	0	0	0	0	0	0	0	0	0
0	0	0	0	0	0	0	0	0	0	0	0	0	0	0	0	0	0
0	0	0	0	0	0	0	0	0	0	0	0	0	0	0	0	0	0
0	0	0	0	0	0	0	0	0	0	0	0	0	0	0	0	0	0
0	0	0	0	0	0	0	0	0	0	0	0	0	0	0	0	0	0
0	0	0	0	0	0	0	0	0	0	0	0	0	0	0	0	0	0
