3.49122807017544	0.245614035087719	0	0	0	0	0.087719298245614	0.140350877192982	0.0701754385964912	0	0	0	0	0	0	0	0	0
0	6.62068965517241	0.0344827586206897	0	0	0.0689655172413793	0.155172413793103	0.189655172413793	0.189655172413793	0	0	0	0	0	0	0	0	0
0	0.0869565217391304	12	0.173913043478261	0	0.0217391304347826	0.0217391304347826	0.195652173913043	0	0.0652173913043478	0.0217391304347826	0	0	0	0	0	0	0
0	0	0.338983050847458	14.864406779661	0	0.11864406779661	0.220338983050847	0.355932203389831	0.169491525423729	0.0338983050847458	0	0	0	0	0	0	0	0
0	0	0	0	0	0	0	0	0	0	0	0	0	0	0	0	0	0
0	0	0	0	0	0	0	0	0	0	0	0	0	0	0	0	0	0
0	0	0	0	0	0	0	0	0	0	0	0	0	0	0	0	0	0
0	0	0	0	0	0	0	0	0	0	0	0	0	0	0	0	0	0
0	0	0	0	0	0	0	0	0	0	0	0	0	0	0	0	0	0
0	0	0	0	0	0	0	0	0	0	0	0	0	0	0	0	0	0
0	0	0	0	0	0	0	0	0	0	0	0	0	0	0	0	0	0
0	0	0	0	0	0	0	0	0	0	0	0	0	0	0	0	0	0
0	0	0	0	0	0	0	0	0	0	0	0	0	0	0	0	0	0
0	0	0	0	0	0	0	0	0	0	0	0	0	0	0	0	0	0
0	0	0	0	0	0	0	0	0	0	0	0	0	0	0	0	0	0
0	0	0	0	0	0	0	0	0	0	0	0	0	0	0	0	0	0
0	0	0	0	0	0	0	0	0	0	0	0	0	0	0	0	0	0
0	0	0	0	0	0	0	0	0	0	0	0	0	0	0	0	0	0
