2.33333333333333	0.087719298245614	0	0	0	0	0.087719298245614	0.140350877192982	0.0701754385964912	0	0	0	0	0	0	0	0	0
0	9.25862068965517	0	0	0	0.0517241379310345	0.137931034482759	0.189655172413793	0.155172413793103	0	0	0	0	0	0	0	0	0
0	0.195652173913043	16.6304347826087	0.369565217391304	0	0.0217391304347826	0.108695652173913	0.173913043478261	0.0434782608695652	0.0434782608695652	0.0217391304347826	0	0	0	0	0	0	0
0	0	0.135593220338983	11.7796610169492	0	0.135593220338983	0.440677966101695	0.491525423728814	0.135593220338983	0.0677966101694915	0	0	0	0	0	0	0	0
0	0	0	0	0	0	0	0	0	0	0	0	0	0	0	0	0	0
0	0	0	0	0	0	0	0	0	0	0	0	0	0	0	0	0	0
0	0	0	0	0	0	0	0	0	0	0	0	0	0	0	0	0	0
0	0	0	0	0	0	0	0	0	0	0	0	0	0	0	0	0	0
0	0	0	0	0	0	0	0	0	0	0	0	0	0	0	0	0	0
0	0	0	0	0	0	0	0	0	0	0	0	0	0	0	0	0	0
0	0	0	0	0	0	0	0	0	0	0	0	0	0	0	0	0	0
0	0	0	0	0	0	0	0	0	0	0	0	0	0	0	0	0	0
0	0	0	0	0	0	0	0	0	0	0	0	0	0	0	0	0	0
0	0	0	0	0	0	0	0	0	0	0	0	0	0	0	0	0	0
0	0	0	0	0	0	0	0	0	0	0	0	0	0	0	0	0	0
0	0	0	0	0	0	0	0	0	0	0	0	0	0	0	0	0	0
0	0	0	0	0	0	0	0	0	0	0	0	0	0	0	0	0	0
0	0	0	0	0	0	0	0	0	0	0	0	0	0	0	0	0	0
