3.49122807017544	0.105263157894737	0	0	0	0	0.0350877192982456	0.0701754385964912	0.0701754385964912	0	0	0	0	0	0	0	0	0
0	9.79310344827586	0	0	0	0.0344827586206897	0.0862068965517241	0.275862068965517	0.0689655172413793	0	0	0	0	0	0	0	0	0
0	0.478260869565217	21.8260869565217	0.41304347826087	0	0	0.0434782608695652	0.0869565217391304	0.0434782608695652	0.0217391304347826	0	0	0	0	0	0	0	0
0	0	0.23728813559322	13.4406779661017	0	0.0508474576271186	0.23728813559322	0.525423728813559	0.0508474576271186	0.0847457627118644	0	0	0	0	0	0	0	0
0	0	0	0	0	0	0	0	0	0	0	0	0	0	0	0	0	0
0	0	0	0	0	0	0	0	0	0	0	0	0	0	0	0	0	0
0	0	0	0	0	0	0	0	0	0	0	0	0	0	0	0	0	0
0	0	0	0	0	0	0	0	0	0	0	0	0	0	0	0	0	0
0	0	0	0	0	0	0	0	0	0	0	0	0	0	0	0	0	0
0	0	0	0	0	0	0	0	0	0	0	0	0	0	0	0	0	0
0	0	0	0	0	0	0	0	0	0	0	0	0	0	0	0	0	0
0	0	0	0	0	0	0	0	0	0	0	0	0	0	0	0	0	0
0	0	0	0	0	0	0	0	0	0	0	0	0	0	0	0	0	0
0	0	0	0	0	0	0	0	0	0	0	0	0	0	0	0	0	0
0	0	0	0	0	0	0	0	0	0	0	0	0	0	0	0	0	0
0	0	0	0	0	0	0	0	0	0	0	0	0	0	0	0	0	0
0	0	0	0	0	0	0	0	0	0	0	0	0	0	0	0	0	0
0	0	0	0	0	0	0	0	0	0	0	0	0	0	0	0	0	0
