5.73684210526316	0.087719298245614	0	0	0	0	0.105263157894737	0.245614035087719	0.140350877192982	0	0	0	0	0	0	0	0	0
0	6.46551724137931	0.0344827586206897	0	0	0.0517241379310345	0.103448275862069	0.0344827586206897	0.137931034482759	0	0	0	0	0	0	0	0	0
0	0.478260869565217	10.5434782608696	0.152173913043478	0	0	0	0.0217391304347826	0	0	0	0	0	0	0	0	0	0
0	0	0.152542372881356	9.42372881355932	0	0.0338983050847458	0.203389830508475	0.440677966101695	0.0677966101694915	0.0508474576271186	0	0	0	0	0	0	0	0
0	0	0	0	0	0	0	0	0	0	0	0	0	0	0	0	0	0
0	0	0	0	0	0	0	0	0	0	0	0	0	0	0	0	0	0
0	0	0	0	0	0	0	0	0	0	0	0	0	0	0	0	0	0
0	0	0	0	0	0	0	0	0	0	0	0	0	0	0	0	0	0
0	0	0	0	0	0	0	0	0	0	0	0	0	0	0	0	0	0
0	0	0	0	0	0	0	0	0	0	0	0	0	0	0	0	0	0
0	0	0	0	0	0	0	0	0	0	0	0	0	0	0	0	0	0
0	0	0	0	0	0	0	0	0	0	0	0	0	0	0	0	0	0
0	0	0	0	0	0	0	0	0	0	0	0	0	0	0	0	0	0
0	0	0	0	0	0	0	0	0	0	0	0	0	0	0	0	0	0
0	0	0	0	0	0	0	0	0	0	0	0	0	0	0	0	0	0
0	0	0	0	0	0	0	0	0	0	0	0	0	0	0	0	0	0
0	0	0	0	0	0	0	0	0	0	0	0	0	0	0	0	0	0
0	0	0	0	0	0	0	0	0	0	0	0	0	0	0	0	0	0
