3.40350877192982	0.0175438596491228	0	0	0	0	0.0526315789473684	0.192982456140351	0.105263157894737	0	0	0	0	0	0	0	0	0
0	6.5	0.206896551724138	0	0	0.0344827586206897	0.0862068965517241	0.241379310344828	0.0689655172413793	0	0	0	0	0	0	0	0	0
0	0.282608695652174	15.8478260869565	0.217391304347826	0	0.0217391304347826	0.130434782608696	0.239130434782609	0.0217391304347826	0.0434782608695652	0.0217391304347826	0	0	0	0	0	0	0
0	0	0.355932203389831	14.7796610169492	0	0.0677966101694915	0.169491525423729	0.423728813559322	0.0847457627118644	0.0338983050847458	0	0	0	0	0	0	0	0
0	0	0	0	0	0	0	0	0	0	0	0	0	0	0	0	0	0
0	0	0	0	0	0	0	0	0	0	0	0	0	0	0	0	0	0
0	0	0	0	0	0	0	0	0	0	0	0	0	0	0	0	0	0
0	0	0	0	0	0	0	0	0	0	0	0	0	0	0	0	0	0
0	0	0	0	0	0	0	0	0	0	0	0	0	0	0	0	0	0
0	0	0	0	0	0	0	0	0	0	0	0	0	0	0	0	0	0
0	0	0	0	0	0	0	0	0	0	0	0	0	0	0	0	0	0
0	0	0	0	0	0	0	0	0	0	0	0	0	0	0	0	0	0
0	0	0	0	0	0	0	0	0	0	0	0	0	0	0	0	0	0
0	0	0	0	0	0	0	0	0	0	0	0	0	0	0	0	0	0
0	0	0	0	0	0	0	0	0	0	0	0	0	0	0	0	0	0
0	0	0	0	0	0	0	0	0	0	0	0	0	0	0	0	0	0
0	0	0	0	0	0	0	0	0	0	0	0	0	0	0	0	0	0
0	0	0	0	0	0	0	0	0	0	0	0	0	0	0	0	0	0
