2.07017543859649	0.157894736842105	0	0	0	0	0	0.0350877192982456	0.0175438596491228	0	0	0	0	0	0	0	0	0
0	7.13793103448276	0.103448275862069	0	0	0	0.103448275862069	0.120689655172414	0.0172413793103448	0	0	0	0	0	0	0	0	0
0	0.173913043478261	12.2826086956522	0.347826086956522	0	0	0.0434782608695652	0.130434782608696	0	0.0217391304347826	0	0	0	0	0	0	0	0
0	0	0.254237288135593	13.5593220338983	0	0.0847457627118644	0.220338983050847	0.355932203389831	0.169491525423729	0.0338983050847458	0	0	0	0	0	0	0	0
0	0	0	0	0	0	0	0	0	0	0	0	0	0	0	0	0	0
0	0	0	0	0	0	0	0	0	0	0	0	0	0	0	0	0	0
0	0	0	0	0	0	0	0	0	0	0	0	0	0	0	0	0	0
0	0	0	0	0	0	0	0	0	0	0	0	0	0	0	0	0	0
0	0	0	0	0	0	0	0	0	0	0	0	0	0	0	0	0	0
0	0	0	0	0	0	0	0	0	0	0	0	0	0	0	0	0	0
0	0	0	0	0	0	0	0	0	0	0	0	0	0	0	0	0	0
0	0	0	0	0	0	0	0	0	0	0	0	0	0	0	0	0	0
0	0	0	0	0	0	0	0	0	0	0	0	0	0	0	0	0	0
0	0	0	0	0	0	0	0	0	0	0	0	0	0	0	0	0	0
0	0	0	0	0	0	0	0	0	0	0	0	0	0	0	0	0	0
0	0	0	0	0	0	0	0	0	0	0	0	0	0	0	0	0	0
0	0	0	0	0	0	0	0	0	0	0	0	0	0	0	0	0	0
0	0	0	0	0	0	0	0	0	0	0	0	0	0	0	0	0	0
