2.75438596491228	0.0701754385964912	0	0	0	0	0.157894736842105	0.245614035087719	0.105263157894737	0	0	0	0	0	0	0	0	0
0	9.53448275862069	0.103448275862069	0	0	0	0.0517241379310345	0.0172413793103448	0.0172413793103448	0	0	0	0	0	0	0	0	0
0	0.195652173913043	15.4782608695652	0.543478260869565	0	0	0.0869565217391304	0.217391304347826	0.0434782608695652	0.0434782608695652	0	0	0	0	0	0	0	0
0	0	0.169491525423729	14.3050847457627	0	0.0508474576271186	0.186440677966102	0.576271186440678	0.101694915254237	0.0508474576271186	0	0	0	0	0	0	0	0
0	0	0	0	0	0	0	0	0	0	0	0	0	0	0	0	0	0
0	0	0	0	0	0	0	0	0	0	0	0	0	0	0	0	0	0
0	0	0	0	0	0	0	0	0	0	0	0	0	0	0	0	0	0
0	0	0	0	0	0	0	0	0	0	0	0	0	0	0	0	0	0
0	0	0	0	0	0	0	0	0	0	0	0	0	0	0	0	0	0
0	0	0	0	0	0	0	0	0	0	0	0	0	0	0	0	0	0
0	0	0	0	0	0	0	0	0	0	0	0	0	0	0	0	0	0
0	0	0	0	0	0	0	0	0	0	0	0	0	0	0	0	0	0
0	0	0	0	0	0	0	0	0	0	0	0	0	0	0	0	0	0
0	0	0	0	0	0	0	0	0	0	0	0	0	0	0	0	0	0
0	0	0	0	0	0	0	0	0	0	0	0	0	0	0	0	0	0
0	0	0	0	0	0	0	0	0	0	0	0	0	0	0	0	0	0
0	0	0	0	0	0	0	0	0	0	0	0	0	0	0	0	0	0
0	0	0	0	0	0	0	0	0	0	0	0	0	0	0	0	0	0
