1.87719298245614	0.105263157894737	0	0	0	0	0.0175438596491228	0	0.0175438596491228	0	0	0	0	0	0	0	0	0
0	8.70689655172414	0.137931034482759	0	0	0	0.0689655172413793	0.293103448275862	0.0172413793103448	0	0	0	0	0	0	0	0	0
0	0.391304347826087	14.5869565217391	0.478260869565217	0	0	0	0.0217391304347826	0	0	0	0	0	0	0	0	0	0
0	0	0.186440677966102	9.20338983050847	0	0.0508474576271186	0.186440677966102	0.508474576271186	0.11864406779661	0.0169491525423729	0	0	0	0	0	0	0	0
0	0	0	0	0	0	0	0	0	0	0	0	0	0	0	0	0	0
0	0	0	0	0	0	0	0	0	0	0	0	0	0	0	0	0	0
0	0	0	0	0	0	0	0	0	0	0	0	0	0	0	0	0	0
0	0	0	0	0	0	0	0	0	0	0	0	0	0	0	0	0	0
0	0	0	0	0	0	0	0	0	0	0	0	0	0	0	0	0	0
0	0	0	0	0	0	0	0	0	0	0	0	0	0	0	0	0	0
0	0	0	0	0	0	0	0	0	0	0	0	0	0	0	0	0	0
0	0	0	0	0	0	0	0	0	0	0	0	0	0	0	0	0	0
0	0	0	0	0	0	0	0	0	0	0	0	0	0	0	0	0	0
0	0	0	0	0	0	0	0	0	0	0	0	0	0	0	0	0	0
0	0	0	0	0	0	0	0	0	0	0	0	0	0	0	0	0	0
0	0	0	0	0	0	0	0	0	0	0	0	0	0	0	0	0	0
0	0	0	0	0	0	0	0	0	0	0	0	0	0	0	0	0	0
0	0	0	0	0	0	0	0	0	0	0	0	0	0	0	0	0	0
