2.40350877192982	0.0701754385964912	0	0	0	0	0.0526315789473684	0.12280701754386	0.0701754385964912	0	0	0	0	0	0	0	0	0
0	7.77586206896552	0.172413793103448	0	0	0.0172413793103448	0.103448275862069	0.224137931034483	0.0517241379310345	0	0	0	0	0	0	0	0	0
0	0.108695652173913	14.6086956521739	0.41304347826087	0	0	0.0434782608695652	0.130434782608696	0	0.0217391304347826	0	0	0	0	0	0	0	0
0	0	0.220338983050847	10.2881355932203	0	0.0508474576271186	0.254237288135593	0.576271186440678	0.135593220338983	0.0169491525423729	0	0	0	0	0	0	0	0
0	0	0	0	0	0	0	0	0	0	0	0	0	0	0	0	0	0
0	0	0	0	0	0	0	0	0	0	0	0	0	0	0	0	0	0
0	0	0	0	0	0	0	0	0	0	0	0	0	0	0	0	0	0
0	0	0	0	0	0	0	0	0	0	0	0	0	0	0	0	0	0
0	0	0	0	0	0	0	0	0	0	0	0	0	0	0	0	0	0
0	0	0	0	0	0	0	0	0	0	0	0	0	0	0	0	0	0
0	0	0	0	0	0	0	0	0	0	0	0	0	0	0	0	0	0
0	0	0	0	0	0	0	0	0	0	0	0	0	0	0	0	0	0
0	0	0	0	0	0	0	0	0	0	0	0	0	0	0	0	0	0
0	0	0	0	0	0	0	0	0	0	0	0	0	0	0	0	0	0
0	0	0	0	0	0	0	0	0	0	0	0	0	0	0	0	0	0
0	0	0	0	0	0	0	0	0	0	0	0	0	0	0	0	0	0
0	0	0	0	0	0	0	0	0	0	0	0	0	0	0	0	0	0
0	0	0	0	0	0	0	0	0	0	0	0	0	0	0	0	0	0
