2.57894736842105	0.157894736842105	0	0	0	0	0	0.105263157894737	0.0526315789473684	0	0	0	0	0	0	0	0	0
0	9.53448275862069	0.0344827586206897	0	0	0.0172413793103448	0.103448275862069	0.275862068965517	0.0689655172413793	0	0	0	0	0	0	0	0	0
0	0.260869565217391	16.0434782608696	0.195652173913043	0	0	0.0434782608695652	0.152173913043478	0	0.0217391304347826	0	0	0	0	0	0	0	0
0	0	0.23728813559322	13.6949152542373	0	0.0508474576271186	0.389830508474576	0.847457627118644	0.186440677966102	0.0338983050847458	0	0	0	0	0	0	0	0
0	0	0	0	0	0	0	0	0	0	0	0	0	0	0	0	0	0
0	0	0	0	0	0	0	0	0	0	0	0	0	0	0	0	0	0
0	0	0	0	0	0	0	0	0	0	0	0	0	0	0	0	0	0
0	0	0	0	0	0	0	0	0	0	0	0	0	0	0	0	0	0
0	0	0	0	0	0	0	0	0	0	0	0	0	0	0	0	0	0
0	0	0	0	0	0	0	0	0	0	0	0	0	0	0	0	0	0
0	0	0	0	0	0	0	0	0	0	0	0	0	0	0	0	0	0
0	0	0	0	0	0	0	0	0	0	0	0	0	0	0	0	0	0
0	0	0	0	0	0	0	0	0	0	0	0	0	0	0	0	0	0
0	0	0	0	0	0	0	0	0	0	0	0	0	0	0	0	0	0
0	0	0	0	0	0	0	0	0	0	0	0	0	0	0	0	0	0
0	0	0	0	0	0	0	0	0	0	0	0	0	0	0	0	0	0
0	0	0	0	0	0	0	0	0	0	0	0	0	0	0	0	0	0
0	0	0	0	0	0	0	0	0	0	0	0	0	0	0	0	0	0
