1.45614035087719	0.0701754385964912	0	0	0	0	0.0526315789473684	0.0526315789473684	0.0350877192982456	0	0	0	0	0	0	0	0	0
0	9.1551724137931	0.241379310344828	0	0	0.0344827586206897	0.0689655172413793	0.0172413793103448	0.0862068965517241	0	0	0	0	0	0	0	0	0
0	0.41304347826087	11.1521739130435	0.282608695652174	0	0.0217391304347826	0.0434782608695652	0.0434782608695652	0.0217391304347826	0.0217391304347826	0.0217391304347826	0	0	0	0	0	0	0
0	0	0.355932203389831	17.8813559322034	0	0.0677966101694915	0.389830508474576	0.559322033898305	0.23728813559322	0.0169491525423729	0	0	0	0	0	0	0	0
0	0	0	0	0	0	0	0	0	0	0	0	0	0	0	0	0	0
0	0	0	0	0	0	0	0	0	0	0	0	0	0	0	0	0	0
0	0	0	0	0	0	0	0	0	0	0	0	0	0	0	0	0	0
0	0	0	0	0	0	0	0	0	0	0	0	0	0	0	0	0	0
0	0	0	0	0	0	0	0	0	0	0	0	0	0	0	0	0	0
0	0	0	0	0	0	0	0	0	0	0	0	0	0	0	0	0	0
0	0	0	0	0	0	0	0	0	0	0	0	0	0	0	0	0	0
0	0	0	0	0	0	0	0	0	0	0	0	0	0	0	0	0	0
0	0	0	0	0	0	0	0	0	0	0	0	0	0	0	0	0	0
0	0	0	0	0	0	0	0	0	0	0	0	0	0	0	0	0	0
0	0	0	0	0	0	0	0	0	0	0	0	0	0	0	0	0	0
0	0	0	0	0	0	0	0	0	0	0	0	0	0	0	0	0	0
0	0	0	0	0	0	0	0	0	0	0	0	0	0	0	0	0	0
0	0	0	0	0	0	0	0	0	0	0	0	0	0	0	0	0	0
