3.89473684210526	0.12280701754386	0	0	0	0	0.0701754385964912	0.12280701754386	0.087719298245614	0	0	0	0	0	0	0	0	0
0	7.60344827586207	0.103448275862069	0	0	0	0.0862068965517241	0.0862068965517241	0.0172413793103448	0	0	0	0	0	0	0	0	0
0	0.0869565217391304	10.1304347826087	0.41304347826087	0	0.0217391304347826	0.0217391304347826	0.152173913043478	0	0.0434782608695652	0.0217391304347826	0	0	0	0	0	0	0
0	0	0.11864406779661	12.8305084745763	0	0.0677966101694915	0.288135593220339	0.474576271186441	0.0847457627118644	0.0847457627118644	0	0	0	0	0	0	0	0
0	0	0	0	0	0	0	0	0	0	0	0	0	0	0	0	0	0
0	0	0	0	0	0	0	0	0	0	0	0	0	0	0	0	0	0
0	0	0	0	0	0	0	0	0	0	0	0	0	0	0	0	0	0
0	0	0	0	0	0	0	0	0	0	0	0	0	0	0	0	0	0
0	0	0	0	0	0	0	0	0	0	0	0	0	0	0	0	0	0
0	0	0	0	0	0	0	0	0	0	0	0	0	0	0	0	0	0
0	0	0	0	0	0	0	0	0	0	0	0	0	0	0	0	0	0
0	0	0	0	0	0	0	0	0	0	0	0	0	0	0	0	0	0
0	0	0	0	0	0	0	0	0	0	0	0	0	0	0	0	0	0
0	0	0	0	0	0	0	0	0	0	0	0	0	0	0	0	0	0
0	0	0	0	0	0	0	0	0	0	0	0	0	0	0	0	0	0
0	0	0	0	0	0	0	0	0	0	0	0	0	0	0	0	0	0
0	0	0	0	0	0	0	0	0	0	0	0	0	0	0	0	0	0
0	0	0	0	0	0	0	0	0	0	0	0	0	0	0	0	0	0
