0.473684210526316	0	0	0	0	0	0	0.0350877192982456	0.0175438596491228	0	0	0	0	0	0	0	0	0
0	7.1551724137931	0.0344827586206897	0	0	0.0517241379310345	0.0862068965517241	0.137931034482759	0.137931034482759	0	0	0	0	0	0	0	0	0
0	0.347826086956522	18.9347826086957	0.260869565217391	0	0	0.0652173913043478	0.130434782608696	0.0217391304347826	0.0217391304347826	0	0	0	0	0	0	0	0
0	0	0.288135593220339	11.3050847457627	0	0.0847457627118644	0.389830508474576	0.593220338983051	0.152542372881356	0.0677966101694915	0	0	0	0	0	0	0	0
0	0	0	0	0	0	0	0	0	0	0	0	0	0	0	0	0	0
0	0	0	0	0	0	0	0	0	0	0	0	0	0	0	0	0	0
0	0	0	0	0	0	0	0	0	0	0	0	0	0	0	0	0	0
0	0	0	0	0	0	0	0	0	0	0	0	0	0	0	0	0	0
0	0	0	0	0	0	0	0	0	0	0	0	0	0	0	0	0	0
0	0	0	0	0	0	0	0	0	0	0	0	0	0	0	0	0	0
0	0	0	0	0	0	0	0	0	0	0	0	0	0	0	0	0	0
0	0	0	0	0	0	0	0	0	0	0	0	0	0	0	0	0	0
0	0	0	0	0	0	0	0	0	0	0	0	0	0	0	0	0	0
0	0	0	0	0	0	0	0	0	0	0	0	0	0	0	0	0	0
0	0	0	0	0	0	0	0	0	0	0	0	0	0	0	0	0	0
0	0	0	0	0	0	0	0	0	0	0	0	0	0	0	0	0	0
0	0	0	0	0	0	0	0	0	0	0	0	0	0	0	0	0	0
0	0	0	0	0	0	0	0	0	0	0	0	0	0	0	0	0	0
