1.7719298245614	0.0526315789473684	0	0	0	0	0	0.0701754385964912	0.0350877192982456	0	0	0	0	0	0	0	0	0
0	6.62068965517241	0.310344827586207	0	0	0.0172413793103448	0.0172413793103448	0	0.0344827586206897	0	0	0	0	0	0	0	0	0
0	0.239130434782609	17.304347826087	0.304347826086957	0	0	0.0217391304347826	0.0652173913043478	0.0217391304347826	0.0217391304347826	0	0	0	0	0	0	0	0
0	0	0.355932203389831	16.6949152542373	0	0.0508474576271186	0.271186440677966	0.491525423728814	0.101694915254237	0.0338983050847458	0	0	0	0	0	0	0	0
0	0	0	0	0	0	0	0	0	0	0	0	0	0	0	0	0	0
0	0	0	0	0	0	0	0	0	0	0	0	0	0	0	0	0	0
0	0	0	0	0	0	0	0	0	0	0	0	0	0	0	0	0	0
0	0	0	0	0	0	0	0	0	0	0	0	0	0	0	0	0	0
0	0	0	0	0	0	0	0	0	0	0	0	0	0	0	0	0	0
0	0	0	0	0	0	0	0	0	0	0	0	0	0	0	0	0	0
0	0	0	0	0	0	0	0	0	0	0	0	0	0	0	0	0	0
0	0	0	0	0	0	0	0	0	0	0	0	0	0	0	0	0	0
0	0	0	0	0	0	0	0	0	0	0	0	0	0	0	0	0	0
0	0	0	0	0	0	0	0	0	0	0	0	0	0	0	0	0	0
0	0	0	0	0	0	0	0	0	0	0	0	0	0	0	0	0	0
0	0	0	0	0	0	0	0	0	0	0	0	0	0	0	0	0	0
0	0	0	0	0	0	0	0	0	0	0	0	0	0	0	0	0	0
0	0	0	0	0	0	0	0	0	0	0	0	0	0	0	0	0	0
