2.52631578947368	0.087719298245614	0	0	0	0	0.105263157894737	0.105263157894737	0.0701754385964912	0	0	0	0	0	0	0	0	0
0	7.98275862068965	0.137931034482759	0	0	0	0.0689655172413793	0.258620689655172	0.0172413793103448	0	0	0	0	0	0	0	0	0
0	0.304347826086957	18.2391304347826	0.521739130434783	0	0	0.108695652173913	0.173913043478261	0.0217391304347826	0	0	0	0	0	0	0	0	0
0	0	0.203389830508475	13.864406779661	0	0.0169491525423729	0.305084745762712	0.694915254237288	0.152542372881356	0.0338983050847458	0	0	0	0	0	0	0	0
0	0	0	0	0	0	0	0	0	0	0	0	0	0	0	0	0	0
0	0	0	0	0	0	0	0	0	0	0	0	0	0	0	0	0	0
0	0	0	0	0	0	0	0	0	0	0	0	0	0	0	0	0	0
0	0	0	0	0	0	0	0	0	0	0	0	0	0	0	0	0	0
0	0	0	0	0	0	0	0	0	0	0	0	0	0	0	0	0	0
0	0	0	0	0	0	0	0	0	0	0	0	0	0	0	0	0	0
0	0	0	0	0	0	0	0	0	0	0	0	0	0	0	0	0	0
0	0	0	0	0	0	0	0	0	0	0	0	0	0	0	0	0	0
0	0	0	0	0	0	0	0	0	0	0	0	0	0	0	0	0	0
0	0	0	0	0	0	0	0	0	0	0	0	0	0	0	0	0	0
0	0	0	0	0	0	0	0	0	0	0	0	0	0	0	0	0	0
0	0	0	0	0	0	0	0	0	0	0	0	0	0	0	0	0	0
0	0	0	0	0	0	0	0	0	0	0	0	0	0	0	0	0	0
0	0	0	0	0	0	0	0	0	0	0	0	0	0	0	0	0	0
