2.57894736842105	0.105263157894737	0	0	0	0	0.0350877192982456	0.0350877192982456	0.0526315789473684	0	0	0	0	0	0	0	0	0
0	9.72413793103448	0.103448275862069	0	0	0	0.103448275862069	0.310344827586207	0.0344827586206897	0	0	0	0	0	0	0	0	0
0	0.260869565217391	14.0217391304348	0.217391304347826	0	0.0217391304347826	0.0652173913043478	0.195652173913043	0	0.0434782608695652	0.0217391304347826	0	0	0	0	0	0	0
0	0	0.288135593220339	13.9491525423729	0	0.0677966101694915	0.288135593220339	0.372881355932203	0.11864406779661	0.0338983050847458	0	0	0	0	0	0	0	0
0	0	0	0	0	0	0	0	0	0	0	0	0	0	0	0	0	0
0	0	0	0	0	0	0	0	0	0	0	0	0	0	0	0	0	0
0	0	0	0	0	0	0	0	0	0	0	0	0	0	0	0	0	0
0	0	0	0	0	0	0	0	0	0	0	0	0	0	0	0	0	0
0	0	0	0	0	0	0	0	0	0	0	0	0	0	0	0	0	0
0	0	0	0	0	0	0	0	0	0	0	0	0	0	0	0	0	0
0	0	0	0	0	0	0	0	0	0	0	0	0	0	0	0	0	0
0	0	0	0	0	0	0	0	0	0	0	0	0	0	0	0	0	0
0	0	0	0	0	0	0	0	0	0	0	0	0	0	0	0	0	0
0	0	0	0	0	0	0	0	0	0	0	0	0	0	0	0	0	0
0	0	0	0	0	0	0	0	0	0	0	0	0	0	0	0	0	0
0	0	0	0	0	0	0	0	0	0	0	0	0	0	0	0	0	0
0	0	0	0	0	0	0	0	0	0	0	0	0	0	0	0	0	0
0	0	0	0	0	0	0	0	0	0	0	0	0	0	0	0	0	0
