3.07017543859649	0.105263157894737	0	0	0	0	0	0.105263157894737	0.0526315789473684	0	0	0	0	0	0	0	0	0
0	8.05172413793103	0.241379310344828	0	0	0	0	0.206896551724138	0	0	0	0	0	0	0	0	0	0
0	0.152173913043478	12.0652173913043	0.0434782608695652	0	0	0.130434782608696	0.195652173913043	0	0	0	0	0	0	0	0	0	0
0	0	0.203389830508475	13.4915254237288	0	0.0338983050847458	0.322033898305085	0.491525423728814	0.186440677966102	0.0508474576271186	0	0	0	0	0	0	0	0
0	0	0	0	0	0	0	0	0	0	0	0	0	0	0	0	0	0
0	0	0	0	0	0	0	0	0	0	0	0	0	0	0	0	0	0
0	0	0	0	0	0	0	0	0	0	0	0	0	0	0	0	0	0
0	0	0	0	0	0	0	0	0	0	0	0	0	0	0	0	0	0
0	0	0	0	0	0	0	0	0	0	0	0	0	0	0	0	0	0
0	0	0	0	0	0	0	0	0	0	0	0	0	0	0	0	0	0
0	0	0	0	0	0	0	0	0	0	0	0	0	0	0	0	0	0
0	0	0	0	0	0	0	0	0	0	0	0	0	0	0	0	0	0
0	0	0	0	0	0	0	0	0	0	0	0	0	0	0	0	0	0
0	0	0	0	0	0	0	0	0	0	0	0	0	0	0	0	0	0
0	0	0	0	0	0	0	0	0	0	0	0	0	0	0	0	0	0
0	0	0	0	0	0	0	0	0	0	0	0	0	0	0	0	0	0
0	0	0	0	0	0	0	0	0	0	0	0	0	0	0	0	0	0
0	0	0	0	0	0	0	0	0	0	0	0	0	0	0	0	0	0
