2.35087719298246	0.105263157894737	0	0	0	0	0.0175438596491228	0.0350877192982456	0.0350877192982456	0	0	0	0	0	0	0	0	0
0	10.2241379310345	0.137931034482759	0	0	0.0172413793103448	0.120689655172414	0.310344827586207	0.0689655172413793	0	0	0	0	0	0	0	0	0
0	0.239130434782609	12.8695652173913	0.195652173913043	0	0.0217391304347826	0.0434782608695652	0.0869565217391304	0.0217391304347826	0.0217391304347826	0.0217391304347826	0	0	0	0	0	0	0
0	0	0.203389830508475	13.2203389830508	0	0.101694915254237	0.254237288135593	0.288135593220339	0.135593220338983	0.0508474576271186	0	0	0	0	0	0	0	0
0	0	0	0	0	0	0	0	0	0	0	0	0	0	0	0	0	0
0	0	0	0	0	0	0	0	0	0	0	0	0	0	0	0	0	0
0	0	0	0	0	0	0	0	0	0	0	0	0	0	0	0	0	0
0	0	0	0	0	0	0	0	0	0	0	0	0	0	0	0	0	0
0	0	0	0	0	0	0	0	0	0	0	0	0	0	0	0	0	0
0	0	0	0	0	0	0	0	0	0	0	0	0	0	0	0	0	0
0	0	0	0	0	0	0	0	0	0	0	0	0	0	0	0	0	0
0	0	0	0	0	0	0	0	0	0	0	0	0	0	0	0	0	0
0	0	0	0	0	0	0	0	0	0	0	0	0	0	0	0	0	0
0	0	0	0	0	0	0	0	0	0	0	0	0	0	0	0	0	0
0	0	0	0	0	0	0	0	0	0	0	0	0	0	0	0	0	0
0	0	0	0	0	0	0	0	0	0	0	0	0	0	0	0	0	0
0	0	0	0	0	0	0	0	0	0	0	0	0	0	0	0	0	0
0	0	0	0	0	0	0	0	0	0	0	0	0	0	0	0	0	0
