3.2280701754386	0.12280701754386	0	0	0	0	0.0526315789473684	0.12280701754386	0.0701754385964912	0	0	0	0	0	0	0	0	0
0	7.94827586206897	0.0344827586206897	0	0	0.0344827586206897	0.120689655172414	0.0862068965517241	0.0862068965517241	0	0	0	0	0	0	0	0	0
0	0.173913043478261	12.8695652173913	0.217391304347826	0	0	0.0434782608695652	0.217391304347826	0	0.0434782608695652	0	0	0	0	0	0	0	0
0	0	0.203389830508475	15.2203389830508	0	0.101694915254237	0.423728813559322	0.610169491525424	0.203389830508475	0.0677966101694915	0	0	0	0	0	0	0	0
0	0	0	0	0	0	0	0	0	0	0	0	0	0	0	0	0	0
0	0	0	0	0	0	0	0	0	0	0	0	0	0	0	0	0	0
0	0	0	0	0	0	0	0	0	0	0	0	0	0	0	0	0	0
0	0	0	0	0	0	0	0	0	0	0	0	0	0	0	0	0	0
0	0	0	0	0	0	0	0	0	0	0	0	0	0	0	0	0	0
0	0	0	0	0	0	0	0	0	0	0	0	0	0	0	0	0	0
0	0	0	0	0	0	0	0	0	0	0	0	0	0	0	0	0	0
0	0	0	0	0	0	0	0	0	0	0	0	0	0	0	0	0	0
0	0	0	0	0	0	0	0	0	0	0	0	0	0	0	0	0	0
0	0	0	0	0	0	0	0	0	0	0	0	0	0	0	0	0	0
0	0	0	0	0	0	0	0	0	0	0	0	0	0	0	0	0	0
0	0	0	0	0	0	0	0	0	0	0	0	0	0	0	0	0	0
0	0	0	0	0	0	0	0	0	0	0	0	0	0	0	0	0	0
0	0	0	0	0	0	0	0	0	0	0	0	0	0	0	0	0	0
