1.15789473684211	0.157894736842105	0	0	0	0	0	0	0	0	0	0	0	0	0	0	0	0
0	6.93103448275862	0.0344827586206897	0	0	0	0.0344827586206897	0.224137931034483	0.0172413793103448	0	0	0	0	0	0	0	0	0
0	0.0869565217391304	14.2826086956522	0.41304347826087	0	0	0.0217391304347826	0	0.0217391304347826	0	0	0	0	0	0	0	0	0
0	0	0.254237288135593	17.6101694915254	0	0.0847457627118644	0.440677966101695	0.76271186440678	0.169491525423729	0.0847457627118644	0	0	0	0	0	0	0	0
0	0	0	0	0	0	0	0	0	0	0	0	0	0	0	0	0	0
0	0	0	0	0	0	0	0	0	0	0	0	0	0	0	0	0	0
0	0	0	0	0	0	0	0	0	0	0	0	0	0	0	0	0	0
0	0	0	0	0	0	0	0	0	0	0	0	0	0	0	0	0	0
0	0	0	0	0	0	0	0	0	0	0	0	0	0	0	0	0	0
0	0	0	0	0	0	0	0	0	0	0	0	0	0	0	0	0	0
0	0	0	0	0	0	0	0	0	0	0	0	0	0	0	0	0	0
0	0	0	0	0	0	0	0	0	0	0	0	0	0	0	0	0	0
0	0	0	0	0	0	0	0	0	0	0	0	0	0	0	0	0	0
0	0	0	0	0	0	0	0	0	0	0	0	0	0	0	0	0	0
0	0	0	0	0	0	0	0	0	0	0	0	0	0	0	0	0	0
0	0	0	0	0	0	0	0	0	0	0	0	0	0	0	0	0	0
0	0	0	0	0	0	0	0	0	0	0	0	0	0	0	0	0	0
0	0	0	0	0	0	0	0	0	0	0	0	0	0	0	0	0	0
