1.54385964912281	0.0175438596491228	0	0	0	0	0.0526315789473684	0.087719298245614	0.0526315789473684	0	0	0	0	0	0	0	0	0
0	8.12068965517241	0.0344827586206897	0	0	0.0344827586206897	0.103448275862069	0.206896551724138	0.0689655172413793	0	0	0	0	0	0	0	0	0
0	0.239130434782609	12.3260869565217	0.108695652173913	0	0.0434782608695652	0.0652173913043478	0.108695652173913	0.0217391304347826	0.0434782608695652	0.0434782608695652	0	0	0	0	0	0	0
0	0	0.220338983050847	12.7118644067797	0	0.0677966101694915	0.372881355932203	0.694915254237288	0.135593220338983	0.0847457627118644	0	0	0	0	0	0	0	0
0	0	0	0	0	0	0	0	0	0	0	0	0	0	0	0	0	0
0	0	0	0	0	0	0	0	0	0	0	0	0	0	0	0	0	0
0	0	0	0	0	0	0	0	0	0	0	0	0	0	0	0	0	0
0	0	0	0	0	0	0	0	0	0	0	0	0	0	0	0	0	0
0	0	0	0	0	0	0	0	0	0	0	0	0	0	0	0	0	0
0	0	0	0	0	0	0	0	0	0	0	0	0	0	0	0	0	0
0	0	0	0	0	0	0	0	0	0	0	0	0	0	0	0	0	0
0	0	0	0	0	0	0	0	0	0	0	0	0	0	0	0	0	0
0	0	0	0	0	0	0	0	0	0	0	0	0	0	0	0	0	0
0	0	0	0	0	0	0	0	0	0	0	0	0	0	0	0	0	0
0	0	0	0	0	0	0	0	0	0	0	0	0	0	0	0	0	0
0	0	0	0	0	0	0	0	0	0	0	0	0	0	0	0	0	0
0	0	0	0	0	0	0	0	0	0	0	0	0	0	0	0	0	0
0	0	0	0	0	0	0	0	0	0	0	0	0	0	0	0	0	0
