3.01754385964912	0.105263157894737	0	0	0	0	0.105263157894737	0.263157894736842	0.105263157894737	0	0	0	0	0	0	0	0	0
0	6.72413793103448	0	0	0	0	0.0517241379310345	0.206896551724138	0	0	0	0	0	0	0	0	0	0
0	0.0869565217391304	10.3478260869565	0.239130434782609	0	0	0.0217391304347826	0	0.0217391304347826	0	0	0	0	0	0	0	0	0
0	0	0.220338983050847	17.9661016949153	0	0.101694915254237	0.372881355932203	0.508474576271186	0.203389830508475	0.0338983050847458	0	0	0	0	0	0	0	0
0	0	0	0	0	0	0	0	0	0	0	0	0	0	0	0	0	0
0	0	0	0	0	0	0	0	0	0	0	0	0	0	0	0	0	0
0	0	0	0	0	0	0	0	0	0	0	0	0	0	0	0	0	0
0	0	0	0	0	0	0	0	0	0	0	0	0	0	0	0	0	0
0	0	0	0	0	0	0	0	0	0	0	0	0	0	0	0	0	0
0	0	0	0	0	0	0	0	0	0	0	0	0	0	0	0	0	0
0	0	0	0	0	0	0	0	0	0	0	0	0	0	0	0	0	0
0	0	0	0	0	0	0	0	0	0	0	0	0	0	0	0	0	0
0	0	0	0	0	0	0	0	0	0	0	0	0	0	0	0	0	0
0	0	0	0	0	0	0	0	0	0	0	0	0	0	0	0	0	0
0	0	0	0	0	0	0	0	0	0	0	0	0	0	0	0	0	0
0	0	0	0	0	0	0	0	0	0	0	0	0	0	0	0	0	0
0	0	0	0	0	0	0	0	0	0	0	0	0	0	0	0	0	0
0	0	0	0	0	0	0	0	0	0	0	0	0	0	0	0	0	0
