2.94736842105263	0	0	0	0	0	0.0526315789473684	0.0701754385964912	0.087719298245614	0	0	0	0	0	0	0	0	0
0	9.08620689655172	0.275862068965517	0	0	0.0344827586206897	0.0689655172413793	0.0689655172413793	0.0689655172413793	0	0	0	0	0	0	0	0	0
0	0.260869565217391	17.195652173913	0.0869565217391304	0	0	0.0652173913043478	0.195652173913043	0.0217391304347826	0.0434782608695652	0	0	0	0	0	0	0	0
0	0	0.186440677966102	12.5593220338983	0	0.0847457627118644	0.23728813559322	0.576271186440678	0.203389830508475	0.0508474576271186	0	0	0	0	0	0	0	0
0	0	0	0	0	0	0	0	0	0	0	0	0	0	0	0	0	0
0	0	0	0	0	0	0	0	0	0	0	0	0	0	0	0	0	0
0	0	0	0	0	0	0	0	0	0	0	0	0	0	0	0	0	0
0	0	0	0	0	0	0	0	0	0	0	0	0	0	0	0	0	0
0	0	0	0	0	0	0	0	0	0	0	0	0	0	0	0	0	0
0	0	0	0	0	0	0	0	0	0	0	0	0	0	0	0	0	0
0	0	0	0	0	0	0	0	0	0	0	0	0	0	0	0	0	0
0	0	0	0	0	0	0	0	0	0	0	0	0	0	0	0	0	0
0	0	0	0	0	0	0	0	0	0	0	0	0	0	0	0	0	0
0	0	0	0	0	0	0	0	0	0	0	0	0	0	0	0	0	0
0	0	0	0	0	0	0	0	0	0	0	0	0	0	0	0	0	0
0	0	0	0	0	0	0	0	0	0	0	0	0	0	0	0	0	0
0	0	0	0	0	0	0	0	0	0	0	0	0	0	0	0	0	0
0	0	0	0	0	0	0	0	0	0	0	0	0	0	0	0	0	0
