2.42105263157895	0.228070175438596	0	0	0	0	0.0350877192982456	0.087719298245614	0.0350877192982456	0	0	0	0	0	0	0	0	0
0	11.2931034482759	0.103448275862069	0	0	0	0.137931034482759	0.275862068965517	0.0689655172413793	0	0	0	0	0	0	0	0	0
0	0.456521739130435	19.4130434782609	0.239130434782609	0	0	0.108695652173913	0.0652173913043478	0.0652173913043478	0	0	0	0	0	0	0	0	0
0	0	0.0847457627118644	14.3220338983051	0	0.0677966101694915	0.322033898305085	0.576271186440678	0.0677966101694915	0.0677966101694915	0	0	0	0	0	0	0	0
0	0	0	0	0	0	0	0	0	0	0	0	0	0	0	0	0	0
0	0	0	0	0	0	0	0	0	0	0	0	0	0	0	0	0	0
0	0	0	0	0	0	0	0	0	0	0	0	0	0	0	0	0	0
0	0	0	0	0	0	0	0	0	0	0	0	0	0	0	0	0	0
0	0	0	0	0	0	0	0	0	0	0	0	0	0	0	0	0	0
0	0	0	0	0	0	0	0	0	0	0	0	0	0	0	0	0	0
0	0	0	0	0	0	0	0	0	0	0	0	0	0	0	0	0	0
0	0	0	0	0	0	0	0	0	0	0	0	0	0	0	0	0	0
0	0	0	0	0	0	0	0	0	0	0	0	0	0	0	0	0	0
0	0	0	0	0	0	0	0	0	0	0	0	0	0	0	0	0	0
0	0	0	0	0	0	0	0	0	0	0	0	0	0	0	0	0	0
0	0	0	0	0	0	0	0	0	0	0	0	0	0	0	0	0	0
0	0	0	0	0	0	0	0	0	0	0	0	0	0	0	0	0	0
0	0	0	0	0	0	0	0	0	0	0	0	0	0	0	0	0	0
