1.07017543859649	0.0175438596491228	0	0	0	0	0.0526315789473684	0.0526315789473684	0.0350877192982456	0	0	0	0	0	0	0	0	0
0	9.25862068965517	0.0689655172413793	0	0	0.0344827586206897	0.0517241379310345	0	0.0689655172413793	0	0	0	0	0	0	0	0	0
0	0	13.4565217391304	0.326086956521739	0	0	0	0.0869565217391304	0	0.0217391304347826	0	0	0	0	0	0	0	0
0	0	0.254237288135593	15.864406779661	0	0.135593220338983	0.389830508474576	0.949152542372881	0.254237288135593	0.0169491525423729	0	0	0	0	0	0	0	0
0	0	0	0	0	0	0	0	0	0	0	0	0	0	0	0	0	0
0	0	0	0	0	0	0	0	0	0	0	0	0	0	0	0	0	0
0	0	0	0	0	0	0	0	0	0	0	0	0	0	0	0	0	0
0	0	0	0	0	0	0	0	0	0	0	0	0	0	0	0	0	0
0	0	0	0	0	0	0	0	0	0	0	0	0	0	0	0	0	0
0	0	0	0	0	0	0	0	0	0	0	0	0	0	0	0	0	0
0	0	0	0	0	0	0	0	0	0	0	0	0	0	0	0	0	0
0	0	0	0	0	0	0	0	0	0	0	0	0	0	0	0	0	0
0	0	0	0	0	0	0	0	0	0	0	0	0	0	0	0	0	0
0	0	0	0	0	0	0	0	0	0	0	0	0	0	0	0	0	0
0	0	0	0	0	0	0	0	0	0	0	0	0	0	0	0	0	0
0	0	0	0	0	0	0	0	0	0	0	0	0	0	0	0	0	0
0	0	0	0	0	0	0	0	0	0	0	0	0	0	0	0	0	0
0	0	0	0	0	0	0	0	0	0	0	0	0	0	0	0	0	0
