2.94736842105263	0.157894736842105	0	0	0	0	0	0.0350877192982456	0.0175438596491228	0	0	0	0	0	0	0	0	0
0	10.9310344827586	0.344827586206897	0	0	0.0517241379310345	0.120689655172414	0.120689655172414	0.120689655172414	0	0	0	0	0	0	0	0	0
0	0.173913043478261	12.7391304347826	0.304347826086957	0	0	0.0217391304347826	0.108695652173913	0.0217391304347826	0.0217391304347826	0	0	0	0	0	0	0	0
0	0	0.338983050847458	14.6101694915254	0	0	0.220338983050847	0.542372881355932	0.0847457627118644	0.0169491525423729	0	0	0	0	0	0	0	0
0	0	0	0	0	0	0	0	0	0	0	0	0	0	0	0	0	0
0	0	0	0	0	0	0	0	0	0	0	0	0	0	0	0	0	0
0	0	0	0	0	0	0	0	0	0	0	0	0	0	0	0	0	0
0	0	0	0	0	0	0	0	0	0	0	0	0	0	0	0	0	0
0	0	0	0	0	0	0	0	0	0	0	0	0	0	0	0	0	0
0	0	0	0	0	0	0	0	0	0	0	0	0	0	0	0	0	0
0	0	0	0	0	0	0	0	0	0	0	0	0	0	0	0	0	0
0	0	0	0	0	0	0	0	0	0	0	0	0	0	0	0	0	0
0	0	0	0	0	0	0	0	0	0	0	0	0	0	0	0	0	0
0	0	0	0	0	0	0	0	0	0	0	0	0	0	0	0	0	0
0	0	0	0	0	0	0	0	0	0	0	0	0	0	0	0	0	0
0	0	0	0	0	0	0	0	0	0	0	0	0	0	0	0	0	0
0	0	0	0	0	0	0	0	0	0	0	0	0	0	0	0	0	0
0	0	0	0	0	0	0	0	0	0	0	0	0	0	0	0	0	0
