1.05263157894737	0.0526315789473684	0	0	0	0	0.0175438596491228	0	0.0175438596491228	0	0	0	0	0	0	0	0	0
0	6.13793103448276	0.206896551724138	0	0	0.0172413793103448	0.0689655172413793	0.0344827586206897	0.0689655172413793	0	0	0	0	0	0	0	0	0
0	0.0217391304347826	15.7826086956522	0.630434782608696	0	0.0217391304347826	0.0652173913043478	0.239130434782609	0	0.0434782608695652	0.0217391304347826	0	0	0	0	0	0	0
0	0	0.203389830508475	13.4406779661017	0	0.0169491525423729	0.254237288135593	0.355932203389831	0.0677966101694915	0.0508474576271186	0	0	0	0	0	0	0	0
0	0	0	0	0	0	0	0	0	0	0	0	0	0	0	0	0	0
0	0	0	0	0	0	0	0	0	0	0	0	0	0	0	0	0	0
0	0	0	0	0	0	0	0	0	0	0	0	0	0	0	0	0	0
0	0	0	0	0	0	0	0	0	0	0	0	0	0	0	0	0	0
0	0	0	0	0	0	0	0	0	0	0	0	0	0	0	0	0	0
0	0	0	0	0	0	0	0	0	0	0	0	0	0	0	0	0	0
0	0	0	0	0	0	0	0	0	0	0	0	0	0	0	0	0	0
0	0	0	0	0	0	0	0	0	0	0	0	0	0	0	0	0	0
0	0	0	0	0	0	0	0	0	0	0	0	0	0	0	0	0	0
0	0	0	0	0	0	0	0	0	0	0	0	0	0	0	0	0	0
0	0	0	0	0	0	0	0	0	0	0	0	0	0	0	0	0	0
0	0	0	0	0	0	0	0	0	0	0	0	0	0	0	0	0	0
0	0	0	0	0	0	0	0	0	0	0	0	0	0	0	0	0	0
0	0	0	0	0	0	0	0	0	0	0	0	0	0	0	0	0	0
