1.64912280701754	0.0526315789473684	0	0	0	0	0.105263157894737	0.157894736842105	0.0526315789473684	0	0	0	0	0	0	0	0	0
0	8.56896551724138	0.0344827586206897	0	0	0.0172413793103448	0.103448275862069	0.379310344827586	0.0344827586206897	0	0	0	0	0	0	0	0	0
0	0.260869565217391	18.2173913043478	0.282608695652174	0	0.0217391304347826	0.0652173913043478	0.108695652173913	0	0.0217391304347826	0.0217391304347826	0	0	0	0	0	0	0
0	0	0.203389830508475	15.0508474576271	0	0.0847457627118644	0.355932203389831	0.796610169491525	0.254237288135593	0.0169491525423729	0	0	0	0	0	0	0	0
0	0	0	0	0	0	0	0	0	0	0	0	0	0	0	0	0	0
0	0	0	0	0	0	0	0	0	0	0	0	0	0	0	0	0	0
0	0	0	0	0	0	0	0	0	0	0	0	0	0	0	0	0	0
0	0	0	0	0	0	0	0	0	0	0	0	0	0	0	0	0	0
0	0	0	0	0	0	0	0	0	0	0	0	0	0	0	0	0	0
0	0	0	0	0	0	0	0	0	0	0	0	0	0	0	0	0	0
0	0	0	0	0	0	0	0	0	0	0	0	0	0	0	0	0	0
0	0	0	0	0	0	0	0	0	0	0	0	0	0	0	0	0	0
0	0	0	0	0	0	0	0	0	0	0	0	0	0	0	0	0	0
0	0	0	0	0	0	0	0	0	0	0	0	0	0	0	0	0	0
0	0	0	0	0	0	0	0	0	0	0	0	0	0	0	0	0	0
0	0	0	0	0	0	0	0	0	0	0	0	0	0	0	0	0	0
0	0	0	0	0	0	0	0	0	0	0	0	0	0	0	0	0	0
0	0	0	0	0	0	0	0	0	0	0	0	0	0	0	0	0	0
