2.47368421052632	0.0526315789473684	0	0	0	0	0.0175438596491228	0.105263157894737	0.0701754385964912	0	0	0	0	0	0	0	0	0
0	9.8448275862069	0.137931034482759	0	0	0.0517241379310345	0.155172413793103	0.293103448275862	0.155172413793103	0	0	0	0	0	0	0	0	0
0	0.391304347826087	14.3260869565217	0.304347826086957	0	0.0434782608695652	0.0434782608695652	0.0869565217391304	0	0.0434782608695652	0.0434782608695652	0	0	0	0	0	0	0
0	0	0.322033898305085	13.8135593220339	0	0.0677966101694915	0.23728813559322	0.677966101694915	0.11864406779661	0.0169491525423729	0	0	0	0	0	0	0	0
0	0	0	0	0	0	0	0	0	0	0	0	0	0	0	0	0	0
0	0	0	0	0	0	0	0	0	0	0	0	0	0	0	0	0	0
0	0	0	0	0	0	0	0	0	0	0	0	0	0	0	0	0	0
0	0	0	0	0	0	0	0	0	0	0	0	0	0	0	0	0	0
0	0	0	0	0	0	0	0	0	0	0	0	0	0	0	0	0	0
0	0	0	0	0	0	0	0	0	0	0	0	0	0	0	0	0	0
0	0	0	0	0	0	0	0	0	0	0	0	0	0	0	0	0	0
0	0	0	0	0	0	0	0	0	0	0	0	0	0	0	0	0	0
0	0	0	0	0	0	0	0	0	0	0	0	0	0	0	0	0	0
0	0	0	0	0	0	0	0	0	0	0	0	0	0	0	0	0	0
0	0	0	0	0	0	0	0	0	0	0	0	0	0	0	0	0	0
0	0	0	0	0	0	0	0	0	0	0	0	0	0	0	0	0	0
0	0	0	0	0	0	0	0	0	0	0	0	0	0	0	0	0	0
0	0	0	0	0	0	0	0	0	0	0	0	0	0	0	0	0	0
