1.17543859649123	0.12280701754386	0	0	0	0	0.0350877192982456	0.0526315789473684	0.0175438596491228	0	0	0	0	0	0	0	0	0
0	8.62068965517241	0.206896551724138	0	0	0.0517241379310345	0.120689655172414	0.0689655172413793	0.172413793103448	0	0	0	0	0	0	0	0	0
0	0.0434782608695652	12.3913043478261	0.108695652173913	0	0.0434782608695652	0.130434782608696	0.217391304347826	0	0.0434782608695652	0.0434782608695652	0	0	0	0	0	0	0
0	0	0.288135593220339	13.1525423728814	0	0.0169491525423729	0.186440677966102	0.406779661016949	0.0508474576271186	0.0169491525423729	0	0	0	0	0	0	0	0
0	0	0	0	0	0	0	0	0	0	0	0	0	0	0	0	0	0
0	0	0	0	0	0	0	0	0	0	0	0	0	0	0	0	0	0
0	0	0	0	0	0	0	0	0	0	0	0	0	0	0	0	0	0
0	0	0	0	0	0	0	0	0	0	0	0	0	0	0	0	0	0
0	0	0	0	0	0	0	0	0	0	0	0	0	0	0	0	0	0
0	0	0	0	0	0	0	0	0	0	0	0	0	0	0	0	0	0
0	0	0	0	0	0	0	0	0	0	0	0	0	0	0	0	0	0
0	0	0	0	0	0	0	0	0	0	0	0	0	0	0	0	0	0
0	0	0	0	0	0	0	0	0	0	0	0	0	0	0	0	0	0
0	0	0	0	0	0	0	0	0	0	0	0	0	0	0	0	0	0
0	0	0	0	0	0	0	0	0	0	0	0	0	0	0	0	0	0
0	0	0	0	0	0	0	0	0	0	0	0	0	0	0	0	0	0
0	0	0	0	0	0	0	0	0	0	0	0	0	0	0	0	0	0
0	0	0	0	0	0	0	0	0	0	0	0	0	0	0	0	0	0
