3.24561403508772	0.280701754385965	0	0	0	0	0.0350877192982456	0.087719298245614	0.0350877192982456	0	0	0	0	0	0	0	0	0
0	8.36206896551724	0.0344827586206897	0	0	0	0.0689655172413793	0.189655172413793	0.0172413793103448	0	0	0	0	0	0	0	0	0
0	0.152173913043478	20.695652173913	0.565217391304348	0	0.0434782608695652	0.0434782608695652	0.152173913043478	0	0.0652173913043478	0.0434782608695652	0	0	0	0	0	0	0
0	0	0.271186440677966	13.6271186440678	0	0.0338983050847458	0.355932203389831	0.491525423728814	0.101694915254237	0.0677966101694915	0	0	0	0	0	0	0	0
0	0	0	0	0	0	0	0	0	0	0	0	0	0	0	0	0	0
0	0	0	0	0	0	0	0	0	0	0	0	0	0	0	0	0	0
0	0	0	0	0	0	0	0	0	0	0	0	0	0	0	0	0	0
0	0	0	0	0	0	0	0	0	0	0	0	0	0	0	0	0	0
0	0	0	0	0	0	0	0	0	0	0	0	0	0	0	0	0	0
0	0	0	0	0	0	0	0	0	0	0	0	0	0	0	0	0	0
0	0	0	0	0	0	0	0	0	0	0	0	0	0	0	0	0	0
0	0	0	0	0	0	0	0	0	0	0	0	0	0	0	0	0	0
0	0	0	0	0	0	0	0	0	0	0	0	0	0	0	0	0	0
0	0	0	0	0	0	0	0	0	0	0	0	0	0	0	0	0	0
0	0	0	0	0	0	0	0	0	0	0	0	0	0	0	0	0	0
0	0	0	0	0	0	0	0	0	0	0	0	0	0	0	0	0	0
0	0	0	0	0	0	0	0	0	0	0	0	0	0	0	0	0	0
0	0	0	0	0	0	0	0	0	0	0	0	0	0	0	0	0	0
