1.49122807017544	0.0526315789473684	0	0	0	0	0.0175438596491228	0	0.0175438596491228	0	0	0	0	0	0	0	0	0
0	6.18965517241379	0.0344827586206897	0	0	0.0172413793103448	0.0344827586206897	0.120689655172414	0.0517241379310345	0	0	0	0	0	0	0	0	0
0	0.391304347826087	9.93478260869565	0.0869565217391304	0	0.0217391304347826	0.0434782608695652	0.0652173913043478	0.0217391304347826	0.0217391304347826	0.0217391304347826	0	0	0	0	0	0	0
0	0	0.271186440677966	14.3050847457627	0	0.220338983050847	0.338983050847458	0.677966101694915	0.203389830508475	0.0169491525423729	0	0	0	0	0	0	0	0
0	0	0	0	0	0	0	0	0	0	0	0	0	0	0	0	0	0
0	0	0	0	0	0	0	0	0	0	0	0	0	0	0	0	0	0
0	0	0	0	0	0	0	0	0	0	0	0	0	0	0	0	0	0
0	0	0	0	0	0	0	0	0	0	0	0	0	0	0	0	0	0
0	0	0	0	0	0	0	0	0	0	0	0	0	0	0	0	0	0
0	0	0	0	0	0	0	0	0	0	0	0	0	0	0	0	0	0
0	0	0	0	0	0	0	0	0	0	0	0	0	0	0	0	0	0
0	0	0	0	0	0	0	0	0	0	0	0	0	0	0	0	0	0
0	0	0	0	0	0	0	0	0	0	0	0	0	0	0	0	0	0
0	0	0	0	0	0	0	0	0	0	0	0	0	0	0	0	0	0
0	0	0	0	0	0	0	0	0	0	0	0	0	0	0	0	0	0
0	0	0	0	0	0	0	0	0	0	0	0	0	0	0	0	0	0
0	0	0	0	0	0	0	0	0	0	0	0	0	0	0	0	0	0
0	0	0	0	0	0	0	0	0	0	0	0	0	0	0	0	0	0
