1.96491228070175	0.0526315789473684	0	0	0	0	0.0175438596491228	0.0350877192982456	0.0350877192982456	0	0	0	0	0	0	0	0	0
0	7.41379310344828	0	0	0	0	0.0517241379310345	0.258620689655172	0.0172413793103448	0	0	0	0	0	0	0	0	0
0	0	9.34782608695652	0.260869565217391	0	0.0434782608695652	0.0434782608695652	0.173913043478261	0	0.0652173913043478	0.0434782608695652	0	0	0	0	0	0	0
0	0	0.152542372881356	9.01694915254237	0	0.0508474576271186	0.305084745762712	0.355932203389831	0.0847457627118644	0.0169491525423729	0	0	0	0	0	0	0	0
0	0	0	0	0	0	0	0	0	0	0	0	0	0	0	0	0	0
0	0	0	0	0	0	0	0	0	0	0	0	0	0	0	0	0	0
0	0	0	0	0	0	0	0	0	0	0	0	0	0	0	0	0	0
0	0	0	0	0	0	0	0	0	0	0	0	0	0	0	0	0	0
0	0	0	0	0	0	0	0	0	0	0	0	0	0	0	0	0	0
0	0	0	0	0	0	0	0	0	0	0	0	0	0	0	0	0	0
0	0	0	0	0	0	0	0	0	0	0	0	0	0	0	0	0	0
0	0	0	0	0	0	0	0	0	0	0	0	0	0	0	0	0	0
0	0	0	0	0	0	0	0	0	0	0	0	0	0	0	0	0	0
0	0	0	0	0	0	0	0	0	0	0	0	0	0	0	0	0	0
0	0	0	0	0	0	0	0	0	0	0	0	0	0	0	0	0	0
0	0	0	0	0	0	0	0	0	0	0	0	0	0	0	0	0	0
0	0	0	0	0	0	0	0	0	0	0	0	0	0	0	0	0	0
0	0	0	0	0	0	0	0	0	0	0	0	0	0	0	0	0	0
