2.1578947368421	0.105263157894737	0	0	0	0	0	0.0701754385964912	0.0350877192982456	0	0	0	0	0	0	0	0	0
0	6.79310344827586	0.103448275862069	0	0	0.0344827586206897	0.0344827586206897	0.103448275862069	0.0689655172413793	0	0	0	0	0	0	0	0	0
0	0.326086956521739	16.3478260869565	0.304347826086956	0	0	0.0217391304347826	0.0434782608695652	0.0217391304347826	0	0	0	0	0	0	0	0	0
0	0	0.0508474576271186	9.05084745762712	0	0.0169491525423729	0.186440677966102	0.338983050847458	0.11864406779661	0.0338983050847458	0	0	0	0	0	0	0	0
0	0	0	0	0	0	0	0	0	0	0	0	0	0	0	0	0	0
0	0	0	0	0	0	0	0	0	0	0	0	0	0	0	0	0	0
0	0	0	0	0	0	0	0	0	0	0	0	0	0	0	0	0	0
0	0	0	0	0	0	0	0	0	0	0	0	0	0	0	0	0	0
0	0	0	0	0	0	0	0	0	0	0	0	0	0	0	0	0	0
0	0	0	0	0	0	0	0	0	0	0	0	0	0	0	0	0	0
0	0	0	0	0	0	0	0	0	0	0	0	0	0	0	0	0	0
0	0	0	0	0	0	0	0	0	0	0	0	0	0	0	0	0	0
0	0	0	0	0	0	0	0	0	0	0	0	0	0	0	0	0	0
0	0	0	0	0	0	0	0	0	0	0	0	0	0	0	0	0	0
0	0	0	0	0	0	0	0	0	0	0	0	0	0	0	0	0	0
0	0	0	0	0	0	0	0	0	0	0	0	0	0	0	0	0	0
0	0	0	0	0	0	0	0	0	0	0	0	0	0	0	0	0	0
0	0	0	0	0	0	0	0	0	0	0	0	0	0	0	0	0	0
