1.68421052631579	0.0350877192982456	0	0	0	0	0.0701754385964912	0.105263157894737	0.0350877192982456	0	0	0	0	0	0	0	0	0
0	7.5	0.137931034482759	0	0	0	0.0517241379310345	0.0689655172413793	0	0	0	0	0	0	0	0	0	0
0	0.173913043478261	16.0869565217391	0.239130434782609	0	0.0217391304347826	0.0652173913043478	0.173913043478261	0	0.0434782608695652	0.0217391304347826	0	0	0	0	0	0	0
0	0	0.322033898305085	14.3728813559322	0	0.0338983050847458	0.203389830508475	0.76271186440678	0.135593220338983	0.0169491525423729	0	0	0	0	0	0	0	0
0	0	0	0	0	0	0	0	0	0	0	0	0	0	0	0	0	0
0	0	0	0	0	0	0	0	0	0	0	0	0	0	0	0	0	0
0	0	0	0	0	0	0	0	0	0	0	0	0	0	0	0	0	0
0	0	0	0	0	0	0	0	0	0	0	0	0	0	0	0	0	0
0	0	0	0	0	0	0	0	0	0	0	0	0	0	0	0	0	0
0	0	0	0	0	0	0	0	0	0	0	0	0	0	0	0	0	0
0	0	0	0	0	0	0	0	0	0	0	0	0	0	0	0	0	0
0	0	0	0	0	0	0	0	0	0	0	0	0	0	0	0	0	0
0	0	0	0	0	0	0	0	0	0	0	0	0	0	0	0	0	0
0	0	0	0	0	0	0	0	0	0	0	0	0	0	0	0	0	0
0	0	0	0	0	0	0	0	0	0	0	0	0	0	0	0	0	0
0	0	0	0	0	0	0	0	0	0	0	0	0	0	0	0	0	0
0	0	0	0	0	0	0	0	0	0	0	0	0	0	0	0	0	0
0	0	0	0	0	0	0	0	0	0	0	0	0	0	0	0	0	0
