1.71929824561404	0.0350877192982456	0	0	0	0	0.0701754385964912	0.140350877192982	0.0526315789473684	0	0	0	0	0	0	0	0	0
0	4.93103448275862	0.103448275862069	0	0	0.0172413793103448	0.0689655172413793	0.0344827586206897	0.0689655172413793	0	0	0	0	0	0	0	0	0
0	0.195652173913043	17.7826086956522	0.304347826086957	0	0	0.0869565217391304	0.130434782608696	0.0434782608695652	0.0217391304347826	0	0	0	0	0	0	0	0
0	0	0.0677966101694915	14.9661016949153	0	0.0677966101694915	0.389830508474576	0.610169491525424	0.152542372881356	0.101694915254237	0	0	0	0	0	0	0	0
0	0	0	0	0	0	0	0	0	0	0	0	0	0	0	0	0	0
0	0	0	0	0	0	0	0	0	0	0	0	0	0	0	0	0	0
0	0	0	0	0	0	0	0	0	0	0	0	0	0	0	0	0	0
0	0	0	0	0	0	0	0	0	0	0	0	0	0	0	0	0	0
0	0	0	0	0	0	0	0	0	0	0	0	0	0	0	0	0	0
0	0	0	0	0	0	0	0	0	0	0	0	0	0	0	0	0	0
0	0	0	0	0	0	0	0	0	0	0	0	0	0	0	0	0	0
0	0	0	0	0	0	0	0	0	0	0	0	0	0	0	0	0	0
0	0	0	0	0	0	0	0	0	0	0	0	0	0	0	0	0	0
0	0	0	0	0	0	0	0	0	0	0	0	0	0	0	0	0	0
0	0	0	0	0	0	0	0	0	0	0	0	0	0	0	0	0	0
0	0	0	0	0	0	0	0	0	0	0	0	0	0	0	0	0	0
0	0	0	0	0	0	0	0	0	0	0	0	0	0	0	0	0	0
0	0	0	0	0	0	0	0	0	0	0	0	0	0	0	0	0	0
