4.36842105263158	0.245614035087719	0	0	0	0	0.087719298245614	0.140350877192982	0.0701754385964912	0	0	0	0	0	0	0	0	0
0	10.4827586206897	0	0	0	0.0172413793103448	0.103448275862069	0.379310344827586	0.0344827586206897	0	0	0	0	0	0	0	0	0
0	0.108695652173913	14.4782608695652	0.456521739130435	0	0	0.0652173913043478	0.0652173913043478	0.0217391304347826	0	0	0	0	0	0	0	0	0
0	0	0.440677966101695	13.6440677966102	0	0.0338983050847458	0.322033898305085	0.508474576271186	0.101694915254237	0.0338983050847458	0	0	0	0	0	0	0	0
0	0	0	0	0	0	0	0	0	0	0	0	0	0	0	0	0	0
0	0	0	0	0	0	0	0	0	0	0	0	0	0	0	0	0	0
0	0	0	0	0	0	0	0	0	0	0	0	0	0	0	0	0	0
0	0	0	0	0	0	0	0	0	0	0	0	0	0	0	0	0	0
0	0	0	0	0	0	0	0	0	0	0	0	0	0	0	0	0	0
0	0	0	0	0	0	0	0	0	0	0	0	0	0	0	0	0	0
0	0	0	0	0	0	0	0	0	0	0	0	0	0	0	0	0	0
0	0	0	0	0	0	0	0	0	0	0	0	0	0	0	0	0	0
0	0	0	0	0	0	0	0	0	0	0	0	0	0	0	0	0	0
0	0	0	0	0	0	0	0	0	0	0	0	0	0	0	0	0	0
0	0	0	0	0	0	0	0	0	0	0	0	0	0	0	0	0	0
0	0	0	0	0	0	0	0	0	0	0	0	0	0	0	0	0	0
0	0	0	0	0	0	0	0	0	0	0	0	0	0	0	0	0	0
0	0	0	0	0	0	0	0	0	0	0	0	0	0	0	0	0	0
