2.6140350877193	0.0350877192982456	0	0	0	0	0.105263157894737	0.140350877192982	0.087719298245614	0	0	0	0	0	0	0	0	0
0	10.9137931034483	0.241379310344828	0	0	0	0.0344827586206897	0.0344827586206897	0	0	0	0	0	0	0	0	0	0
0	0.369565217391304	11.5217391304348	0.195652173913043	0	0	0.0652173913043478	0.0652173913043478	0.0217391304347826	0	0	0	0	0	0	0	0	0
0	0	0.372881355932203	17.3389830508475	0	0.11864406779661	0.338983050847458	0.711864406779661	0.135593220338983	0.0847457627118644	0	0	0	0	0	0	0	0
0	0	0	0	0	0	0	0	0	0	0	0	0	0	0	0	0	0
0	0	0	0	0	0	0	0	0	0	0	0	0	0	0	0	0	0
0	0	0	0	0	0	0	0	0	0	0	0	0	0	0	0	0	0
0	0	0	0	0	0	0	0	0	0	0	0	0	0	0	0	0	0
0	0	0	0	0	0	0	0	0	0	0	0	0	0	0	0	0	0
0	0	0	0	0	0	0	0	0	0	0	0	0	0	0	0	0	0
0	0	0	0	0	0	0	0	0	0	0	0	0	0	0	0	0	0
0	0	0	0	0	0	0	0	0	0	0	0	0	0	0	0	0	0
0	0	0	0	0	0	0	0	0	0	0	0	0	0	0	0	0	0
0	0	0	0	0	0	0	0	0	0	0	0	0	0	0	0	0	0
0	0	0	0	0	0	0	0	0	0	0	0	0	0	0	0	0	0
0	0	0	0	0	0	0	0	0	0	0	0	0	0	0	0	0	0
0	0	0	0	0	0	0	0	0	0	0	0	0	0	0	0	0	0
0	0	0	0	0	0	0	0	0	0	0	0	0	0	0	0	0	0
