2.29824561403509	0.0175438596491228	0	0	0	0	0.0350877192982456	0.192982456140351	0.087719298245614	0	0	0	0	0	0	0	0	0
0	5.63793103448276	0.379310344827586	0	0	0.0517241379310345	0.120689655172414	0.137931034482759	0.103448275862069	0	0	0	0	0	0	0	0	0
0	0.173913043478261	10.6304347826087	0.282608695652174	0	0	0.0217391304347826	0	0.0217391304347826	0	0	0	0	0	0	0	0	0
0	0	0.203389830508475	12.1525423728814	0	0.0508474576271186	0.322033898305085	0.796610169491525	0.152542372881356	0.0677966101694915	0	0	0	0	0	0	0	0
0	0	0	0	0	0	0	0	0	0	0	0	0	0	0	0	0	0
0	0	0	0	0	0	0	0	0	0	0	0	0	0	0	0	0	0
0	0	0	0	0	0	0	0	0	0	0	0	0	0	0	0	0	0
0	0	0	0	0	0	0	0	0	0	0	0	0	0	0	0	0	0
0	0	0	0	0	0	0	0	0	0	0	0	0	0	0	0	0	0
0	0	0	0	0	0	0	0	0	0	0	0	0	0	0	0	0	0
0	0	0	0	0	0	0	0	0	0	0	0	0	0	0	0	0	0
0	0	0	0	0	0	0	0	0	0	0	0	0	0	0	0	0	0
0	0	0	0	0	0	0	0	0	0	0	0	0	0	0	0	0	0
0	0	0	0	0	0	0	0	0	0	0	0	0	0	0	0	0	0
0	0	0	0	0	0	0	0	0	0	0	0	0	0	0	0	0	0
0	0	0	0	0	0	0	0	0	0	0	0	0	0	0	0	0	0
0	0	0	0	0	0	0	0	0	0	0	0	0	0	0	0	0	0
0	0	0	0	0	0	0	0	0	0	0	0	0	0	0	0	0	0
