1.29824561403509	0.0526315789473684	0	0	0	0	0	0.0350877192982456	0.0175438596491228	0	0	0	0	0	0	0	0	0
0	7.93103448275862	0.0689655172413793	0	0	0	0.0689655172413793	0.189655172413793	0.0172413793103448	0	0	0	0	0	0	0	0	0
0	0.0217391304347826	15.5217391304348	0.391304347826087	0	0	0.0434782608695652	0.217391304347826	0	0.0434782608695652	0	0	0	0	0	0	0	0
0	0	0.355932203389831	18.2542372881356	0	0.11864406779661	0.322033898305085	0.830508474576271	0.135593220338983	0.0677966101694915	0	0	0	0	0	0	0	0
0	0	0	0	0	0	0	0	0	0	0	0	0	0	0	0	0	0
0	0	0	0	0	0	0	0	0	0	0	0	0	0	0	0	0	0
0	0	0	0	0	0	0	0	0	0	0	0	0	0	0	0	0	0
0	0	0	0	0	0	0	0	0	0	0	0	0	0	0	0	0	0
0	0	0	0	0	0	0	0	0	0	0	0	0	0	0	0	0	0
0	0	0	0	0	0	0	0	0	0	0	0	0	0	0	0	0	0
0	0	0	0	0	0	0	0	0	0	0	0	0	0	0	0	0	0
0	0	0	0	0	0	0	0	0	0	0	0	0	0	0	0	0	0
0	0	0	0	0	0	0	0	0	0	0	0	0	0	0	0	0	0
0	0	0	0	0	0	0	0	0	0	0	0	0	0	0	0	0	0
0	0	0	0	0	0	0	0	0	0	0	0	0	0	0	0	0	0
0	0	0	0	0	0	0	0	0	0	0	0	0	0	0	0	0	0
0	0	0	0	0	0	0	0	0	0	0	0	0	0	0	0	0	0
0	0	0	0	0	0	0	0	0	0	0	0	0	0	0	0	0	0
