3.42105263157895	0.263157894736842	0	0	0	0	0.12280701754386	0.157894736842105	0.0701754385964912	0	0	0	0	0	0	0	0	0
0	7.25862068965517	0.103448275862069	0	0	0	0.0517241379310345	0.172413793103448	0.0344827586206897	0	0	0	0	0	0	0	0	0
0	0	15.4782608695652	0.369565217391304	0	0.0217391304347826	0.0217391304347826	0.0869565217391304	0	0.0217391304347826	0.0217391304347826	0	0	0	0	0	0	0
0	0	0.254237288135593	12.4576271186441	0	0.0338983050847458	0.271186440677966	0.542372881355932	0.152542372881356	0.0508474576271186	0	0	0	0	0	0	0	0
0	0	0	0	0	0	0	0	0	0	0	0	0	0	0	0	0	0
0	0	0	0	0	0	0	0	0	0	0	0	0	0	0	0	0	0
0	0	0	0	0	0	0	0	0	0	0	0	0	0	0	0	0	0
0	0	0	0	0	0	0	0	0	0	0	0	0	0	0	0	0	0
0	0	0	0	0	0	0	0	0	0	0	0	0	0	0	0	0	0
0	0	0	0	0	0	0	0	0	0	0	0	0	0	0	0	0	0
0	0	0	0	0	0	0	0	0	0	0	0	0	0	0	0	0	0
0	0	0	0	0	0	0	0	0	0	0	0	0	0	0	0	0	0
0	0	0	0	0	0	0	0	0	0	0	0	0	0	0	0	0	0
0	0	0	0	0	0	0	0	0	0	0	0	0	0	0	0	0	0
0	0	0	0	0	0	0	0	0	0	0	0	0	0	0	0	0	0
0	0	0	0	0	0	0	0	0	0	0	0	0	0	0	0	0	0
0	0	0	0	0	0	0	0	0	0	0	0	0	0	0	0	0	0
0	0	0	0	0	0	0	0	0	0	0	0	0	0	0	0	0	0
