1.15789473684211	0.157894736842105	0	0	0	0	0	0	0	0	0	0	0	0	0	0	0	0
0	8	0.0689655172413793	0	0	0.0172413793103448	0.0862068965517241	0.431034482758621	0.0517241379310345	0	0	0	0	0	0	0	0	0
0	0.108695652173913	15.4782608695652	0.41304347826087	0	0.0434782608695652	0.0869565217391304	0.173913043478261	0	0.0434782608695652	0.0434782608695652	0	0	0	0	0	0	0
0	0	0.23728813559322	18	0	0.0508474576271186	0.355932203389831	0.796610169491525	0.135593220338983	0.0677966101694915	0	0	0	0	0	0	0	0
0	0	0	0	0	0	0	0	0	0	0	0	0	0	0	0	0	0
0	0	0	0	0	0	0	0	0	0	0	0	0	0	0	0	0	0
0	0	0	0	0	0	0	0	0	0	0	0	0	0	0	0	0	0
0	0	0	0	0	0	0	0	0	0	0	0	0	0	0	0	0	0
0	0	0	0	0	0	0	0	0	0	0	0	0	0	0	0	0	0
0	0	0	0	0	0	0	0	0	0	0	0	0	0	0	0	0	0
0	0	0	0	0	0	0	0	0	0	0	0	0	0	0	0	0	0
0	0	0	0	0	0	0	0	0	0	0	0	0	0	0	0	0	0
0	0	0	0	0	0	0	0	0	0	0	0	0	0	0	0	0	0
0	0	0	0	0	0	0	0	0	0	0	0	0	0	0	0	0	0
0	0	0	0	0	0	0	0	0	0	0	0	0	0	0	0	0	0
0	0	0	0	0	0	0	0	0	0	0	0	0	0	0	0	0	0
0	0	0	0	0	0	0	0	0	0	0	0	0	0	0	0	0	0
0	0	0	0	0	0	0	0	0	0	0	0	0	0	0	0	0	0
