4.08771929824561	0.12280701754386	0	0	0	0	0.087719298245614	0.087719298245614	0.087719298245614	0	0	0	0	0	0	0	0	0
0	8.89655172413793	0.172413793103448	0	0	0.0172413793103448	0.120689655172414	0.172413793103448	0.0689655172413793	0	0	0	0	0	0	0	0	0
0	0.173913043478261	12	0.0652173913043478	0	0	0.0434782608695652	0.0652173913043478	0.0434782608695652	0.0217391304347826	0	0	0	0	0	0	0	0
0	0	0.23728813559322	10.5932203389831	0	0.0847457627118644	0.203389830508475	0.474576271186441	0.0847457627118644	0.0169491525423729	0	0	0	0	0	0	0	0
0	0	0	0	0	0	0	0	0	0	0	0	0	0	0	0	0	0
0	0	0	0	0	0	0	0	0	0	0	0	0	0	0	0	0	0
0	0	0	0	0	0	0	0	0	0	0	0	0	0	0	0	0	0
0	0	0	0	0	0	0	0	0	0	0	0	0	0	0	0	0	0
0	0	0	0	0	0	0	0	0	0	0	0	0	0	0	0	0	0
0	0	0	0	0	0	0	0	0	0	0	0	0	0	0	0	0	0
0	0	0	0	0	0	0	0	0	0	0	0	0	0	0	0	0	0
0	0	0	0	0	0	0	0	0	0	0	0	0	0	0	0	0	0
0	0	0	0	0	0	0	0	0	0	0	0	0	0	0	0	0	0
0	0	0	0	0	0	0	0	0	0	0	0	0	0	0	0	0	0
0	0	0	0	0	0	0	0	0	0	0	0	0	0	0	0	0	0
0	0	0	0	0	0	0	0	0	0	0	0	0	0	0	0	0	0
0	0	0	0	0	0	0	0	0	0	0	0	0	0	0	0	0	0
0	0	0	0	0	0	0	0	0	0	0	0	0	0	0	0	0	0
