0.947368421052632	0	0	0	0	0	0	0.0701754385964912	0.0350877192982456	0	0	0	0	0	0	0	0	0
0	8.27586206896552	0.0344827586206897	0	0	0	0.103448275862069	0.224137931034483	0.0172413793103448	0	0	0	0	0	0	0	0	0
0	0.173913043478261	9.69565217391304	0.260869565217391	0	0.0434782608695652	0.0434782608695652	0.108695652173913	0	0.0434782608695652	0.0434782608695652	0	0	0	0	0	0	0
0	0	0.389830508474576	13.2203389830508	0	0.0338983050847458	0.23728813559322	0.338983050847458	0.101694915254237	0.0338983050847458	0	0	0	0	0	0	0	0
0	0	0	0	0	0	0	0	0	0	0	0	0	0	0	0	0	0
0	0	0	0	0	0	0	0	0	0	0	0	0	0	0	0	0	0
0	0	0	0	0	0	0	0	0	0	0	0	0	0	0	0	0	0
0	0	0	0	0	0	0	0	0	0	0	0	0	0	0	0	0	0
0	0	0	0	0	0	0	0	0	0	0	0	0	0	0	0	0	0
0	0	0	0	0	0	0	0	0	0	0	0	0	0	0	0	0	0
0	0	0	0	0	0	0	0	0	0	0	0	0	0	0	0	0	0
0	0	0	0	0	0	0	0	0	0	0	0	0	0	0	0	0	0
0	0	0	0	0	0	0	0	0	0	0	0	0	0	0	0	0	0
0	0	0	0	0	0	0	0	0	0	0	0	0	0	0	0	0	0
0	0	0	0	0	0	0	0	0	0	0	0	0	0	0	0	0	0
0	0	0	0	0	0	0	0	0	0	0	0	0	0	0	0	0	0
0	0	0	0	0	0	0	0	0	0	0	0	0	0	0	0	0	0
0	0	0	0	0	0	0	0	0	0	0	0	0	0	0	0	0	0
