2.73684210526316	0.087719298245614	0	0	0	0	0.087719298245614	0.105263157894737	0.0526315789473684	0	0	0	0	0	0	0	0	0
0	9.12068965517241	0.206896551724138	0	0	0	0.0172413793103448	0.103448275862069	0	0	0	0	0	0	0	0	0	0
0	0.652173913043478	17.7826086956522	0.260869565217391	0	0	0.0434782608695652	0.152173913043478	0	0.0217391304347826	0	0	0	0	0	0	0	0
0	0	0.305084745762712	15.7796610169492	0	0.0508474576271186	0.389830508474576	0.644067796610169	0.11864406779661	0.0677966101694915	0	0	0	0	0	0	0	0
0	0	0	0	0	0	0	0	0	0	0	0	0	0	0	0	0	0
0	0	0	0	0	0	0	0	0	0	0	0	0	0	0	0	0	0
0	0	0	0	0	0	0	0	0	0	0	0	0	0	0	0	0	0
0	0	0	0	0	0	0	0	0	0	0	0	0	0	0	0	0	0
0	0	0	0	0	0	0	0	0	0	0	0	0	0	0	0	0	0
0	0	0	0	0	0	0	0	0	0	0	0	0	0	0	0	0	0
0	0	0	0	0	0	0	0	0	0	0	0	0	0	0	0	0	0
0	0	0	0	0	0	0	0	0	0	0	0	0	0	0	0	0	0
0	0	0	0	0	0	0	0	0	0	0	0	0	0	0	0	0	0
0	0	0	0	0	0	0	0	0	0	0	0	0	0	0	0	0	0
0	0	0	0	0	0	0	0	0	0	0	0	0	0	0	0	0	0
0	0	0	0	0	0	0	0	0	0	0	0	0	0	0	0	0	0
0	0	0	0	0	0	0	0	0	0	0	0	0	0	0	0	0	0
0	0	0	0	0	0	0	0	0	0	0	0	0	0	0	0	0	0
