3.2280701754386	0.12280701754386	0	0	0	0	0.0526315789473684	0.12280701754386	0.0701754385964912	0	0	0	0	0	0	0	0	0
0	7.12068965517241	0.241379310344828	0	0	0	0.0689655172413793	0.258620689655172	0.0172413793103448	0	0	0	0	0	0	0	0	0
0	0.173913043478261	17.304347826087	0.239130434782609	0	0.0217391304347826	0.0652173913043478	0.152173913043478	0	0.0217391304347826	0.0217391304347826	0	0	0	0	0	0	0
0	0	0.271186440677966	15.8305084745763	0	0.0677966101694915	0.322033898305085	0.491525423728814	0.152542372881356	0.0169491525423729	0	0	0	0	0	0	0	0
0	0	0	0	0	0	0	0	0	0	0	0	0	0	0	0	0	0
0	0	0	0	0	0	0	0	0	0	0	0	0	0	0	0	0	0
0	0	0	0	0	0	0	0	0	0	0	0	0	0	0	0	0	0
0	0	0	0	0	0	0	0	0	0	0	0	0	0	0	0	0	0
0	0	0	0	0	0	0	0	0	0	0	0	0	0	0	0	0	0
0	0	0	0	0	0	0	0	0	0	0	0	0	0	0	0	0	0
0	0	0	0	0	0	0	0	0	0	0	0	0	0	0	0	0	0
0	0	0	0	0	0	0	0	0	0	0	0	0	0	0	0	0	0
0	0	0	0	0	0	0	0	0	0	0	0	0	0	0	0	0	0
0	0	0	0	0	0	0	0	0	0	0	0	0	0	0	0	0	0
0	0	0	0	0	0	0	0	0	0	0	0	0	0	0	0	0	0
0	0	0	0	0	0	0	0	0	0	0	0	0	0	0	0	0	0
0	0	0	0	0	0	0	0	0	0	0	0	0	0	0	0	0	0
0	0	0	0	0	0	0	0	0	0	0	0	0	0	0	0	0	0
