0.842105263157895	0.0175438596491228	0	0	0	0	0.0350877192982456	0.0526315789473684	0.0175438596491228	0	0	0	0	0	0	0	0	0
0	6.77586206896552	0	0	0	0	0.0344827586206897	0.0517241379310345	0.0172413793103448	0	0	0	0	0	0	0	0	0
0	0.260869565217391	17.7608695652174	0.282608695652174	0	0.0217391304347826	0.0434782608695652	0.130434782608696	0.0217391304347826	0.0434782608695652	0.0217391304347826	0	0	0	0	0	0	0
0	0	0.288135593220339	15.4406779661017	0	0.0847457627118644	0.423728813559322	0.711864406779661	0.203389830508475	0.0338983050847458	0	0	0	0	0	0	0	0
0	0	0	0	0	0	0	0	0	0	0	0	0	0	0	0	0	0
0	0	0	0	0	0	0	0	0	0	0	0	0	0	0	0	0	0
0	0	0	0	0	0	0	0	0	0	0	0	0	0	0	0	0	0
0	0	0	0	0	0	0	0	0	0	0	0	0	0	0	0	0	0
0	0	0	0	0	0	0	0	0	0	0	0	0	0	0	0	0	0
0	0	0	0	0	0	0	0	0	0	0	0	0	0	0	0	0	0
0	0	0	0	0	0	0	0	0	0	0	0	0	0	0	0	0	0
0	0	0	0	0	0	0	0	0	0	0	0	0	0	0	0	0	0
0	0	0	0	0	0	0	0	0	0	0	0	0	0	0	0	0	0
0	0	0	0	0	0	0	0	0	0	0	0	0	0	0	0	0	0
0	0	0	0	0	0	0	0	0	0	0	0	0	0	0	0	0	0
0	0	0	0	0	0	0	0	0	0	0	0	0	0	0	0	0	0
0	0	0	0	0	0	0	0	0	0	0	0	0	0	0	0	0	0
0	0	0	0	0	0	0	0	0	0	0	0	0	0	0	0	0	0
