4.56140350877193	0.105263157894737	0	0	0	0	0.12280701754386	0.263157894736842	0.12280701754386	0	0	0	0	0	0	0	0	0
0	9.13793103448276	0.0344827586206897	0	0	0.0344827586206897	0.137931034482759	0.224137931034483	0.120689655172414	0	0	0	0	0	0	0	0	0
0	0.326086956521739	14.6086956521739	0.130434782608696	0	0.0217391304347826	0.0652173913043478	0.130434782608696	0	0.0217391304347826	0.0217391304347826	0	0	0	0	0	0	0
0	0	0.322033898305085	16.8305084745763	0	0.0847457627118644	0.305084745762712	0.796610169491525	0.152542372881356	0.0508474576271186	0	0	0	0	0	0	0	0
0	0	0	0	0	0	0	0	0	0	0	0	0	0	0	0	0	0
0	0	0	0	0	0	0	0	0	0	0	0	0	0	0	0	0	0
0	0	0	0	0	0	0	0	0	0	0	0	0	0	0	0	0	0
0	0	0	0	0	0	0	0	0	0	0	0	0	0	0	0	0	0
0	0	0	0	0	0	0	0	0	0	0	0	0	0	0	0	0	0
0	0	0	0	0	0	0	0	0	0	0	0	0	0	0	0	0	0
0	0	0	0	0	0	0	0	0	0	0	0	0	0	0	0	0	0
0	0	0	0	0	0	0	0	0	0	0	0	0	0	0	0	0	0
0	0	0	0	0	0	0	0	0	0	0	0	0	0	0	0	0	0
0	0	0	0	0	0	0	0	0	0	0	0	0	0	0	0	0	0
0	0	0	0	0	0	0	0	0	0	0	0	0	0	0	0	0	0
0	0	0	0	0	0	0	0	0	0	0	0	0	0	0	0	0	0
0	0	0	0	0	0	0	0	0	0	0	0	0	0	0	0	0	0
0	0	0	0	0	0	0	0	0	0	0	0	0	0	0	0	0	0
