3.71929824561404	0.0350877192982456	0	0	0	0	0.12280701754386	0.140350877192982	0.105263157894737	0	0	0	0	0	0	0	0	0
0	11.1379310344828	0.206896551724138	0	0	0	0.0517241379310345	0.293103448275862	0.0172413793103448	0	0	0	0	0	0	0	0	0
0	0.282608695652174	16.3913043478261	0.239130434782609	0	0.0217391304347826	0.0869565217391304	0.130434782608696	0.0217391304347826	0.0217391304347826	0.0217391304347826	0	0	0	0	0	0	0
0	0	0.355932203389831	14.3559322033898	0	0.0847457627118644	0.355932203389831	0.728813559322034	0.169491525423729	0.0508474576271186	0	0	0	0	0	0	0	0
0	0	0	0	0	0	0	0	0	0	0	0	0	0	0	0	0	0
0	0	0	0	0	0	0	0	0	0	0	0	0	0	0	0	0	0
0	0	0	0	0	0	0	0	0	0	0	0	0	0	0	0	0	0
0	0	0	0	0	0	0	0	0	0	0	0	0	0	0	0	0	0
0	0	0	0	0	0	0	0	0	0	0	0	0	0	0	0	0	0
0	0	0	0	0	0	0	0	0	0	0	0	0	0	0	0	0	0
0	0	0	0	0	0	0	0	0	0	0	0	0	0	0	0	0	0
0	0	0	0	0	0	0	0	0	0	0	0	0	0	0	0	0	0
0	0	0	0	0	0	0	0	0	0	0	0	0	0	0	0	0	0
0	0	0	0	0	0	0	0	0	0	0	0	0	0	0	0	0	0
0	0	0	0	0	0	0	0	0	0	0	0	0	0	0	0	0	0
0	0	0	0	0	0	0	0	0	0	0	0	0	0	0	0	0	0
0	0	0	0	0	0	0	0	0	0	0	0	0	0	0	0	0	0
0	0	0	0	0	0	0	0	0	0	0	0	0	0	0	0	0	0
