0	0	0	0	0	0	0	0	0	0	0	0	0	0	0	0	0	0
0	0	0	0	0	0	0	0	0	0	0	0	0	0	0	0	0	0
0	0	0	0	0	0	0	0	0	0	0	0	0	0	0	0	0	0
0	0	0.0338983050847458	2	0.847457627118644	0.627118644067797	1.49152542372881	1.93220338983051	1.30508474576271	1.16949152542373	1	0.491525423728814	0.338983050847458	0.0508474576271186	0.101694915254237	0.238201460362981	0.142396875730406	0.0770287825506807
0	0	0.0537634408602151	0.032258064516129	1.60215053763441	1.79569892473118	1.68817204301075	2.41935483870968	1.98924731182796	2.18279569892473	1.16129032258065	0.817204301075269	0.333333333333333	0.150537634408602	0.150537634408602	0.201489407332128	0.120450403843641	0.0651569630177801
0	0.0133333333333333	0.08	0.133333333333333	0.946666666666667	2	1.8	2.84	2	1.49333333333333	1.2	0.893333333333333	0.56	0.386666666666667	0.266666666666667	0.229026293000852	0.136911959035605	0.0740617479635434
0.0483870967741935	0.0483870967741935	0	0.5	1.5	2.54838709677419	3.20967741935484	3.67741935483871	3.06451612903226	3.64516129032258	1.59677419354839	1.56451612903226	0.370967741935484	0.306451612903226	0.32258064516129	0.109140095638236	0.0652439687486387	0.0352933549679642
0	0.0133333333333333	0.04	0.08	0.706666666666667	1.74666666666667	1.81333333333333	2.37333333333333	1.89333333333333	1.96	0.893333333333333	0.826666666666667	0.4	0.0533333333333333	0.08	0.0485813348789686	0.0290419307045222	0.0157100677498425
0	0	0	0.192771084337349	0.626506024096386	1.16867469879518	2.1566265060241	1.73493975903614	1.40963855421687	1.66265060240964	1.33734939759036	0.710843373493976	0.0843373493975904	0.132530120481928	0.036144578313253	0.0564413098852044	0.033740625173068	0.0182517998814866
0	0	0.0537634408602151	0.247311827956989	0.78494623655914	1.31182795698925	2.06451612903226	2.11827956989247	2.11827956989247	1.94623655913978	1.75268817204301	0.978494623655914	0.344086021505376	0.204301075268817	0.129032258064516	0.151117055499096	0.0903378028827305	0.0488677222633351
0	0	0.0363636363636364	0.145454545454545	0.763636363636364	0.709090909090909	0.927272727272727	1.27272727272727	1.54545454545455	2.21818181818182	0.872727272727273	0.672727272727273	1.27272727272727	0.527272727272727	0.563636363636364	0.29338078855481	0.175383088020816	0.0948724870607374
0.0161290322580645	0	0	0.0806451612903226	0.435483870967742	0.612903225806452	0.951612903225806	1.11290322580645	0.887096774193548	0.774193548387097	0.564516129032258	0.629032258064516	0.0645161290322581	0.0483870967741935	0.0483870967741935	0.0503723518330319	0.0301126009609102	0.016289240754445
0	0	0	0.0212765957446809	0.0638297872340425	0.212765957446809	0.297872340425532	0.319148936170213	0.170212765957447	0.234042553191489	0.212765957446809	0.170212765957447	0	0	0	0	0	0
0	0	0	0.0285714285714286	0.114285714285714	0.0857142857142857	0.228571428571429	0.228571428571429	0.2	0.142857142857143	0.0571428571428571	0.0285714285714286	0.0285714285714286	0	0	0	0	0
0	0	0	0	0	0	0	0	0	0	0	0	0	0	0	0	0	0
0	0	0	0	0	0	0	0	0	0	0	0	0.275	0.025	0.075	0.0650642877843329	0.0388954429078423	0.0210402693078248
0	0	0	0	0	0	0	0	0	0	0	0	0.275	0.025	0.075	0.0650642877843329	0.0388954429078423	0.0210402693078248
0	0	0	0	0	0	0	0	0	0	0	0	0.275	0.025	0.075	0.0650642877843329	0.0388954429078423	0.0210402693078248
