0	0	0	0	0	0	0	0	0	0	0	0	0	0	0	0	0	0
0	0	0	0	0	0	0	0	0	0	0	0	0	0	0	0	0	0
0	0	0	0	0	0	0	0	0	0	0	0	0	0	0	0	0	0
0	0	0	1.20338983050847	0.830508474576271	0.779661016949153	1.49152542372881	1.57627118644068	1.03389830508475	1.28813559322034	0.813559322033898	0.406779661016949	0.220338983050847	0.0338983050847458	0.0677966101694915	0.158800973575321	0.0949312504869371	0.0513525217004538
0	0	0.0967741935483871	0.0860215053763441	1.65591397849462	1.54838709677419	2.06451612903226	2.02150537634409	1.78494623655914	2.25806451612903	1.10752688172043	0.89247311827957	0.0967741935483871	0.043010752688172	0.0860215053763441	0.0895508477031679	0.0535335128193958	0.0289586502301245
0	0.0266666666666667	0.0666666666666667	0.0933333333333333	0.813333333333333	1.61333333333333	1.70666666666667	2.89333333333333	1.76	1.54666666666667	0.986666666666667	0.866666666666667	1.28	0.706666666666667	0.493333333333333	0.41641144181973	0.248930834610191	0.134657723570079
0.0161290322580645	0.0161290322580645	0	0.161290322580645	1.03225806451613	1.95161290322581	2.2741935483871	3.29032258064516	1.90322580645161	2.45161290322581	1.16129032258065	0.854838709677419	0.258064516129032	0.129032258064516	0.129032258064516	0.0839539197217199	0.0501876682681836	0.0271487345907417
0	0	0.0533333333333333	0.12	0.946666666666667	1.29333333333333	1.88	2.05333333333333	1.92	1.86666666666667	1.09333333333333	0.973333333333333	0.386666666666667	0.0933333333333333	0.08	0.0624617162729596	0.0373396251915286	0.0201986585355118
0	0	0	0.0120481927710843	0.409638554216867	0.686746987951807	1	1.42168674698795	0.72289156626506	1.19277108433735	0.602409638554217	0.481927710843373	0.0602409638554217	0.036144578313253	0	0.0188137699617348	0.0112468750576893	0.00608393329382887
0	0.010752688172043	0.043010752688172	0.010752688172043	0.537634408602151	1.06451612903226	1.51612903225806	1.2258064516129	1.41935483870968	0.978494623655914	1.37634408602151	0.451612903225806	0.408602150537634	0.182795698924731	0.21505376344086	0.22387711925792	0.13383378204849	0.0723966255753112
0	0	0.0363636363636364	0.0545454545454545	1.14545454545455	1.03636363636364	1.14545454545455	2.21818181818182	1.47272727272727	1.90909090909091	1.07272727272727	0.727272727272727	1.2	0.763636363636364	0.4	0.690864437564553	0.41299888469418	0.223409405013995
0.032258064516129	0	0	0.032258064516129	0.580645161290323	0.838709677419355	1.2258064516129	1.75806451612903	1.12903225806452	1.25806451612903	0.516129032258065	0.629032258064516	0.112903225806452	0.0645161290322581	0.032258064516129	0.0419769598608599	0.0250938341340918	0.0135743672953709
0	0	0	0.0425531914893617	0.127659574468085	0.425531914893617	0.51063829787234	0.723404255319149	0.404255319148936	0.404255319148936	0.404255319148936	0.212765957446809	0.0425531914893617	0	0	0	0	0
0	0	0	0	0	0	0	0	0	0	0	0	0	0	0	0	0	0
0	0	0	0	0	0	0	0	0.037037037037037	0	0	0	0	0.037037037037037	0.037037037037037	0	0	0
0	0	0	0	0	0	0	0	0	0	0	0	0.275	0.025	0.075	0.0650642877843329	0.0388954429078423	0.0210402693078248
0	0	0	0	0	0	0	0	0	0	0	0	0.275	0.025	0.075	0.0650642877843329	0.0388954429078423	0.0210402693078248
0	0	0	0	0	0	0	0	0	0	0	0	0.275	0.025	0.075	0.0650642877843329	0.0388954429078423	0.0210402693078248
