0	0	0	0	0	0	0	0	0	0	0	0	0	0	0	0	0	0
0	0	0	0	0	0	0	0	0	0	0	0	0	0	0	0	0	0
0	0	0	0	0	0	0	0	0	0	0	0	0	0	0	0	0	0
0	0	0.0677966101694915	2.03389830508475	0.779661016949153	0.627118644067797	1.15254237288136	1.54237288135593	1.10169491525424	1.10169491525424	0.830508474576271	0.457627118644068	0.152542372881356	0.0169491525423729	0.0338983050847458	0.0794004867876605	0.0474656252434685	0.0256762608502269
0	0	0.0537634408602151	0.043010752688172	1.67741935483871	1.56989247311828	1.49462365591398	2.19354838709677	1.83870967741935	1.98924731182796	1.18279569892473	0.78494623655914	0.21505376344086	0.0860215053763441	0.139784946236559	0.100744703666064	0.0602252019218203	0.0325784815088901
0	0.0266666666666667	0.0933333333333333	0.2	0.866666666666667	1.64	1.85333333333333	2.73333333333333	2.14666666666667	1.48	0.88	0.92	1.22666666666667	0.68	0.533333333333333	0.409471251122735	0.244781987366687	0.132413428177244
0.032258064516129	0.032258064516129	0.0161290322580645	0.403225806451613	1.43548387096774	2.46774193548387	3.04838709677419	3.67741935483871	2.62903225806452	3.59677419354839	2.03225806451613	1.51612903225806	0.338709677419355	0.112903225806452	0.193548387096774	0.100744703666064	0.0602252019218203	0.0325784815088901
0	0.0133333333333333	0.0266666666666667	0.133333333333333	0.933333333333333	1.28	2.14666666666667	2.14666666666667	2	1.78666666666667	1.16	0.92	0.306666666666667	0.08	0.0666666666666667	0.0485813348789686	0.0290419307045222	0.0157100677498425
0	0	0	0.156626506024096	0.518072289156627	1.27710843373494	1.43373493975904	1.75903614457831	1.2289156626506	1.21686746987952	1.08433734939759	0.63855421686747	0.108433734939759	0.108433734939759	0.0843373493975904	0.0501700532312928	0.0299916668205049	0.016223822116877
0	0.021505376344086	0.0537634408602151	0.0645161290322581	0.666666666666667	1.25806451612903	1.62365591397849	1.41935483870968	1.47311827956989	1.43010752688172	1.27956989247312	0.612903225806452	0.376344086021505	0.139784946236559	0.204301075268817	0.19589247935068	0.117104559292428	0.0633470473783973
0	0	0.0181818181818182	0.0909090909090909	0.854545454545454	0.690909090909091	1	1.56363636363636	1.18181818181818	1.74545454545455	0.781818181818182	0.709090909090909	0.781818181818182	0.4	0.436363636363636	0.264989099339828	0.158410531115576	0.0856912786355047
0.0161290322580645	0	0	0.0483870967741935	0.258064516129032	0.435483870967742	0.774193548387097	1	0.612903225806452	0.887096774193548	0.419354838709677	0.274193548387097	0.0483870967741935	0.0967741935483871	0.0645161290322581	0.0419769598608599	0.0250938341340918	0.0135743672953709
0	0	0	0	0.148936170212766	0.340425531914894	0.382978723404255	0.382978723404255	0.191489361702128	0.617021276595745	0.297872340425532	0.234042553191489	0.0638297872340425	0	0	0	0	0
0	0	0	0	0	0	0	0	0	0	0	0	0	0.0285714285714286	0	0	0	0
0	0	0	0	0	0	0	0	0	0	0	0	0	0	0	0	0	0
0	0	0	0	0	0	0	0	0	0	0	0	0.55	0.05	0.15	0.130128575568666	0.0777908858156846	0.0420805386156497
0	0	0	0	0	0	0	0	0	0	0	0	0.55	0.05	0.15	0.130128575568666	0.0777908858156846	0.0420805386156497
0	0	0	0	0	0	0	0	0	0	0	0	0.55	0.05	0.15	0.130128575568666	0.0777908858156846	0.0420805386156497
