0	0	0	0	0	0	0	0	0	0	0	0	0	0	0	0	0	0
0	0	0	0	0	0	0	0	0	0	0	0	0	0	0	0	0	0
0	0	0	0	0	0	0	0	0	0	0	0	0	0	0	0	0	0
0	0	0.0338983050847458	1.27118644067797	0.491525423728814	0.423728813559322	0.644067796610169	1.01694915254237	0.559322033898305	0.745762711864407	0.474576271186441	0.305084745762712	0.0338983050847458	0	0	0	0	0
0	0	0.021505376344086	0.021505376344086	1.70967741935484	2.0752688172043	1.80645161290323	1.95698924731183	1.6989247311828	1.87096774193548	0.838709677419355	0.720430107526882	0.0537634408602151	0.010752688172043	0.043010752688172	0.011193855962896	0.00669168910242448	0.00361983127876556
0	0.0133333333333333	0.0133333333333333	0.213333333333333	0.666666666666667	1.66666666666667	2.08	2.73333333333333	1.85333333333333	1.82666666666667	0.92	0.693333333333333	0.226666666666667	0.0933333333333333	0.0533333333333333	0.0555215255759641	0.0331907779480254	0.0179543631426772
0.0161290322580645	0.0161290322580645	0.032258064516129	0.419354838709677	1.66129032258065	2.67741935483871	3.56451612903226	3.7741935483871	2.67741935483871	3.85483870967742	2.16129032258065	1.70967741935484	0.580645161290323	0.209677419354839	0.225806451612903	0.176303231415612	0.105394103363186	0.0570123426405576
0	0	0.0133333333333333	0.24	0.6	1.44	1.65333333333333	2.22666666666667	2.22666666666667	1.57333333333333	0.92	0.76	0.173333333333333	0.0266666666666667	0.04	0.0485813348789686	0.0290419307045222	0.0157100677498425
0	0	0	0.228915662650602	0.783132530120482	1.27710843373494	2.01204819277108	2.33734939759036	1.67469879518072	2.21686746987952	1.49397590361446	0.91566265060241	0.132530120481928	0.0843373493975904	0.0602409638554217	0.0376275399234696	0.0224937501153787	0.0121678665876577
0	0	0.10752688172043	0.0860215053763441	0.774193548387097	1.23655913978495	1.49462365591398	1.50537634408602	1.70967741935484	1.53763440860215	1.82795698924731	0.559139784946237	0.537634408602151	0.365591397849462	0.268817204301075	0.212683263295024	0.127142092946065	0.0687767942965457
0	0	0.0363636363636364	0.0545454545454545	0.618181818181818	0.636363636363636	0.763636363636364	1.34545454545455	1.23636363636364	1.72727272727273	0.618181818181818	0.509090909090909	1.74545454545455	0.836363636363636	1.05454545454545	0.596225473514614	0.356423695010046	0.192805376929886
0.032258064516129	0	0	0.0967741935483871	0.435483870967742	0.983870967741935	1.06451612903226	1.67741935483871	1.38709677419355	1.25806451612903	0.967741935483871	0.596774193548387	0.0967741935483871	0.0645161290322581	0.032258064516129	0.0587677438052039	0.0351313677877285	0.0190041142135192
0	0	0	0.0212765957446809	0.148936170212766	0.25531914893617	0.446808510638298	0.340425531914894	0.25531914893617	0.446808510638298	0.425531914893617	0.25531914893617	0.0425531914893617	0	0	0	0	0
0	0	0	0.0285714285714286	0.114285714285714	0.0857142857142857	0.228571428571429	0.228571428571429	0.2	0.142857142857143	0.0571428571428571	0.0285714285714286	0.0285714285714286	0.0285714285714286	0	0	0	0
0	0	0	0	0	0	0	0	0.037037037037037	0	0	0	0	0.037037037037037	0.037037037037037	0	0	0
0	0	0	0	0	0	0	0	0	0	0	0	0.275	0.025	0.075	0.0650642877843329	0.0388954429078423	0.0210402693078248
0	0	0	0	0	0	0	0	0	0	0	0	0.275	0.025	0.075	0.0650642877843329	0.0388954429078423	0.0210402693078248
0	0	0	0	0	0	0	0	0	0	0	0	0.275	0.025	0.075	0.0650642877843329	0.0388954429078423	0.0210402693078248
