0	0	0	0	0	0	0	0	0	0	0	0	0	0	0	0	0	0
0	0	0	0	0	0	0	0	0	0	0	0	0	0	0	0	0	0
0	0	0	0	0	0	0	0	0	0	0	0	0	0	0	0	0	0
0	0	0.0677966101694915	2.16949152542373	0.559322033898305	0.728813559322034	1	1.33898305084746	1	0.915254237288136	0.694915254237288	0.372881355932203	0.11864406779661	0.0169491525423729	0.0338983050847458	0.0794004867876605	0.0474656252434685	0.0256762608502269
0	0	0.021505376344086	0.043010752688172	1.52688172043011	1.64516129032258	1.80645161290323	1.81720430107527	1.83870967741935	2.04301075268817	1.0752688172043	0.838709677419355	0.311827956989247	0.10752688172043	0.118279569892473	0.123132415591856	0.0736085801266693	0.0398181440664212
0	0	0.04	0.133333333333333	0.453333333333333	1.33333333333333	1.33333333333333	1.69333333333333	1.36	0.973333333333333	0.64	0.573333333333333	0.44	0.266666666666667	0.24	0.13880381393991	0.0829769448700635	0.044885907856693
0	0	0	0.145161290322581	1.41935483870968	2.88709677419355	2.95161290322581	3.83870967741935	2.35483870967742	3.51612903225806	1.56451612903226	1.30645161290323	0.612903225806452	0.338709677419355	0.129032258064516	0.134326271554752	0.0803002692290937	0.0434379753451867
0	0.0133333333333333	0.0533333333333333	0.0266666666666667	0.706666666666667	0.72	1.41333333333333	1.64	1.4	1.38666666666667	0.533333333333333	0.613333333333333	0.24	0	0.12	0	0	0
0	0	0	0.0843373493975904	0.409638554216867	0.746987951807229	1.59036144578313	1.65060240963855	0.963855421686747	1.74698795180723	1.06024096385542	0.72289156626506	0.204819277108434	0.072289156626506	0.0240963855421687	0.031356283269558	0.0187447917628156	0.0101398888230481
0	0	0.021505376344086	0.0752688172043011	0.473118279569892	1.0752688172043	1.48387096774194	1.2258064516129	1.45161290322581	1.34408602150538	1.20430107526882	0.397849462365591	0.645161290322581	0.193548387096774	0.279569892473118	0.302234110998192	0.180675605765461	0.0977354445266702
0	0	0.0181818181818182	0.0545454545454545	0.654545454545455	0.527272727272727	0.672727272727273	0.963636363636364	0.836363636363636	1.16363636363636	0.527272727272727	0.672727272727273	1.25454545454545	0.654545454545455	0.545454545454545	0.378555856199755	0.226300758736537	0.122416112336435
0.0483870967741935	0	0	0.0483870967741935	0.580645161290323	0.451612903225806	0.935483870967742	0.967741935483871	0.903225806451613	0.774193548387097	0.580645161290323	0.67741935483871	0.112903225806452	0.0645161290322581	0.0645161290322581	0.0587677438052039	0.0351313677877285	0.0190041142135192
0	0	0	0	0.234042553191489	0.617021276595745	0.51063829787234	0.638297872340426	0.319148936170213	0.914893617021277	0.404255319148936	0.276595744680851	0.127659574468085	0	0	0	0	0
0	0	0	0	0	0	0	0	0	0	0	0	0	0	0	0	0	0
0	0	0	0	0	0	0	0	0.037037037037037	0	0	0	0	0.037037037037037	0.037037037037037	0	0	0
0	0	0	0	0	0	0	0	0	0	0	0	0.275	0.025	0.075	0.0650642877843329	0.0388954429078423	0.0210402693078248
0	0	0	0	0	0	0	0	0	0	0	0	0.275	0.025	0.075	0.0650642877843329	0.0388954429078423	0.0210402693078248
0	0	0	0	0	0	0	0	0	0	0	0	0.275	0.025	0.075	0.0650642877843329	0.0388954429078423	0.0210402693078248
