0	0	0	0	0	0	0	0	0	0	0	0	0	0	0	0	0	0
0	0	0	0	0	0	0	0	0	0	0	0	0	0	0	0	0	0
0	0	0	0	0	0	0	0	0	0	0	0	0	0	0	0	0	0
0	0	0.0677966101694915	1.67796610169492	0.355932203389831	0.610169491525424	0.813559322033898	1.23728813559322	0.661016949152542	0.694915254237288	0.677966101694915	0.372881355932203	0.169491525423729	0.0338983050847458	0.0677966101694915	0.158800973575321	0.0949312504869371	0.0513525217004538
0	0	0.0645161290322581	0.0645161290322581	1.80645161290323	2.12903225806452	1.9247311827957	2.05376344086022	2.06451612903226	2.17204301075269	1.03225806451613	0.741935483870968	0.0967741935483871	0	0.043010752688172	0.016790783944344	0.0100375336536367	0.00542974691814834
0	0	0.04	0.16	0.626666666666667	1.29333333333333	1.56	2.21333333333333	1.32	1.53333333333333	0.786666666666667	0.733333333333333	0.613333333333333	0.293333333333333	0.24	0.159624386030897	0.0954234866005731	0.0516187940351969
0	0	0	0.112903225806452	1.14516129032258	2.14516129032258	2.38709677419355	2.95161290322581	2.12903225806452	2.40322580645161	1.46774193548387	1.19354838709677	0.403225806451613	0.209677419354839	0.112903225806452	0.109140095638236	0.0652439687486387	0.0352933549679642
0	0.0133333333333333	0.0666666666666667	0.0933333333333333	0.826666666666667	1.30666666666667	1.61333333333333	2.12	1.94666666666667	1.69333333333333	0.92	0.826666666666667	0.306666666666667	0.0533333333333333	0.133333333333333	0.0208205720909865	0.0124465417305095	0.00673288617850395
0	0	0	0.0481927710843374	0.409638554216867	1.12048192771084	1.73493975903614	1.97590361445783	0.963855421686747	1.66265060240964	1.24096385542169	0.771084337349398	0.132530120481928	0.228915662650602	0.072289156626506	0.0815263365008509	0.0487364585833205	0.0263637109399251
0	0	0.032258064516129	0.172043010752688	0.763440860215054	1.45161290322581	2.05376344086022	1.87096774193548	2.0752688172043	1.74193548387097	1.17204301075269	0.806451612903226	0.774193548387097	0.354838709677419	0.311827956989247	0.341412606868327	0.204096517623947	0.11040485400235
0	0	0	0.0545454545454545	0.818181818181818	0.745454545454545	0.690909090909091	1.30909090909091	1.21818181818182	1.34545454545455	0.727272727272727	0.872727272727273	1.14545454545455	0.490909090909091	0.345454545454545	0.331236374174786	0.19801316389447	0.107114098294381
0.0483870967741935	0	0	0.0161290322580645	0.387096774193548	0.370967741935484	0.725806451612903	0.725806451612903	0.612903225806452	0.532258064516129	0.419354838709677	0.564516129032258	0.112903225806452	0.0806451612903226	0.0483870967741935	0.025186175916516	0.0150563004804551	0.00814462037722251
0	0	0	0.0851063829787234	0.25531914893617	0.659574468085106	0.808510638297872	0.893617021276596	0.617021276595745	0.74468085106383	0.829787234042553	0.361702127659574	0.127659574468085	0	0	0	0	0
0	0.0285714285714286	0	0.0857142857142857	0.342857142857143	0.257142857142857	0.685714285714286	0.685714285714286	0.6	0.428571428571429	0.2	0.0857142857142857	0.0857142857142857	0	0	0	0	0
0	0	0	0	0.111111111111111	0.111111111111111	0.148148148148148	0.148148148148148	0.37037037037037	0.259259259259259	0.0740740740740741	0.037037037037037	0	0.185185185185185	0.185185185185185	0.0192783074916542	0.0115245756763977	0.00623415386898513
0	0	0	0	0	0	0	0	0	0	0	0	0.55	0.05	0.15	0.130128575568666	0.0777908858156846	0.0420805386156497
0	0	0	0	0	0	0	0	0	0	0	0	0.55	0.05	0.15	0.130128575568666	0.0777908858156846	0.0420805386156497
0	0	0	0	0	0	0	0	0	0	0	0	0.55	0.05	0.15	0.130128575568666	0.0777908858156846	0.0420805386156497
