0	0	0	0	0	0	0	0	0	0	0	0	0	0	0	0	0	0
0	0	0	0	0	0	0	0	0	0	0	0	0	0	0	0	0	0
0	0	0	0	0	0	0	0	0	0	0	0	0	0	0	0	0	0
0	0	0	0.355932203389831	0.423728813559322	0.508474576271186	1.03389830508475	0.949152542372881	0.711864406779661	0.677966101694915	0.593220338983051	0.23728813559322	0.271186440677966	0.0508474576271186	0.101694915254237	0.238201460362981	0.142396875730406	0.0770287825506807
0	0	0.021505376344086	0.032258064516129	1.73118279569892	1.82795698924731	2.10752688172043	2.61290322580645	2.25806451612903	2.39784946236559	1.44086021505376	0.860215053763441	0.311827956989247	0.118279569892473	0.150537634408602	0.1399231995362	0.083646113780306	0.0452478909845695
0	0	0.0533333333333333	0.146666666666667	0.76	1.38666666666667	1.58666666666667	1.92	1.48	1.22666666666667	0.706666666666667	0.626666666666667	1.53333333333333	0.853333333333333	0.613333333333333	0.458052586001704	0.27382391807121	0.148123495927087
0.0161290322580645	0.0161290322580645	0.0161290322580645	0.354838709677419	1.2741935483871	1.96774193548387	2.69354838709677	2.85483870967742	2.2741935483871	3.01612903225806	1.56451612903226	1.54838709677419	0.435483870967742	0.306451612903226	0.161290322580645	0.117535487610408	0.070262735575457	0.0380082284270384
0	0.0266666666666667	0.04	0.0933333333333333	1.18666666666667	1.41333333333333	2.14666666666667	2.69333333333333	2.30666666666667	2.34666666666667	1.25333333333333	1.04	0.4	0.0533333333333333	0.106666666666667	0.0208205720909865	0.0124465417305095	0.00673288617850395
0	0	0	0.0843373493975904	0.506024096385542	1.34939759036145	1.89156626506024	2.12048192771084	1.33734939759036	1.66265060240964	1.27710843373494	0.831325301204819	0.204819277108434	0.228915662650602	0.0602409638554217	0.106611363116497	0.0637322919935729	0.0344756219983636
0	0.010752688172043	0.0752688172043011	0.10752688172043	0.860215053763441	1.54838709677419	1.95698924731183	1.87096774193548	1.88172043010753	1.63440860215054	1.32258064516129	0.774193548387097	0.397849462365591	0.172043010752688	0.150537634408602	0.1399231995362	0.083646113780306	0.0452478909845695
0	0	0.0363636363636364	0.0727272727272727	0.981818181818182	1	1.09090909090909	1.49090909090909	1.81818181818182	2.34545454545455	1.01818181818182	0.981818181818182	0.890909090909091	0.454545454545455	0.418181818181818	0.369091959794761	0.220643239768124	0.119355709528024
0.0161290322580645	0	0	0	0.370967741935484	0.225806451612903	0.661290322580645	0.629032258064516	0.612903225806452	0.564516129032258	0.32258064516129	0.17741935483871	0.0161290322580645	0	0	0.00839539197217199	0.00501876682681836	0.00271487345907417
0	0	0	0	0.0851063829787234	0.212765957446809	0.148936170212766	0.127659574468085	0.127659574468085	0.276595744680851	0.0851063829787234	0.0851063829787234	0.0212765957446809	0	0	0	0	0
0	0	0	0.0571428571428571	0.228571428571429	0.171428571428571	0.457142857142857	0.457142857142857	0.4	0.285714285714286	0.114285714285714	0.0571428571428571	0.0571428571428571	0	0	0	0	0
0	0	0	0	0	0	0	0	0	0	0	0	0	0	0	0	0	0
0	0	0	0	0	0	0	0	0	0	0	0	0.275	0.025	0.075	0.0650642877843329	0.0388954429078423	0.0210402693078248
0	0	0	0	0	0	0	0	0	0	0	0	0.275	0.025	0.075	0.0650642877843329	0.0388954429078423	0.0210402693078248
0	0	0	0	0	0	0	0	0	0	0	0	0.275	0.025	0.075	0.0650642877843329	0.0388954429078423	0.0210402693078248
