0	0	0	0	0	0	0	0	0	0	0	0	0	0	0	0	0	0
0	0	0	0	0	0	0	0	0	0	0	0	0	0	0	0	0	0
0	0	0	0	0	0	0	0	0	0	0	0	0	0	0	0	0	0
0	0	0	1.15254237288136	0.661016949152542	0.813559322033898	1.32203389830508	1.66101694915254	1.11864406779661	1.10169491525424	1	0.525423728813559	0.288135593220339	0.0508474576271186	0.101694915254237	0.238201460362981	0.142396875730406	0.0770287825506807
0	0	0.0537634408602151	0.032258064516129	1.29032258064516	1.54838709677419	1.2258064516129	2.12903225806452	1.48387096774194	1.88172043010753	0.935483870967742	0.946236559139785	0.344086021505376	0.182795698924731	0.236559139784946	0.218280191276472	0.130487937497277	0.0705867099359285
0	0	0.0266666666666667	0.2	0.586666666666667	1.16	1.94666666666667	2.05333333333333	1.16	1.50666666666667	0.826666666666667	0.693333333333333	0.653333333333333	0.32	0.266666666666667	0.124923432545919	0.0746792503830572	0.0403973170710237
0.0161290322580645	0.0161290322580645	0	0.209677419354839	1.03225806451613	2.04838709677419	2.53225806451613	3.35483870967742	2.32258064516129	2.95161290322581	1.56451612903226	1.03225806451613	0.354838709677419	0.258064516129032	0.145161290322581	0.0839539197217199	0.0501876682681836	0.0271487345907417
0	0.0266666666666667	0.0266666666666667	0.0933333333333333	1.04	1.22666666666667	1.54666666666667	2.2	1.77333333333333	1.81333333333333	1.2	0.973333333333333	0.373333333333333	0.12	0.0533333333333333	0.0485813348789686	0.0290419307045222	0.0157100677498425
0	0	0	0.120481927710843	0.578313253012048	1.67469879518072	1.87951807228916	2.12048192771084	1.32530120481928	1.65060240963855	1.26506024096386	0.626506024096386	0.0843373493975904	0.0963855421686747	0.0240963855421687	0.0501700532312928	0.0299916668205049	0.016223822116877
0	0.032258064516129	0.043010752688172	0.0537634408602151	0.741935483870968	1.1505376344086	1.66666666666667	1.66666666666667	1.55913978494624	1.58064516129032	1.40860215053763	0.451612903225806	0.344086021505376	0.204301075268817	0.204301075268817	0.184698623387784	0.110412870190004	0.0597272160996318
0	0	0.0363636363636364	0.0545454545454545	0.854545454545454	0.981818181818182	1.03636363636364	1.6	1.52727272727273	1.96363636363636	1.09090909090909	0.545454545454545	1.27272727272727	0.4	0.345454545454545	0.198741824504871	0.118807898336682	0.0642684589766286
0	0	0	0.032258064516129	0.5	0.758064516129032	0.82258064516129	1.17741935483871	0.806451612903226	0.838709677419355	0.387096774193548	0.596774193548387	0.0483870967741935	0.0967741935483871	0.0483870967741935	0.0671631357773759	0.0401501346145469	0.0217189876725934
0	0	0	0	0.212765957446809	0.48936170212766	0.48936170212766	0.723404255319149	0.25531914893617	0.872340425531915	0.404255319148936	0.234042553191489	0.148936170212766	0	0	0	0	0
0	0	0	0.0285714285714286	0.114285714285714	0.0857142857142857	0.228571428571429	0.228571428571429	0.2	0.142857142857143	0.0571428571428571	0.0285714285714286	0.0285714285714286	0	0	0	0	0
0	0	0	0	0	0	0	0	0	0	0	0	0	0	0	0	0	0
0	0	0	0	0	0	0	0	0	0	0	0	0	0	0	0	0	0
0	0	0	0	0	0	0	0	0	0	0	0	0	0	0	0	0	0
0	0	0	0	0	0	0	0	0	0	0	0	0	0	0	0	0	0
