0	0	0	0	0	0	0	0	0	0	0	0	0	0	0	0	0	0
0	0	0	0	0	0	0	0	0	0	0	0	0	0	0	0	0	0
0	0	0	0	0	0	0	0	0	0	0	0	0	0	0	0	0	0
0	0	0.0338983050847458	1.54237288135593	0.728813559322034	0.779661016949153	1.16949152542373	1.47457627118644	1.15254237288136	1.06779661016949	0.813559322033898	0.423728813559322	0.0677966101694915	0	0	0	0	0
0	0	0.0537634408602151	0.0645161290322581	1.68817204301075	1.89247311827957	2.02150537634409	2.35483870967742	1.98924731182796	2.33333333333333	1.09677419354839	1.05376344086022	0.376344086021505	0.193548387096774	0.225806451612903	0.25186175916516	0.150563004804551	0.0814462037722251
0	0	0.0133333333333333	0.146666666666667	0.613333333333333	1.28	1.69333333333333	1.97333333333333	1.52	1.68	0.826666666666667	0.693333333333333	0.92	0.426666666666667	0.373333333333333	0.249846865091838	0.149358500766114	0.0807946341420473
0	0	0.032258064516129	0.403225806451613	1.7258064516129	2.98387096774194	3.29032258064516	3.29032258064516	2.88709677419355	3.64516129032258	1.82258064516129	1.66129032258065	0.5	0.209677419354839	0.112903225806452	0.100744703666064	0.0602252019218203	0.0325784815088901
0	0.0133333333333333	0.0533333333333333	0.173333333333333	0.72	1.48	2.04	2.21333333333333	2.6	1.93333333333333	0.946666666666667	1.04	0.4	0.16	0.08	0.0832822883639461	0.0497861669220381	0.0269315447140158
0	0	0	0.0963855421686747	0.662650602409639	1.49397590361446	1.86746987951807	1.67469879518072	1.44578313253012	1.57831325301205	1.10843373493976	0.783132530120482	0.204819277108434	0.0602409638554217	0.0240963855421687	0.0250850266156464	0.0149958334102524	0.00811191105843849
0	0.021505376344086	0.0860215053763441	0.129032258064516	0.924731182795699	1.44086021505376	1.89247311827957	1.8494623655914	2.09677419354839	1.74193548387097	1.47311827956989	0.924731182795699	0.333333333333333	0.172043010752688	0.118279569892473	0.128729343573304	0.0769544246778815	0.041628059705804
0	0	0	0.0545454545454545	0.581818181818182	0.545454545454545	0.672727272727273	1.29090909090909	1.03636363636364	0.981818181818182	0.654545454545455	0.472727272727273	1.14545454545455	0.545454545454545	0.6	0.369091959794761	0.220643239768124	0.119355709528024
0.0161290322580645	0	0	0.032258064516129	0.516129032258065	0.532258064516129	0.806451612903226	0.693548387096774	0.516129032258065	0.838709677419355	0.370967741935484	0.241935483870968	0.0806451612903226	0.0483870967741935	0.0483870967741935	0.0671631357773759	0.0401501346145469	0.0217189876725934
0	0	0	0.0638297872340425	0.25531914893617	0.617021276595745	0.872340425531915	0.787234042553192	0.638297872340426	0.74468085106383	0.851063829787234	0.468085106382979	0.0851063829787234	0	0	0	0	0
0	0.0285714285714286	0	0	0	0	0	0	0	0	0.0285714285714286	0	0	0.0285714285714286	0	0	0	0
0	0	0	0	0	0	0	0	0	0	0	0	0	0	0	0	0	0
0	0	0	0	0	0	0	0	0	0	0	0	0	0	0	0	0	0
0	0	0	0	0	0	0	0	0	0	0	0	0	0	0	0	0	0
0	0	0	0	0	0	0	0	0	0	0	0	0	0	0	0	0	0
