0	0	0	0	0	0	0	0	0	0	0	0	0	0	0	0	0	0
0	0	0	0	0	0	0	0	0	0	0	0	0	0	0	0	0	0
0	0	0	0	0	0	0	0	0	0	0	0	0	0	0	0	0	0
0	0	0.0338983050847458	1.54237288135593	0.983050847457627	0.932203389830508	1.69491525423729	2.08474576271186	1.30508474576271	1.52542372881356	1.01694915254237	0.542372881355932	0.23728813559322	0.0338983050847458	0.0677966101694915	0.158800973575321	0.0949312504869371	0.0513525217004538
0	0	0.0537634408602151	0.0645161290322581	1.75268817204301	2.33333333333333	2.21505376344086	2.58064516129032	2.48387096774194	2.33333333333333	1.13978494623656	1.02150537634409	0.279569892473118	0.118279569892473	0.118279569892473	0.134326271554752	0.0803002692290937	0.0434379753451867
0	0.0266666666666667	0.0666666666666667	0.12	0.973333333333333	1.77333333333333	2.14666666666667	3.41333333333333	2.12	2.2	1.36	1.10666666666667	0.346666666666667	0.293333333333333	0.12	0.180444958121883	0.107870028331083	0.0583516802137009
0	0	0.0161290322580645	0.209677419354839	1.2741935483871	2.46774193548387	2.91935483870968	3.11290322580645	2.69354838709677	3.24193548387097	1.46774193548387	1.58064516129032	0.451612903225806	0.161290322580645	0.0483870967741935	0.0587677438052039	0.0351313677877285	0.0190041142135192
0	0.04	0.0133333333333333	0.16	0.453333333333333	1.13333333333333	1.65333333333333	1.86666666666667	2.28	1.50666666666667	0.653333333333333	0.746666666666667	0.24	0.04	0.0266666666666667	0.0347009534849775	0.0207442362175159	0.0112214769641732
0	0	0	0.228915662650602	0.506024096385542	1.21686746987952	1.50602409638554	1.57831325301205	1.18072289156627	1.33734939759036	1.24096385542169	0.590361445783133	0.120481927710843	0.0843373493975904	0.0843373493975904	0.0501700532312928	0.0299916668205049	0.016223822116877
0	0.032258064516129	0.043010752688172	0.10752688172043	0.838709677419355	1.20430107526882	1.66666666666667	1.64516129032258	1.44086021505376	1.79569892473118	1.27956989247312	0.709677419354839	0.311827956989247	0.204301075268817	0.172043010752688	0.128729343573304	0.0769544246778815	0.041628059705804
0	0	0.0363636363636364	0.0545454545454545	1.01818181818182	0.981818181818182	1.01818181818182	2.27272727272727	1.38181818181818	1.74545454545455	1.4	0.781818181818182	1.23636363636364	0.418181818181818	0.254545454545455	0.198741824504871	0.118807898336682	0.0642684589766286
0.0161290322580645	0	0	0.112903225806452	0.419354838709677	0.709677419354839	1.04838709677419	1.41935483870968	0.951612903225806	0.935483870967742	0.580645161290323	0.774193548387097	0.0967741935483871	0.112903225806452	0.0967741935483871	0.0503723518330319	0.0301126009609102	0.016289240754445
0	0	0	0.0212765957446809	0.297872340425532	1.04255319148936	0.74468085106383	0.765957446808511	0.595744680851064	1.04255319148936	0.51063829787234	0.425531914893617	0.0851063829787234	0	0	0	0	0
0	0.0285714285714286	0	0.0285714285714286	0.114285714285714	0.0857142857142857	0.228571428571429	0.228571428571429	0.2	0.142857142857143	0.0857142857142857	0.0285714285714286	0.0285714285714286	0	0	0	0	0
0	0	0	0	0.111111111111111	0.111111111111111	0.148148148148148	0.148148148148148	0.185185185185185	0.259259259259259	0.0740740740740741	0.037037037037037	0	0	0	0.0192783074916542	0.0115245756763977	0.00623415386898513
0	0	0	0	0	0	0	0	0	0	0	0	0.275	0.025	0.075	0.0650642877843329	0.0388954429078423	0.0210402693078248
0	0	0	0	0	0	0	0	0	0	0	0	0.275	0.025	0.075	0.0650642877843329	0.0388954429078423	0.0210402693078248
0	0	0	0	0	0	0	0	0	0	0	0	0.275	0.025	0.075	0.0650642877843329	0.0388954429078423	0.0210402693078248
