0	0	0	0	0	0	0	0	0	0	0	0	0	0	0	0	0	0
0	0	0	0	0	0	0	0	0	0	0	0	0	0	0	0	0	0
0	0	0	0	0	0	0	0	0	0	0	0	0	0	0	0	0	0
0	0	0.0338983050847458	1.52542372881356	0.542372881355932	0.76271186440678	1.11864406779661	1.66101694915254	0.847457627118644	1.03389830508475	0.813559322033898	0.474576271186441	0.186440677966102	0.0338983050847458	0.0677966101694915	0.158800973575321	0.0949312504869371	0.0513525217004538
0	0	0.0752688172043011	0.053763440860215	1.90322580645161	2.11827956989247	2	2.24731182795699	2.0752688172043	2.13978494623656	0.956989247311828	0.978494623655914	0.182795698924731	0.0752688172043011	0.10752688172043	0.0895508477031678	0.0535335128193958	0.0289586502301245
0	0.0133333333333333	0.04	0.213333333333333	0.8	1.76	2.32	2.82666666666667	1.73333333333333	2.08	1.2	0.813333333333333	2.24	1.2	0.933333333333333	0.687078879002555	0.410735877106814	0.22218524389063
0	0	0.0161290322580645	0.209677419354839	1.03225806451613	2.08064516129032	2.61290322580645	3	1.88709677419355	2.74193548387097	1.2741935483871	1.12903225806452	0.451612903225806	0.338709677419355	0.145161290322581	0.109140095638236	0.0652439687486387	0.0352933549679642
0	0.0133333333333333	0.08	0.173333333333333	0.546666666666667	1.06666666666667	1.94666666666667	2.04	1.93333333333333	1.85333333333333	0.653333333333333	0.946666666666666	0.386666666666667	0.0933333333333333	0.12	0.0832822883639461	0.0497861669220381	0.0269315447140158
0	0	0	0.120481927710843	0.493975903614458	1.08433734939759	1.4578313253012	2.13253012048193	1.19277108433735	1.49397590361446	1.16867469879518	0.674698795180723	0.120481927710843	0.0963855421686747	0.036144578313253	0.031356283269558	0.0187447917628156	0.0101398888230481
0	0.010752688172043	0.021505376344086	0.0967741935483871	0.924731182795699	1.41935483870968	2.13978494623656	1.68817204301075	1.87096774193548	1.64516129032258	1.7741935483871	0.827956989247312	0.258064516129032	0.204301075268817	0.139784946236559	0.0783569917402719	0.0468418237169713	0.0253388189513589
0	0	0.0363636363636364	0.0909090909090909	1.01818181818182	0.945454545454545	0.927272727272727	1.8	1.45454545454545	1.96363636363636	0.8	0.6	1	0.381818181818182	0.454545454545454	0.302844684959804	0.18104060698923	0.0979328898691483
0.032258064516129	0	0	0.0161290322580645	0.145161290322581	0.306451612903226	0.338709677419355	1.08064516129032	0.419354838709677	0.758064516129032	0.354838709677419	0.370967741935484	0.0483870967741935	0.0161290322580645	0	0.00839539197217199	0.00501876682681836	0.00271487345907417
0	0	0	0	0.148936170212766	0.25531914893617	0.25531914893617	0.127659574468085	0.234042553191489	0.468085106382979	0.425531914893617	0.170212765957447	0.106382978723404	0	0	0	0	0
0	0.0857142857142857	0	0	0	0	0	0	0	0	0.0857142857142857	0	0	0	0	0	0	0
0	0	0	0	0.111111111111111	0.111111111111111	0.148148148148148	0.148148148148148	0.185185185185185	0.259259259259259	0.0740740740740741	0.037037037037037	0	0	0	0.0192783074916542	0.0115245756763977	0.00623415386898513
0	0	0	0	0	0	0	0	0	0	0	0	0.825	0.075	0.225	0.195192863352999	0.116686328723527	0.0631208079234745
0	0	0	0	0	0	0	0	0	0	0	0	0.825	0.075	0.225	0.195192863352999	0.116686328723527	0.0631208079234745
0	0	0	0	0	0	0	0	0	0	0	0	0.825	0.075	0.225	0.195192863352999	0.116686328723527	0.0631208079234745
