0	0	0	0	0	0	0	0	0	0	0	0	0	0	0	0	0	0
0	0	0	0	0	0	0	0	0	0	0	0	0	0	0	0	0	0
0	0	0	0	0	0	0	0	0	0	0	0	0	0	0	0	0	0
0	0	0.0338983050847458	1.33898305084746	0.711864406779661	0.644067796610169	0.949152542372881	1.55932203389831	0.610169491525424	1.13559322033898	0.711864406779661	0.474576271186441	0.0338983050847458	0	0	0	0	0
0	0	0.032258064516129	0.032258064516129	1.67741935483871	1.76344086021505	1.87096774193548	1.75268817204301	1.61290322580645	1.76344086021505	1.09677419354839	0.720430107526882	0.387096774193548	0.172043010752688	0.172043010752688	0.235070975220816	0.140525471150914	0.0760164568540768
0	0	0	0.12	0.586666666666667	1.54666666666667	1.65333333333333	2.17333333333333	1.25333333333333	1.6	0.746666666666667	0.653333333333333	0.546666666666667	0.28	0.28	0.124923432545919	0.0746792503830572	0.0403973170710237
0	0	0	0.209677419354839	1.46774193548387	2.75806451612903	2.96774193548387	4.30645161290323	2.80645161290323	3.56451612903226	1.96774193548387	1.25806451612903	0.387096774193548	0.290322580645161	0.129032258064516	0.0923493116938919	0.055206435095002	0.0298636080498159
0	0.0266666666666667	0.0133333333333333	0.213333333333333	0.466666666666667	1.38666666666667	1.18666666666667	1.69333333333333	1.36	1.33333333333333	0.52	0.64	0.226666666666667	0.04	0.0133333333333333	0.0763420976669506	0.0456373196785349	0.0246872493211811
0	0	0	0.168674698795181	0.493975903614458	0.951807228915663	1.30120481927711	1.7710843373494	1.57831325301205	1.28915662650602	0.746987951807229	0.530120481927711	0.0963855421686747	0.036144578313253	0.0240963855421687	0.0188137699617348	0.0112468750576893	0.00608393329382887
0	0.010752688172043	0.129032258064516	0.139784946236559	0.827956989247312	1.41935483870968	1.94623655913978	1.78494623655914	2.01075268817204	1.75268817204301	1.43010752688172	0.731182795698925	0.301075268817204	0.258064516129032	0.0967741935483871	0.0503723518330319	0.0301126009609102	0.016289240754445
0	0	0.0363636363636364	0.0909090909090909	0.818181818181818	0.6	0.945454545454545	1.29090909090909	1.16363636363636	1.70909090909091	0.581818181818182	0.763636363636364	0.945454545454545	0.509090909090909	0.327272727272727	0.4637309238447	0.277218429452258	0.149959737612133
0	0	0	0	0.403225806451613	0.612903225806452	0.629032258064516	1.06451612903226	0.645161290322581	0.790322580645161	0.258064516129032	0.741935483870968	0.0806451612903226	0.0967741935483871	0.032258064516129	0.0503723518330319	0.0301126009609102	0.016289240754445
0	0	0	0	0.191489361702128	0.425531914893617	0.361702127659574	0.468085106382979	0.297872340425532	0.74468085106383	0.425531914893617	0.170212765957447	0.191489361702128	0	0	0	0	0
0	0	0	0.0285714285714286	0.114285714285714	0.0857142857142857	0.228571428571429	0.228571428571429	0.2	0.142857142857143	0.0571428571428571	0.0285714285714286	0.0285714285714286	0	0	0	0	0
0	0	0	0	0	0	0	0	0	0	0	0	0	0	0	0	0	0
0	0	0	0	0	0	0	0	0	0	0	0	0.55	0.05	0.15	0.130128575568666	0.0777908858156846	0.0420805386156497
0	0	0	0	0	0	0	0	0	0	0	0	0.55	0.05	0.15	0.130128575568666	0.0777908858156846	0.0420805386156497
0	0	0	0	0	0	0	0	0	0	0	0	0.55	0.05	0.15	0.130128575568666	0.0777908858156846	0.0420805386156497
