0	0	0	0	0	0	0	0	0	0	0	0	0	0	0	0	0	0
0	0	0	0	0	0	0	0	0	0	0	0	0	0	0	0	0	0
0	0	0	0	0	0	0	0	0	0	0	0	0	0	0	0	0	0
0	0	0.0338983050847458	1.8135593220339	0.457627118644068	0.644067796610169	0.694915254237288	0.966101694915254	0.627118644067797	0.779661016949153	0.559322033898305	0.338983050847458	0.0847457627118644	0.0169491525423729	0.0338983050847458	0.0794004867876605	0.0474656252434685	0.0256762608502269
0	0	0.0645161290322581	0.032258064516129	1.55913978494624	1.8494623655914	2.0752688172043	2.11827956989247	1.89247311827957	2.12903225806452	1.04301075268817	1.18279569892473	0.387096774193548	0.193548387096774	0.225806451612903	0.25186175916516	0.150563004804551	0.0814462037722251
0	0.0266666666666667	0.0933333333333333	0.266666666666667	0.973333333333333	1.85333333333333	2.18666666666667	2.78666666666667	2.12	1.77333333333333	1.04	0.92	1.28	0.64	0.533333333333333	0.402531060425739	0.240633140123184	0.13016913278441
0.0161290322580645	0.0161290322580645	0	0.290322580645161	1.61290322580645	2.54838709677419	2.95161290322581	4.20967741935484	2.69354838709677	3.58064516129032	1.54838709677419	1.48387096774194	0.354838709677419	0.258064516129032	0.161290322580645	0.117535487610408	0.070262735575457	0.0380082284270384
0	0.0133333333333333	0.0266666666666667	0.106666666666667	0.386666666666667	0.946666666666667	1.38666666666667	2.02666666666667	1.24	1.10666666666667	0.426666666666667	0.72	0.213333333333333	0.04	0.04	0.0347009534849775	0.0207442362175159	0.0112214769641732
0	0	0	0.0963855421686747	0.674698795180723	1.65060240963855	1.74698795180723	1.97590361445783	1.30120481927711	1.79518072289157	1.31325301204819	0.795180722891566	0.180722891566265	0.192771084337349	0.0481927710843374	0.0752550798469392	0.0449875002307573	0.0243357331753155
0	0	0.0752688172043011	0.172043010752688	0.731182795698925	1.20430107526882	1.70967741935484	1.82795698924731	1.66666666666667	1.67741935483871	1.82795698924731	0.870967741935484	0.376344086021505	0.204301075268817	0.193548387096774	0.151117055499096	0.0903378028827305	0.0488677222633351
0	0	0	0	0.436363636363636	0.472727272727273	0.545454545454545	0.818181818181818	0.927272727272727	1.14545454545455	0.436363636363636	0.381818181818182	1.78181818181818	1.01818181818182	0.545454545454545	0.832822883639461	0.497861669220381	0.269315447140158
0.0161290322580645	0	0	0.0645161290322581	0.516129032258065	0.887096774193548	1.24193548387097	1.32258064516129	1.04838709677419	1.01612903225806	0.516129032258065	0.548387096774194	0.112903225806452	0.0806451612903226	0.0483870967741935	0.0503723518330319	0.0301126009609102	0.016289240754445
0	0	0	0.0212765957446809	0.127659574468085	0.234042553191489	0.425531914893617	0.319148936170213	0.25531914893617	0.446808510638298	0.404255319148936	0.25531914893617	0.0425531914893617	0	0	0	0	0
0	0	0	0	0	0	0	0	0	0	0	0	0	0	0	0	0	0
0	0	0	0	0	0	0	0	0	0	0	0	0	0	0	0	0	0
0	0	0	0	0	0	0	0	0	0	0	0	0.55	0.05	0.15	0.130128575568666	0.0777908858156846	0.0420805386156497
0	0	0	0	0	0	0	0	0	0	0	0	0.55	0.05	0.15	0.130128575568666	0.0777908858156846	0.0420805386156497
0	0	0	0	0	0	0	0	0	0	0	0	0.55	0.05	0.15	0.130128575568666	0.0777908858156846	0.0420805386156497
