0	0	0	0	0	0	0	0	0	0	0	0	0	0	0	0	0	0
0	0	0	0	0	0	0	0	0	0	0	0	0	0	0	0	0	0
0	0	0	0	0	0	0	0	0	0	0	0	0	0	0	0	0	0
0	0	0.0677966101694915	2.08474576271186	0.423728813559322	0.389830508474576	0.694915254237288	1.27118644067797	0.661016949152542	0.711864406779661	0.593220338983051	0.372881355932203	0.11864406779661	0.0169491525423729	0.0338983050847458	0.0794004867876605	0.0474656252434685	0.0256762608502269
0	0	0.043010752688172	0.0645161290322581	2.37634408602151	2.54838709677419	2.80645161290323	2.91397849462366	2.61290322580645	2.67741935483871	1.3010752688172	1.27956989247312	0.225806451612903	0.0967741935483871	0.10752688172043	0.0895508477031679	0.0535335128193958	0.0289586502301245
0	0.0133333333333333	0.0533333333333333	0.173333333333333	0.706666666666667	1.17333333333333	1.65333333333333	2.02666666666667	1.45333333333333	1.09333333333333	0.653333333333333	0.613333333333333	0.92	0.466666666666667	0.346666666666667	0.270667437182825	0.161805042496624	0.0875275203205513
0.0161290322580645	0.0161290322580645	0.032258064516129	0.338709677419355	1.20967741935484	2.32258064516129	2.82258064516129	2.43548387096774	2.24193548387097	2.82258064516129	1.25806451612903	1.35483870967742	0.209677419354839	0.145161290322581	0.129032258064516	0.0419769598608599	0.0250938341340918	0.0135743672953709
0	0	0.0133333333333333	0.16	0.64	1.34666666666667	1.86666666666667	2.45333333333333	1.89333333333333	1.38666666666667	0.866666666666667	0.906666666666667	0.306666666666667	0.0133333333333333	0.0266666666666667	0.0694019069699551	0.0414884724350318	0.0224429539283465
0	0	0	0.0481927710843374	0.481927710843373	1.13253012048193	1.68674698795181	1.5421686746988	0.939759036144578	1.39759036144578	0.939759036144578	0.590361445783133	0.0963855421686747	0.108433734939759	0.036144578313253	0.0501700532312928	0.0299916668205049	0.016223822116877
0	0.043010752688172	0.032258064516129	0.150537634408602	0.978494623655914	1.26881720430108	1.93548387096774	2.24731182795699	1.96774193548387	1.94623655913978	1.47311827956989	0.774193548387097	0.365591397849462	0.279569892473118	0.161290322580645	0.11193855962896	0.0669168910242448	0.0361983127876556
0	0	0.0545454545454545	0.0909090909090909	0.890909090909091	0.763636363636364	1.01818181818182	1.38181818181818	1.2	1.49090909090909	0.818181818181818	0.690909090909091	0.836363636363636	0.509090909090909	0.418181818181818	0.482658716654688	0.288533467389085	0.156080543228955
0.0161290322580645	0	0	0.0161290322580645	0.435483870967742	0.5	0.741935483870968	1.37096774193548	0.645161290322581	1.08064516129032	0.435483870967742	0.935483870967742	0.0645161290322581	0.0806451612903226	0.032258064516129	0.0335815678886879	0.0200750673072734	0.0108594938362967
0	0	0	0	0.106382978723404	0.297872340425532	0.212765957446809	0.297872340425532	0.148936170212766	0.404255319148936	0.170212765957447	0.106382978723404	0.0638297872340425	0	0	0	0	0
0	0.0285714285714286	0	0.0285714285714286	0.114285714285714	0.0857142857142857	0.228571428571429	0.228571428571429	0.2	0.142857142857143	0.0857142857142857	0.0285714285714286	0.0285714285714286	0	0	0	0	0
0	0	0	0	0	0	0	0	0	0	0	0	0	0	0	0	0	0
0	0	0	0	0	0	0	0	0	0	0	0	0.275	0.025	0.075	0.0650642877843329	0.0388954429078423	0.0210402693078248
0	0	0	0	0	0	0	0	0	0	0	0	0.275	0.025	0.075	0.0650642877843329	0.0388954429078423	0.0210402693078248
0	0	0	0	0	0	0	0	0	0	0	0	0.275	0.025	0.075	0.0650642877843329	0.0388954429078423	0.0210402693078248
