0	0	0	0	0	0	0	0	0	0	0	0	0	0	0	0	0	0
0	0	0	0	0	0	0	0	0	0	0	0	0	0	0	0	0	0
0	0	0	0	0	0	0	0	0	0	0	0	0	0	0	0	0	0
0	0	0.0338983050847458	1.69491525423729	0.474576271186441	0.593220338983051	0.796610169491525	1.32203389830508	0.76271186440678	0.864406779661017	0.610169491525424	0.389830508474576	0.0338983050847458	0	0	0	0	0
0	0	0.043010752688172	0.032258064516129	1.45161290322581	1.87096774193548	1.49462365591398	2.05376344086021	1.86021505376344	1.97849462365591	0.806451612903226	0.935483870967742	0.193548387096774	0.0860215053763441	0.139784946236559	0.0839539197217198	0.0501876682681836	0.0271487345907417
0	0	0.12	0.293333333333333	1	2	2.13333333333333	2.64	2.09333333333333	1.65333333333333	1.04	0.933333333333333	0.386666666666667	0.226666666666667	0.186666666666667	0.124923432545919	0.0746792503830572	0.0403973170710237
0	0	0.0483870967741935	0.290322580645161	1.24193548387097	2.03225806451613	2.2258064516129	2.83870967741935	1.98387096774194	2.35483870967742	1.14516129032258	1.2741935483871	0.274193548387097	0.32258064516129	0.0967741935483871	0.0503723518330319	0.0301126009609101	0.016289240754445
0	0.0133333333333333	0.0133333333333333	0.266666666666667	0.693333333333333	1.49333333333333	1.84	2.25333333333333	1.97333333333333	1.73333333333333	0.933333333333333	0.866666666666666	0.266666666666667	0.0266666666666667	0.0266666666666667	0.0902224790609416	0.0539350141655413	0.0291758401068504
0	0	0	0.036144578313253	0.421686746987952	0.843373493975903	1.31325301204819	1.4578313253012	0.903614457831325	1.40963855421687	0.710843373493976	0.63855421686747	0.072289156626506	0.072289156626506	0.0120481927710843	0.0250850266156464	0.0149958334102524	0.00811191105843849
0	0.032258064516129	0	0.0752688172043011	0.78494623655914	1.53763440860215	1.82795698924731	2.09677419354839	1.49462365591398	1.56989247311828	1.24731182795699	0.741935483870968	0.333333333333333	0.182795698924731	0.118279569892473	0.1399231995362	0.083646113780306	0.0452478909845695
0	0	0.0181818181818182	0.0545454545454545	0.636363636363636	0.509090909090909	0.690909090909091	1.16363636363636	0.872727272727273	1.78181818181818	0.709090909090909	0.745454545454545	1.09090909090909	0.672727272727273	0.709090909090909	0.605689369919608	0.362081213978459	0.195865779738297
0.0161290322580645	0	0	0.0806451612903226	0.451612903225806	0.532258064516129	0.887096774193548	0.951612903225806	0.725806451612903	0.790322580645161	0.467741935483871	0.758064516129032	0.0645161290322581	0.0483870967741935	0.0645161290322581	0.0419769598608599	0.0250938341340918	0.0135743672953709
0	0	0	0.0212765957446808	0.212765957446808	0.446808510638298	0.553191489361702	0.404255319148936	0.404255319148936	0.702127659574468	0.617021276595745	0.319148936170213	0.106382978723404	0	0	0	0	0
0	0.0285714285714286	0	0	0	0	0	0	0	0	0.0285714285714286	0	0	0.0571428571428571	0	0	0	0
0	0	0	0	0	0	0	0	0.037037037037037	0	0	0	0	0.037037037037037	0.037037037037037	0	0	0
0	0	0	0	0	0	0	0	0	0	0	0	0	0	0	0	0	0
0	0	0	0	0	0	0	0	0	0	0	0	0	0	0	0	0	0
0	0	0	0	0	0	0	0	0	0	0	0	0	0	0	0	0	0
