0	0	0	0	0	0	0	0	0	0	0	0	0	0	0	0	0	0
0	0	0	0	0	0	0	0	0	0	0	0	0	0	0	0	0	0
0	0	0	0	0	0	0	0	0	0	0	0	0	0	0	0	0	0
0	0	0.0338983050847458	1.45762711864407	0.711864406779661	0.694915254237288	1.16949152542373	1.33898305084746	0.983050847457627	1.05084745762712	0.728813559322034	0.372881355932203	0.135593220338983	0.0169491525423729	0.0338983050847458	0.0794004867876605	0.0474656252434685	0.0256762608502269
0	0	0.0645161290322581	0.032258064516129	1.87096774193548	1.9247311827957	2.06451612903226	2.02150537634409	1.81720430107527	2.08602150537634	0.89247311827957	0.827956989247312	0.225806451612903	0.0967741935483871	0.129032258064516	0.1399231995362	0.083646113780306	0.0452478909845695
0	0.0133333333333333	0.04	0.146666666666667	0.64	1.25333333333333	1.4	1.98666666666667	1.29333333333333	1.41333333333333	0.693333333333333	0.533333333333333	0.4	0.28	0.186666666666667	0.159624386030897	0.0954234866005731	0.0516187940351969
0	0	0.0483870967741935	0.274193548387097	1.51612903225806	2.64516129032258	3.06451612903226	4.24193548387097	2.69354838709677	3.45161290322581	1.43548387096774	1.35483870967742	0.548387096774194	0.225806451612903	0.0806451612903226	0.142721663526924	0.0853190360559121	0.0461528488042609
0	0.0266666666666667	0.0266666666666667	0.16	0.453333333333333	1.09333333333333	1.85333333333333	1.70666666666667	1.81333333333333	1.49333333333333	0.626666666666667	0.653333333333333	0.36	0.04	0.0533333333333333	0.0555215255759641	0.0331907779480254	0.0179543631426772
0	0	0	0.108433734939759	0.530120481927711	1.42168674698795	1.16867469879518	1.69879518072289	1.30120481927711	1.48192771084337	0.855421686746988	0.650602409638554	0.180722891566265	0.072289156626506	0.0481927710843374	0.0376275399234696	0.0224937501153787	0.0121678665876577
0	0.032258064516129	0.0537634408602151	0.0645161290322581	0.860215053763441	1.24731182795699	1.55913978494624	1.62365591397849	1.45161290322581	1.58064516129032	1.41935483870968	0.688172043010753	0.419354838709677	0.225806451612903	0.279569892473118	0.229474047239368	0.137179626599702	0.074206541214694
0	0	0	0.0363636363636364	0.709090909090909	0.872727272727273	0.854545454545454	1.49090909090909	1.43636363636364	1.85454545454545	1.32727272727273	0.563636363636364	2.16363636363636	1.09090909090909	0.545454545454545	0.908534054879412	0.543121820967689	0.293798669607445
0	0	0	0.0967741935483871	0.596774193548387	0.67741935483871	1.19354838709677	1.25806451612903	0.919354838709677	1.24193548387097	0.693548387096774	0.596774193548387	0.0645161290322581	0.112903225806452	0.0967741935483871	0.0755585277495479	0.0451689014413652	0.0244338611316675
0	0	0	0.0851063829787234	0.234042553191489	0.723404255319149	0.851063829787234	0.936170212765957	0.659574468085106	0.531914893617021	0.74468085106383	0.382978723404255	0.0425531914893617	0	0	0	0	0
0	0	0	0	0	0	0	0	0	0	0	0	0	0	0	0	0	0
0	0	0	0	0.222222222222222	0.222222222222222	0.296296296296296	0.296296296296296	0.37037037037037	0.518518518518518	0.148148148148148	0.0740740740740741	0	0	0	0.0385566149833084	0.0230491513527954	0.0124683077379703
0	0	0	0	0	0	0	0	0	0	0	0	0.275	0.025	0.075	0.0650642877843329	0.0388954429078423	0.0210402693078248
0	0	0	0	0	0	0	0	0	0	0	0	0.275	0.025	0.075	0.0650642877843329	0.0388954429078423	0.0210402693078248
0	0	0	0	0	0	0	0	0	0	0	0	0.275	0.025	0.075	0.0650642877843329	0.0388954429078423	0.0210402693078248
