0	0	0	0	0	0	0	0	0	0	0	0	0	0	0	0	0	0
0	0	0	0	0	0	0	0	0	0	0	0	0	0	0	0	0	0
0	0	0	0	0	0	0	0	0	0	0	0	0	0	0	0	0	0
0	0	0.101694915254237	3.27118644067797	0.23728813559322	0.423728813559322	0.508474576271186	0.779661016949153	0.542372881355932	0.474576271186441	0.389830508474576	0.220338983050847	0.0847457627118644	0.0169491525423729	0.0338983050847458	0.0794004867876605	0.0474656252434685	0.0256762608502269
0	0	0.0537634408602151	0.0537634408602151	1.86021505376344	2.43010752688172	2.24731182795699	2.23655913978495	2.13978494623656	2.24731182795699	1.05376344086022	0.956989247311828	0.182795698924731	0.0537634408602151	0.0752688172043011	0.0671631357773759	0.0401501346145469	0.0217189876725934
0	0	0.0266666666666667	0.08	0.693333333333333	1.50666666666667	1.49333333333333	2.38666666666667	1.28	1.37333333333333	0.733333333333333	0.866666666666667	0.24	0.146666666666667	0.12	0.0485813348789686	0.0290419307045222	0.0157100677498425
0	0	0.0161290322580645	0.225806451612903	1.08064516129032	2.20967741935484	2.35483870967742	2.91935483870968	2.24193548387097	2.33870967741935	1.2741935483871	0.983870967741935	0.370967741935484	0.129032258064516	0.0967741935483871	0.117535487610408	0.070262735575457	0.0380082284270384
0	0.0133333333333333	0.0266666666666667	0.0133333333333333	0.413333333333333	0.466666666666667	1.08	1.28	1.30666666666667	0.88	0.346666666666667	0.253333333333333	0.186666666666667	0	0.08	0	0	0
0	0	0	0.168674698795181	0.698795180722892	1.49397590361446	2.13253012048193	2.09638554216867	1.36144578313253	2.10843373493976	1.65060240963855	0.903614457831325	0.156626506024096	0.216867469879518	0.0843373493975904	0.0877975931547624	0.0524854169358836	0.0283916887045347
0	0	0	0.0860215053763441	0.709677419354839	1.35483870967742	1.83870967741935	1.52688172043011	1.81720430107527	1.54838709677419	1.72043010752688	0.645161290322581	0.236559139784946	0.21505376344086	0.0967741935483871	0.117535487610408	0.070262735575457	0.0380082284270384
0	0	0	0.0545454545454545	0.563636363636364	0.654545454545455	0.690909090909091	1.09090909090909	1.32727272727273	2.09090909090909	0.963636363636364	0.581818181818182	0.654545454545455	0.436363636363636	0.6	0.312308581364798	0.186698125957643	0.100993292677559
0	0	0	0.112903225806452	0.564516129032258	0.645161290322581	1.38709677419355	1.41935483870968	1	1.16129032258065	0.548387096774194	0.709677419354839	0.0645161290322581	0.0645161290322581	0.0806451612903226	0.0503723518330319	0.0301126009609102	0.016289240754445
0	0	0	0	0.170212765957447	0.404255319148936	0.382978723404255	0.51063829787234	0.212765957446809	0.680851063829787	0.319148936170213	0.191489361702128	0.106382978723404	0	0	0	0	0
0	0	0	0	0	0	0	0	0	0	0	0	0	0.0285714285714286	0	0	0	0
0	0	0	0	0	0	0	0	0.037037037037037	0	0	0	0	0.037037037037037	0.037037037037037	0	0	0
0	0	0	0	0	0	0	0	0	0	0	0	0	0	0	0	0	0
0	0	0	0	0	0	0	0	0	0	0	0	0	0	0	0	0	0
0	0	0	0	0	0	0	0	0	0	0	0	0	0	0	0	0	0
