0	0	0	0	0	0	0	0	0	0	0	0	0	0	0	0	0	0
0	0	0	0	0	0	0	0	0	0	0	0	0	0	0	0	0	0
0	0	0	0	0	0	0	0	0	0	0	0	0	0	0	0	0	0
0	0	0.0338983050847458	1.27118644067797	0.474576271186441	0.440677966101695	0.661016949152542	1.10169491525424	0.779661016949153	0.677966101694915	0.610169491525424	0.355932203389831	0.0508474576271186	0	0	0	0	0
0	0	0.0645161290322581	0.0537634408602151	1.90322580645161	2.11827956989247	2.43010752688172	2.9247311827957	2.44086021505376	2.24731182795699	1.49462365591398	0.817204301075269	0.354838709677419	0.172043010752688	0.182795698924731	0.201489407332128	0.120450403843641	0.0651569630177801
0	0	0.0266666666666667	0.146666666666667	0.693333333333333	1.30666666666667	1.68	2.50666666666667	1.33333333333333	1.22666666666667	0.853333333333333	0.666666666666667	0.426666666666667	0.106666666666667	0.08	0.0485813348789686	0.0290419307045222	0.0157100677498425
0	0	0	0.17741935483871	1.51612903225806	2.66129032258065	3.20967741935484	4.12903225806452	2.82258064516129	3.80645161290323	2.11290322580645	1.69354838709677	0.596774193548387	0.225806451612903	0.161290322580645	0.142721663526924	0.0853190360559121	0.0461528488042609
0	0.0133333333333333	0.0266666666666667	0.226666666666667	0.853333333333333	1.24	1.85333333333333	2.42666666666667	1.72	1.93333333333333	0.88	0.733333333333333	0.253333333333333	0.0533333333333333	0.0666666666666667	0.0624617162729596	0.0373396251915286	0.0201986585355118
0	0	0	0.072289156626506	0.566265060240964	1.4578313253012	2.02409638554217	2.24096385542169	1.32530120481928	1.80722891566265	1.43373493975904	0.795180722891566	0.108433734939759	0.168674698795181	0.0240963855421687	0.0752550798469392	0.0449875002307573	0.0243357331753155
0	0.010752688172043	0.032258064516129	0.0967741935483871	0.67741935483871	1.2258064516129	1.64516129032258	1.83870967741935	1.61290322580645	1.83870967741935	1.40860215053763	0.634408602150538	0.268817204301075	0.247311827956989	0.172043010752688	0.162310911461992	0.0970294919851549	0.0524875535421006
0	0	0.0363636363636364	0.0363636363636364	0.6	0.6	0.781818181818182	1.30909090909091	1.18181818181818	1.50909090909091	0.836363636363636	0.6	1	0.436363636363636	0.618181818181818	0.255525202934835	0.152753012147162	0.0826308758270939
0	0	0	0	0.403225806451613	0.758064516129032	0.806451612903226	1.30645161290323	0.903225806451613	1.03225806451613	0.290322580645161	0.548387096774194	0.0967741935483871	0.0806451612903226	0.0161290322580645	0.0503723518330319	0.0301126009609102	0.016289240754445
0	0	0	0.0212765957446809	0.127659574468085	0.276595744680851	0.361702127659574	0.446808510638298	0.212765957446809	0.382978723404255	0.297872340425532	0.170212765957447	0.0425531914893617	0	0	0	0	0
0	0	0	0	0	0	0	0	0	0	0	0	0	0.0285714285714286	0	0	0	0
0	0	0	0	0	0	0	0	0.0740740740740741	0	0	0	0	0.0740740740740741	0.0740740740740741	0	0	0
0	0	0	0	0	0	0	0	0	0	0	0	0	0	0	0	0	0
0	0	0	0	0	0	0	0	0	0	0	0	0	0	0	0	0	0
0	0	0	0	0	0	0	0	0	0	0	0	0	0	0	0	0	0
