0	0	0	0	0	0	0	0	0	0	0	0	0	0	0	0	0	0
0	0	0	0	0	0	0	0	0	0	0	0	0	0	0	0	0	0
0	0	0	0	0	0	0	0	0	0	0	0	0	0	0	0	0	0
0	0	0	0.983050847457627	0.627118644067797	0.644067796610169	1.11864406779661	1.59322033898305	1.03389830508475	0.966101694915254	0.88135593220339	0.474576271186441	0.220338983050847	0.0338983050847458	0.0677966101694915	0.158800973575321	0.0949312504869371	0.0513525217004538
0	0	0.043010752688172	0.032258064516129	1.83870967741935	2.03225806451613	1.98924731182796	2.36559139784946	2.3010752688172	2.31182795698925	0.946236559139785	1.16129032258065	0.301075268817204	0.129032258064516	0.139784946236559	0.145520127517648	0.0869919583315182	0.0470578066239523
0	0.0266666666666667	0.0266666666666667	0.106666666666667	0.92	2.08	2.05333333333333	2.21333333333333	1.89333333333333	2.06666666666667	1.26666666666667	0.733333333333333	0.52	0.386666666666667	0.173333333333333	0.208205720909865	0.124465417305095	0.0673288617850395
0	0	0.0161290322580645	0.32258064516129	1.2258064516129	2.01612903225806	2.25806451612903	2.7741935483871	2.09677419354839	2.59677419354839	1.64516129032258	1.20967741935484	0.5	0.129032258064516	0.112903225806452	0.151117055499096	0.0903378028827305	0.0488677222633351
0	0.0266666666666667	0.0133333333333333	0.0933333333333333	0.48	0.52	1.42666666666667	1.70666666666667	1.62666666666667	1.06666666666667	0.6	0.386666666666667	0.16	0.0266666666666667	0.0666666666666667	0.00694019069699551	0.00414884724350318	0.00224429539283465
0	0	0	0.180722891566265	0.734939759036145	1.78313253012048	2.28915662650602	2.40963855421687	1.91566265060241	2.02409638554217	1.56626506024096	0.951807228915663	0.144578313253012	0.216867469879518	0.0602409638554217	0.0815263365008509	0.0487364585833205	0.0263637109399251
0	0.032258064516129	0.0645161290322581	0.182795698924731	1.03225806451613	1.48387096774194	2.29032258064516	1.94623655913978	1.91397849462366	1.6989247311828	1.64516129032258	0.903225806451613	0.21505376344086	0.204301075268817	0.0860215053763441	0.0503723518330319	0.0301126009609102	0.016289240754445
0	0	0	0.0181818181818182	0.327272727272727	0.290909090909091	0.345454545454545	1.36363636363636	0.454545454545455	1.41818181818182	0.745454545454545	0.345454545454545	0.509090909090909	0.290909090909091	0.472727272727273	0.255525202934835	0.152753012147162	0.0826308758270939
0.0161290322580645	0	0	0.0645161290322581	0.32258064516129	0.612903225806452	0.854838709677419	1.06451612903226	0.870967741935484	0.838709677419355	0.596774193548387	0.903225806451613	0.0645161290322581	0.0806451612903226	0.0483870967741935	0.0419769598608599	0.0250938341340918	0.0135743672953709
0	0	0	0.0212765957446809	0.212765957446809	0.446808510638298	0.531914893617021	0.425531914893617	0.404255319148936	0.659574468085106	0.553191489361702	0.319148936170213	0.106382978723404	0	0	0	0	0
0	0	0	0	0	0	0	0	0	0	0	0	0	0	0	0	0	0
0	0	0	0	0	0	0	0	0	0	0	0	0	0	0	0	0	0
0	0	0	0	0	0	0	0	0	0	0	0	0.275	0.025	0.075	0.0650642877843329	0.0388954429078423	0.0210402693078248
0	0	0	0	0	0	0	0	0	0	0	0	0.275	0.025	0.075	0.0650642877843329	0.0388954429078423	0.0210402693078248
0	0	0	0	0	0	0	0	0	0	0	0	0.275	0.025	0.075	0.0650642877843329	0.0388954429078423	0.0210402693078248
