0	0	0	0	0	0	0	0	0	0	0	0	0	0	0	0	0	0
0	0	0	0	0	0	0	0	0	0	0	0	0	0	0	0	0	0
0	0	0	0	0	0	0	0	0	0	0	0	0	0	0	0	0	0
0	0	0.0677966101694915	1.84745762711864	0.796610169491525	0.830508474576271	1.38983050847458	1.79661016949153	1.10169491525424	1.33898305084746	0.796610169491525	0.457627118644068	0.135593220338983	0.0169491525423729	0.0338983050847458	0.0794004867876605	0.0474656252434685	0.0256762608502269
0	0	0.0645161290322581	0.0537634408602151	1.76344086021505	2.12903225806452	2.48387096774194	2.9247311827957	2.73118279569892	2.75268817204301	1.33333333333333	1.13978494623656	0.376344086021505	0.182795698924731	0.21505376344086	0.25186175916516	0.150563004804551	0.0814462037722251
0	0.0533333333333333	0.0933333333333333	0.173333333333333	1.28	1.69333333333333	2.25333333333333	3.54666666666667	2.13333333333333	2.26666666666667	1.45333333333333	0.946666666666667	0.386666666666667	0.293333333333333	0.2	0.215145911606861	0.128614264548598	0.0695731571778741
0.032258064516129	0.032258064516129	0	0.354838709677419	1.20967741935484	2.7258064516129	3.74193548387097	3.91935483870968	3.14516129032258	3.79032258064516	1.69354838709677	1.29032258064516	0.467741935483871	0.193548387096774	0.17741935483871	0.0839539197217199	0.0501876682681836	0.0271487345907417
0	0.0533333333333333	0	0.226666666666667	0.853333333333333	1.34666666666667	1.44	2.02666666666667	1.97333333333333	1.72	1	0.573333333333333	0.266666666666667	0.0133333333333333	0.04	0.027760762787982	0.0165953889740127	0.00897718157133859
0	0	0	0.0240963855421687	0.36144578313253	0.951807228915663	1.53012048192771	1.81927710843373	0.710843373493976	1.48192771084337	1	0.686746987951807	0.0843373493975904	0.168674698795181	0.036144578313253	0.0689838231930276	0.0412385418781942	0.0223077554107058
0	0	0	0.129032258064516	0.838709677419355	1.51612903225806	2.21505376344086	2.0752688172043	2.17204301075269	1.70967741935484	1.48387096774194	0.78494623655914	0.311827956989247	0.150537634408602	0.0967741935483871	0.100744703666064	0.0602252019218203	0.0325784815088901
0	0	0.0363636363636364	0.0545454545454545	0.963636363636364	0.836363636363636	1.03636363636364	1.72727272727273	1.2	1.41818181818182	0.945454545454545	0.436363636363636	0.781818181818182	0.509090909090909	0.345454545454545	0.378555856199755	0.226300758736537	0.122416112336435
0.0161290322580645	0	0	0.0645161290322581	0.290322580645161	0.983870967741935	0.967741935483871	1.62903225806452	1.17741935483871	0.887096774193548	0.548387096774194	0.806451612903226	0.0806451612903226	0.0483870967741935	0	0.00839539197217199	0.00501876682681836	0.00271487345907417
0	0	0	0	0.0425531914893617	0.0851063829787234	0.0851063829787234	0.170212765957447	0.0425531914893617	0.170212765957447	0.0851063829787234	0.0212765957446809	0.0425531914893617	0	0	0	0	0
0	0	0	0	0	0	0	0	0	0	0	0	0	0.0285714285714286	0	0	0	0
0	0	0	0	0	0	0	0	0	0	0	0	0	0	0	0	0	0
0	0	0	0	0	0	0	0	0	0	0	0	0.275	0.025	0.075	0.0650642877843329	0.0388954429078423	0.0210402693078248
0	0	0	0	0	0	0	0	0	0	0	0	0.275	0.025	0.075	0.0650642877843329	0.0388954429078423	0.0210402693078248
0	0	0	0	0	0	0	0	0	0	0	0	0.275	0.025	0.075	0.0650642877843329	0.0388954429078423	0.0210402693078248
