0	0	0	0	0	0	0	0	0	0	0	0	0	0	0	0	0	0
0	0	0	0	0	0	0	0	0	0	0	0	0	0	0	0	0	0
0	0	0	0	0	0	0	0	0	0	0	0	0	0	0	0	0	0
0	0	0.0677966101694915	2.01694915254237	0.491525423728814	0.593220338983051	0.830508474576271	1.25423728813559	0.728813559322034	0.898305084745763	0.525423728813559	0.338983050847458	0.101694915254237	0.0169491525423729	0.0338983050847458	0.0794004867876605	0.0474656252434685	0.0256762608502269
0	0	0.043010752688172	0.0645161290322581	1.6989247311828	2.40860215053763	2.43010752688172	2.61290322580645	2.47311827956989	2.65591397849462	1.17204301075269	0.978494623655914	0.301075268817204	0.129032258064516	0.161290322580645	0.173504767424888	0.103721181087579	0.0561073848208662
0	0.04	0.0533333333333333	0.146666666666667	1.02666666666667	1.86666666666667	2.16	3.01333333333333	2.37333333333333	2.34666666666667	1.4	0.96	0.533333333333333	0.373333333333333	0.24	0.249846865091838	0.149358500766114	0.0807946341420473
0.0161290322580645	0.0161290322580645	0.0161290322580645	0.32258064516129	1.16129032258065	2.17741935483871	2.74193548387097	3.2741935483871	2.38709677419355	2.90322580645161	1.32258064516129	1.30645161290323	0.483870967741935	0.290322580645161	0.193548387096774	0.142721663526924	0.0853190360559121	0.0461528488042609
0	0.0266666666666667	0.0266666666666667	0.213333333333333	0.706666666666667	1.66666666666667	1.62666666666667	1.94666666666667	1.84	1.61333333333333	0.76	0.613333333333333	0.306666666666667	0.04	0.08	0.0555215255759641	0.0331907779480254	0.0179543631426772
0	0	0	0.072289156626506	0.506024096385542	1	1.3855421686747	1.92771084337349	1.13253012048193	1.4578313253012	1.01204819277108	0.614457831325301	0.108433734939759	0.0481927710843374	0	0.031356283269558	0.0187447917628156	0.0101398888230481
0	0.021505376344086	0.043010752688172	0.043010752688172	0.709677419354839	0.860215053763441	1.2258064516129	1.35483870967742	1.2258064516129	1.73118279569892	1.39784946236559	0.483870967741935	0.236559139784946	0.129032258064516	0.150537634408602	0.0727600637588239	0.0434959791657591	0.0235289033119762
0	0	0.0181818181818182	0.0363636363636364	0.945454545454545	0.890909090909091	0.854545454545454	1.27272727272727	1.27272727272727	1.76363636363636	0.763636363636364	0.927272727272727	0.4	0.236363636363636	0.327272727272727	0.151422342479902	0.0905203034946148	0.0489664449345741
0	0	0	0.0483870967741935	0.338709677419355	0.354838709677419	0.67741935483871	0.725806451612903	0.645161290322581	0.645161290322581	0.435483870967742	0.145161290322581	0	0.032258064516129	0.032258064516129	0.0335815678886879	0.0200750673072734	0.0108594938362967
0	0	0	0.0212765957446809	0.0851063829787234	0.212765957446809	0.297872340425532	0.297872340425532	0.212765957446809	0.234042553191489	0.340425531914894	0.148936170212766	0.0425531914893617	0	0	0	0	0
0	0.0285714285714286	0	0	0	0	0	0	0	0	0.0285714285714286	0	0	0	0	0	0	0
0	0	0	0	0	0	0	0	0	0	0	0	0	0	0	0	0	0
0	0	0	0	0	0	0	0	0	0	0	0	0	0	0	0	0	0
0	0	0	0	0	0	0	0	0	0	0	0	0	0	0	0	0	0
0	0	0	0	0	0	0	0	0	0	0	0	0	0	0	0	0	0
