0	0	0	0	0	0	0	0	0	0	0	0	0	0	0	0	0	0
0	0	0	0	0	0	0	0	0	0	0	0	0	0	0	0	0	0
0	0	0	0	0	0	0	0	0	0	0	0	0	0	0	0	0	0
0	0	0	1.40677966101695	0.830508474576271	0.610169491525424	1.45762711864407	1.8135593220339	1.23728813559322	1.06779661016949	1	0.457627118644068	0.338983050847458	0.0508474576271186	0.101694915254237	0.238201460362981	0.142396875730406	0.0770287825506807
0	0	0.0645161290322581	0.043010752688172	1.63440860215054	2.04301075268817	1.73118279569892	1.94623655913978	1.83870967741935	1.88172043010753	0.913978494623656	0.89247311827957	0.311827956989247	0.139784946236559	0.139784946236559	0.190295551369232	0.113758714741216	0.0615371317390146
0	0.0133333333333333	0.04	0.0933333333333333	0.973333333333333	1.74666666666667	1.50666666666667	2.12	1.4	1.38666666666667	1.02666666666667	0.573333333333333	1.17333333333333	0.6	0.493333333333333	0.381710488334753	0.228186598392675	0.123436246605906
0.0161290322580645	0.0161290322580645	0.0645161290322581	0.419354838709677	1.62903225806452	2.59677419354839	3.61290322580645	3.46774193548387	2.96774193548387	3.54838709677419	2.12903225806452	1.7258064516129	0.483870967741935	0.225806451612903	0.209677419354839	0.151117055499096	0.0903378028827305	0.0488677222633351
0	0.0133333333333333	0.04	0.0933333333333333	1.12	1.69333333333333	1.96	2.54666666666667	1.78666666666667	1.90666666666667	1.37333333333333	0.986666666666667	0.253333333333333	0.0933333333333333	0.08	0.0347009534849775	0.0207442362175159	0.0112214769641732
0	0	0	0.0120481927710843	0.265060240963855	0.578313253012048	0.975903614457831	1.51807228915663	0.795180722891566	1.31325301204819	0.578313253012048	0.397590361445783	0.0843373493975904	0.0602409638554217	0.0120481927710843	0.0250850266156464	0.0149958334102524	0.00811191105843849
0	0.021505376344086	0.043010752688172	0.150537634408602	0.602150537634409	1.16129032258065	1.45161290322581	1.64516129032258	1.47311827956989	1.47311827956989	1.55913978494624	0.634408602150538	0.311827956989247	0.279569892473118	0.139784946236559	0.134326271554752	0.0803002692290937	0.0434379753451867
0	0	0.0545454545454545	0.0545454545454545	1.25454545454545	1.16363636363636	1.25454545454545	1.96363636363636	1.63636363636364	1.85454545454545	0.945454545454545	0.636363636363636	0.709090909090909	0.345454545454545	0.363636363636364	0.246061306529841	0.147095493178749	0.079570473018683
0.0161290322580645	0	0	0.0645161290322581	0.516129032258065	0.774193548387097	1.11290322580645	1.2741935483871	1.03225806451613	0.903225806451613	0.548387096774194	0.951612903225806	0.129032258064516	0.161290322580645	0.0967741935483871	0.0671631357773759	0.0401501346145469	0.0217189876725934
0	0	0	0.0212765957446809	0.127659574468085	0.404255319148936	0.404255319148936	0.425531914893617	0.276595744680851	0.446808510638298	0.297872340425532	0.234042553191489	0.0212765957446809	0	0	0	0	0
0	0.0285714285714286	0	0.0285714285714286	0.114285714285714	0.0857142857142857	0.228571428571429	0.228571428571429	0.2	0.142857142857143	0.0857142857142857	0.0285714285714286	0.0285714285714286	0	0	0	0	0
0	0	0	0	0.111111111111111	0.111111111111111	0.148148148148148	0.148148148148148	0.259259259259259	0.259259259259259	0.0740740740740741	0.037037037037037	0	0.0740740740740741	0.0740740740740741	0.0192783074916542	0.0115245756763977	0.00623415386898513
0	0	0	0	0	0	0	0	0	0	0	0	0.55	0.05	0.15	0.130128575568666	0.0777908858156846	0.0420805386156497
0	0	0	0	0	0	0	0	0	0	0	0	0.55	0.05	0.15	0.130128575568666	0.0777908858156846	0.0420805386156497
0	0	0	0	0	0	0	0	0	0	0	0	0.55	0.05	0.15	0.130128575568666	0.0777908858156846	0.0420805386156497
