0	0	0	0	0	0	0	0	0	0	0	0	0	0	0	0	0	0
0	0	0	0	0	0	0	0	0	0	0	0	0	0	0	0	0	0
0	0	0	0	0	0	0	0	0	0	0	0	0	0	0	0	0	0
0	0	0	0.440677966101695	0.305084745762712	0.322033898305085	0.457627118644068	0.830508474576271	0.542372881355932	0.491525423728814	0.406779661016949	0.254237288135593	0.0338983050847458	0	0	0	0	0
0	0	0.032258064516129	0	1.72043010752688	1.41935483870968	1.6989247311828	2.12903225806452	2	2.0752688172043	1.11827956989247	0.849462365591398	0.279569892473118	0.0967741935483871	0.118279569892473	0.134326271554752	0.0803002692290937	0.0434379753451867
0	0.0133333333333333	0.0266666666666667	0.146666666666667	0.573333333333333	1.49333333333333	2.02666666666667	2.30666666666667	1.41333333333333	1.52	0.826666666666667	0.68	0.52	0.346666666666667	0.306666666666667	0.166564576727892	0.0995723338440763	0.0538630894280316
0.0161290322580645	0.0161290322580645	0.0161290322580645	0.306451612903226	0.983870967741935	1.96774193548387	2.38709677419355	2.41935483870968	1.83870967741935	2.43548387096774	1.37096774193548	1.12903225806452	0.290322580645161	0.193548387096774	0.161290322580645	0.0671631357773759	0.0401501346145469	0.0217189876725934
0	0.0266666666666667	0.0533333333333333	0.16	1.13333333333333	1.65333333333333	2.05333333333333	2.92	2.10666666666667	2.24	1.46666666666667	1.09333333333333	0.346666666666667	0.0933333333333333	0.12	0.0555215255759641	0.0331907779480254	0.0179543631426772
0	0	0	0.409638554216867	1.10843373493976	1.85542168674699	2.73493975903614	2.91566265060241	2.6144578313253	2.48192771084337	2.26506024096386	0.987951807228916	0.0963855421686747	0.132530120481928	0.0602409638554217	0.0564413098852044	0.033740625173068	0.0182517998814866
0	0.010752688172043	0	0.10752688172043	0.602150537634409	1.3010752688172	1.79569892473118	1.63440860215054	1.62365591397849	1.48387096774194	1.19354838709677	0.698924731182796	0.204301075268817	0.139784946236559	0.0860215053763441	0.106341631647512	0.0635710464730325	0.0343883971482728
0	0	0	0.109090909090909	0.872727272727273	0.854545454545454	0.963636363636364	1.52727272727273	1.50909090909091	1.98181818181818	1.14545454545455	0.854545454545454	0.963636363636364	0.472727272727273	0.472727272727273	0.388019752604749	0.23195827770495	0.125476515144846
0	0	0	0.032258064516129	0.629032258064516	0.435483870967742	0.725806451612903	0.693548387096774	0.67741935483871	0.693548387096774	0.435483870967742	0.435483870967742	0.032258064516129	0.032258064516129	0.032258064516129	0.0671631357773759	0.0401501346145469	0.0217189876725934
0	0	0	0.0425531914893617	0.191489361702128	0.446808510638298	0.553191489361702	0.787234042553192	0.297872340425532	0.765957446808511	0.51063829787234	0.212765957446809	0.127659574468085	0	0	0	0	0
0	0	0	0.0285714285714286	0.114285714285714	0.0857142857142857	0.228571428571429	0.228571428571429	0.2	0.142857142857143	0.0571428571428571	0.0285714285714286	0.0285714285714286	0.0285714285714286	0	0	0	0
0	0	0	0	0.111111111111111	0.111111111111111	0.148148148148148	0.148148148148148	0.185185185185185	0.259259259259259	0.0740740740740741	0.037037037037037	0	0	0	0.0192783074916542	0.0115245756763977	0.00623415386898513
0	0	0	0	0	0	0	0	0	0	0	0	0.275	0.025	0.075	0.0650642877843329	0.0388954429078423	0.0210402693078248
0	0	0	0	0	0	0	0	0	0	0	0	0.275	0.025	0.075	0.0650642877843329	0.0388954429078423	0.0210402693078248
0	0	0	0	0	0	0	0	0	0	0	0	0.275	0.025	0.075	0.0650642877843329	0.0388954429078423	0.0210402693078248
