0	0	0	0	0	0	0	0	0	0	0	0	0	0	0	0	0	0
0	0	0	0	0	0	0	0	0	0	0	0	0	0	0	0	0	0
0	0	0	0	0	0	0	0	0	0	0	0	0	0	0	0	0	0
0	0	0.0677966101694915	2.50847457627119	0.271186440677966	0.23728813559322	0.457627118644068	0.745762711864407	0.423728813559322	0.423728813559322	0.355932203389831	0.203389830508475	0.101694915254237	0.0169491525423729	0.0338983050847458	0.0794004867876605	0.0474656252434685	0.0256762608502269
0	0	0.0752688172043011	0.043010752688172	1.75268817204301	2.06451612903226	1.78494623655914	2.05376344086022	1.75268817204301	1.75268817204301	0.935483870967742	0.741935483870968	0.21505376344086	0.10752688172043	0.10752688172043	0.151117055499096	0.0903378028827305	0.0488677222633351
0	0	0.0533333333333333	0.173333333333333	0.773333333333333	1.34666666666667	1.77333333333333	2.30666666666667	1.72	1.26666666666667	0.706666666666667	0.733333333333333	0.573333333333333	0.36	0.253333333333333	0.173504767424888	0.103721181087579	0.0561073848208662
0.032258064516129	0.032258064516129	0.032258064516129	0.467741935483871	1.38709677419355	2.04838709677419	3.37096774193548	3.69354838709677	2.33870967741935	3.54838709677419	1.25806451612903	1.35483870967742	0.435483870967742	0.290322580645161	0.258064516129032	0.134326271554752	0.0803002692290937	0.0434379753451867
0	0	0.0133333333333333	0.2	0.6	1.25333333333333	1.37333333333333	1.85333333333333	1.36	1.49333333333333	0.653333333333333	0.6	0.16	0.0266666666666667	0.04	0.0416411441819731	0.0248930834610191	0.0134657723570079
0	0	0	0.27710843373494	0.807228915662651	1.83132530120482	2.66265060240964	2.83132530120482	2.01204819277108	2.36144578313253	2.03614457831325	1.01204819277108	0.168674698795181	0.180722891566265	0.072289156626506	0.0815263365008509	0.0487364585833205	0.0263637109399251
0	0	0.043010752688172	0.10752688172043	0.720430107526882	1.21505376344086	2.02150537634409	1.66666666666667	2.11827956989247	1.72043010752688	1.59139784946237	0.688172043010753	0.473118279569892	0.193548387096774	0.225806451612903	0.268652543109504	0.160600538458187	0.0868759506903735
0	0	0.0181818181818182	0.0545454545454545	0.581818181818182	0.509090909090909	0.672727272727273	0.8	0.890909090909091	0.981818181818182	0.6	0.654545454545455	1.47272727272727	0.872727272727273	0.563636363636364	0.823358987234467	0.492204150251968	0.266255044331747
0.0161290322580645	0	0	0.0645161290322581	0.564516129032258	0.838709677419355	1.16129032258065	1.20967741935484	1.08064516129032	1.01612903225806	0.629032258064516	0.951612903225806	0.112903225806452	0.0806451612903226	0.0483870967741935	0.0503723518330319	0.0301126009609102	0.016289240754445
0	0	0	0.0425531914893617	0.297872340425532	0.893617021276596	0.914893617021277	0.978723404255319	0.595744680851064	1.08510638297872	0.680851063829787	0.48936170212766	0.0851063829787234	0	0	0	0	0
0	0	0	0	0	0	0	0	0	0	0	0	0	0	0	0	0	0
0	0	0	0	0	0	0	0	0	0	0	0	0	0	0	0	0	0
0	0	0	0	0	0	0	0	0	0	0	0	0.825	0.075	0.225	0.195192863352999	0.116686328723527	0.0631208079234745
0	0	0	0	0	0	0	0	0	0	0	0	0.825	0.075	0.225	0.195192863352999	0.116686328723527	0.0631208079234745
0	0	0	0	0	0	0	0	0	0	0	0	0.825	0.075	0.225	0.195192863352999	0.116686328723527	0.0631208079234745
