0	0	0	0	0	0	0	0	0	0	0	0	0	0	0	0	0	0
0	0	0	0	0	0	0	0	0	0	0	0	0	0	0	0	0	0
0	0	0	0	0	0	0	0	0	0	0	0	0	0	0	0	0	0
0	0	0	0.76271186440678	0.711864406779661	0.711864406779661	1.38983050847458	1.55932203389831	1.13559322033898	1.06779661016949	0.898305084745763	0.423728813559322	0.305084745762712	0.0508474576271186	0.101694915254237	0.238201460362981	0.142396875730406	0.0770287825506807
0	0	0.021505376344086	0.010752688172043	1.16129032258065	2.16129032258065	1.20430107526882	1.49462365591398	1.40860215053763	1.34408602150538	0.666666666666667	0.494623655913978	0.225806451612903	0.10752688172043	0.139784946236559	0.128729343573304	0.0769544246778815	0.041628059705804
0	0.0266666666666667	0.04	0.146666666666667	0.72	1.50666666666667	1.32	1.66666666666667	1.34666666666667	1.44	0.68	0.56	0.506666666666667	0.306666666666667	0.2	0.187385148818879	0.112018875574586	0.0605959756065355
0	0	0.0483870967741935	0.354838709677419	1.37096774193548	2.20967741935484	2.46774193548387	3.30645161290323	2.2741935483871	2.93548387096774	1.66129032258065	1.37096774193548	0.370967741935484	0.17741935483871	0.0806451612903226	0.117535487610408	0.070262735575457	0.0380082284270384
0	0	0	0.16	0.573333333333333	1.36	1.68	1.48	1.82666666666667	1.2	0.893333333333333	0.72	0.306666666666667	0.04	0.0133333333333333	0.0485813348789686	0.0290419307045222	0.0157100677498425
0	0	0	0.144578313253012	0.542168674698795	1.33734939759036	1.87951807228916	1.97590361445783	1.2289156626506	2.21686746987952	1.46987951807229	0.939759036144578	0.216867469879518	0.228915662650602	0.0963855421686747	0.0815263365008509	0.0487364585833205	0.0263637109399251
0	0.010752688172043	0.0537634408602151	0.043010752688172	0.795698924731183	1.27956989247312	1.61290322580645	1.68817204301075	1.55913978494624	1.70967741935484	1.23655913978495	0.591397849462366	0.311827956989247	0.290322580645161	0.172043010752688	0.106341631647512	0.0635710464730325	0.0343883971482728
0	0	0	0.0363636363636364	1.01818181818182	1.07272727272727	0.763636363636364	1.98181818181818	1.36363636363636	1.6	1.01818181818182	0.454545454545455	1.56363636363636	0.727272727272727	0.345454545454545	0.624617162729596	0.373396251915286	0.201986585355118
0	0	0	0.032258064516129	0.596774193548387	0.806451612903226	1.06451612903226	1.38709677419355	0.919354838709677	0.935483870967742	0.32258064516129	0.564516129032258	0.0645161290322581	0.032258064516129	0.0161290322580645	0.0335815678886879	0.0200750673072734	0.0108594938362967
0	0	0	0	0.191489361702128	0.531914893617021	0.425531914893617	0.468085106382979	0.276595744680851	0.74468085106383	0.319148936170213	0.25531914893617	0.0851063829787234	0	0	0	0	0
0	0	0	0.0857142857142857	0.342857142857143	0.257142857142857	0.685714285714286	0.685714285714286	0.6	0.428571428571429	0.171428571428571	0.0857142857142857	0.0857142857142857	0.0857142857142857	0	0	0	0
0	0	0	0	0.111111111111111	0.111111111111111	0.148148148148148	0.148148148148148	0.185185185185185	0.259259259259259	0.0740740740740741	0.037037037037037	0	0	0	0.0192783074916542	0.0115245756763977	0.00623415386898513
0	0	0	0	0	0	0	0	0	0	0	0	0.275	0.025	0.075	0.0650642877843329	0.0388954429078423	0.0210402693078248
0	0	0	0	0	0	0	0	0	0	0	0	0.275	0.025	0.075	0.0650642877843329	0.0388954429078423	0.0210402693078248
0	0	0	0	0	0	0	0	0	0	0	0	0.275	0.025	0.075	0.0650642877843329	0.0388954429078423	0.0210402693078248
