0	0	0	0	0	0	0	0	0	0	0	0	0	0	0	0	0	0
0	0	0	0	0	0	0	0	0	0	0	0	0	0	0	0	0	0
0	0	0	0	0	0	0	0	0	0	0	0	0	0	0	0	0	0
0	0	0	1.1864406779661	0.220338983050847	0.322033898305085	0.406779661016949	0.610169491525424	0.389830508474576	0.389830508474576	0.23728813559322	0.135593220338983	0.0169491525423729	0	0	0	0	0
0	0	0.0645161290322581	0.0752688172043011	2.2258064516129	2.03225806451613	2.53763440860215	2.90322580645161	2.61290322580645	2.67741935483871	1.2258064516129	1.16129032258065	0.204301075268817	0.0967741935483871	0.150537634408602	0.100744703666064	0.0602252019218203	0.0325784815088901
0	0.0533333333333333	0.0933333333333333	0.2	0.88	1.8	2	3.05333333333333	2.14666666666667	2.29333333333333	1.26666666666667	1	0.773333333333333	0.56	0.346666666666667	0.353949725546771	0.211591209418662	0.114459065034567
0.0161290322580645	0.0161290322580645	0.0161290322580645	0.258064516129032	1.37096774193548	2.2741935483871	2.82258064516129	3.58064516129032	2.70967741935484	3.51612903225806	1.56451612903226	1.29032258064516	0.32258064516129	0.193548387096774	0.129032258064516	0.0923493116938919	0.055206435095002	0.0298636080498159
0	0	0.0133333333333333	0.08	0.626666666666667	1.17333333333333	1.41333333333333	1.78666666666667	1.50666666666667	1.37333333333333	0.986666666666667	0.706666666666667	0.2	0.0533333333333333	0.0266666666666667	0.027760762787982	0.0165953889740127	0.00897718157133859
0	0	0	0.0602409638554217	0.421686746987952	0.903614457831325	1.42168674698795	1.39759036144578	0.746987951807229	1.12048192771084	0.771084337349398	0.493975903614458	0.0843373493975904	0.0481927710843374	0.0120481927710843	0.0250850266156464	0.0149958334102524	0.00811191105843849
0	0.010752688172043	0.0537634408602151	0.10752688172043	0.817204301075269	1.13978494623656	1.63440860215054	1.65591397849462	1.97849462365591	1.32258064516129	1.24731182795699	0.720430107526882	0.43010752688172	0.279569892473118	0.204301075268817	0.201489407332128	0.120450403843641	0.0651569630177801
0	0	0.0181818181818182	0.0909090909090909	0.709090909090909	0.654545454545455	0.763636363636364	1.36363636363636	1.25454545454545	1.90909090909091	0.545454545454545	0.872727272727273	1.05454545454545	0.4	0.345454545454545	0.340700270579779	0.203670682862883	0.110174501102792
0.0161290322580645	0	0	0.129032258064516	0.887096774193548	0.758064516129032	1.69354838709677	1.61290322580645	1.17741935483871	1.2258064516129	0.645161290322581	1	0.129032258064516	0.0645161290322581	0.112903225806452	0.0839539197217199	0.0501876682681836	0.0271487345907417
0	0	0	0	0.106382978723404	0.319148936170213	0.212765957446809	0.340425531914894	0.170212765957447	0.425531914893617	0.170212765957447	0.106382978723404	0.0638297872340425	0	0	0	0	0
0	0.0857142857142857	0	0	0	0	0	0	0	0	0.0857142857142857	0	0	0	0	0	0	0
0	0	0	0	0.111111111111111	0.111111111111111	0.148148148148148	0.148148148148148	0.185185185185185	0.259259259259259	0.0740740740740741	0.037037037037037	0	0	0	0.0192783074916542	0.0115245756763977	0.00623415386898513
0	0	0	0	0	0	0	0	0	0	0	0	0.275	0.025	0.075	0.0650642877843329	0.0388954429078423	0.0210402693078248
0	0	0	0	0	0	0	0	0	0	0	0	0.275	0.025	0.075	0.0650642877843329	0.0388954429078423	0.0210402693078248
0	0	0	0	0	0	0	0	0	0	0	0	0.275	0.025	0.075	0.0650642877843329	0.0388954429078423	0.0210402693078248
