0	0	0	0	0	0	0	0	0	0	0	0	0	0	0	0	0	0
0	0	0	0	0	0	0	0	0	0	0	0	0	0	0	0	0	0
0	0	0	0	0	0	0	0	0	0	0	0	0	0	0	0	0	0
0	0	0.0338983050847458	1.54237288135593	0.457627118644068	0.491525423728814	0.966101694915254	1.33898305084746	0.677966101694915	0.745762711864407	0.728813559322034	0.372881355932203	0.271186440677966	0.0508474576271186	0.101694915254237	0.238201460362981	0.142396875730406	0.0770287825506807
0	0	0.0860215053763441	0.0645161290322581	1.83870967741935	1.98924731182796	1.72043010752688	2.70967741935484	2.36559139784946	2.10752688172043	1.10752688172043	0.774193548387097	0.290322580645161	0.161290322580645	0.193548387096774	0.207086335313576	0.123796248394853	0.0669668786571629
0	0.0266666666666667	0.0933333333333333	0.306666666666667	0.813333333333333	1.46666666666667	2.22666666666667	2.64	1.81333333333333	1.90666666666667	1.06666666666667	1.05333333333333	0.666666666666667	0.373333333333333	0.266666666666667	0.215145911606861	0.128614264548598	0.0695731571778741
0.0161290322580645	0.0161290322580645	0.0161290322580645	0.225806451612903	1.64516129032258	2.74193548387097	3.54838709677419	4.43548387096774	2.85483870967742	4.32258064516129	1.87096774193548	1.61290322580645	0.516129032258065	0.274193548387097	0.193548387096774	0.16790783944344	0.100375336536367	0.0542974691814834
0	0.0133333333333333	0	0.0933333333333333	0.786666666666667	1.28	1.58666666666667	2.34666666666667	1.77333333333333	1.42666666666667	1.06666666666667	0.773333333333333	0.2	0.0266666666666667	0.0266666666666667	0.0347009534849775	0.0207442362175159	0.0112214769641732
0	0	0	0.156626506024096	0.44578313253012	1.16867469879518	1.26506024096386	1.5421686746988	1.13253012048193	1.20481927710843	0.746987951807229	0.530120481927711	0.0963855421686747	0.036144578313253	0.036144578313253	0.0188137699617348	0.0112468750576893	0.00608393329382887
0	0	0.010752688172043	0.0967741935483871	0.67741935483871	1.08602150537634	1.46236559139785	1.65591397849462	1.32258064516129	1.61290322580645	1.45161290322581	0.623655913978495	0.688172043010753	0.268817204301075	0.387096774193548	0.380591102738463	0.227517429482432	0.123074263478029
0	0	0.0181818181818182	0.0909090909090909	1.23636363636364	1.03636363636364	1.12727272727273	1.96363636363636	1.65454545454545	1.89090909090909	0.836363636363636	1.07272727272727	1.27272727272727	0.527272727272727	0.418181818181818	0.350164166984773	0.209328201831297	0.113234903911203
0	0	0	0.0483870967741935	0.451612903225806	0.774193548387097	0.983870967741935	1.24193548387097	0.82258064516129	0.854838709677419	0.338709677419355	0.467741935483871	0.0967741935483871	0.0806451612903226	0.0483870967741935	0.0503723518330319	0.0301126009609102	0.016289240754445
0	0	0	0	0.191489361702128	0.468085106382979	0.404255319148936	0.297872340425532	0.297872340425532	0.680851063829787	0.361702127659574	0.276595744680851	0.0851063829787234	0	0	0	0	0
0	0.0571428571428571	0	0.0285714285714286	0.114285714285714	0.0857142857142857	0.228571428571429	0.228571428571429	0.2	0.142857142857143	0.114285714285714	0.0285714285714286	0.0285714285714286	0	0	0	0	0
0	0	0	0	0.111111111111111	0.111111111111111	0.148148148148148	0.148148148148148	0.185185185185185	0.259259259259259	0.0740740740740741	0.037037037037037	0	0	0	0.0192783074916542	0.0115245756763977	0.00623415386898513
0	0	0	0	0	0	0	0	0	0	0	0	0.275	0.025	0.075	0.0650642877843329	0.0388954429078423	0.0210402693078248
0	0	0	0	0	0	0	0	0	0	0	0	0.275	0.025	0.075	0.0650642877843329	0.0388954429078423	0.0210402693078248
0	0	0	0	0	0	0	0	0	0	0	0	0.275	0.025	0.075	0.0650642877843329	0.0388954429078423	0.0210402693078248
