0	0	0	0	0	0	0	0	0	0	0	0	0	0	0	0	0	0
0	0	0	0	0	0	0	0	0	0	0	0	0	0	0	0	0	0
0	0	0	0	0	0	0	0	0	0	0	0	0	0	0	0	0	0
0	0	0.101694915254237	3.08474576271186	0.423728813559322	0.423728813559322	0.627118644067797	1.06779661016949	0.644067796610169	0.661016949152542	0.474576271186441	0.288135593220339	0.0338983050847458	0	0	0	0	0
0	0	0.0537634408602151	0.043010752688172	1.59139784946237	2.13978494623656	2	2.20430107526882	2.19354838709677	2.20430107526882	1.24731182795699	0.860215053763441	0.258064516129032	0.0860215053763441	0.118279569892473	0.123132415591856	0.0736085801266693	0.0398181440664212
0	0	0.0266666666666667	0.146666666666667	0.813333333333333	1.34666666666667	1.73333333333333	2.18666666666667	1.65333333333333	1.62666666666667	0.88	0.653333333333333	1.30666666666667	0.68	0.573333333333333	0.374770297637757	0.224037751149172	0.121191951213071
0.0161290322580645	0.0161290322580645	0.0161290322580645	0.241935483870968	1.58064516129032	2.43548387096774	3.2741935483871	3.64516129032258	2.58064516129032	3.53225806451613	1.79032258064516	1.80645161290323	0.451612903225806	0.17741935483871	0.17741935483871	0.159512447471268	0.0953565697095488	0.0515825957224093
0	0	0.0133333333333333	0.173333333333333	0.48	0.906666666666667	1.84	1.49333333333333	1.69333333333333	1.2	0.586666666666667	0.666666666666667	0.2	0.0666666666666667	0.0133333333333333	0.013880381393991	0.00829769448700635	0.0044885907856693
0	0	0	0.132530120481928	0.746987951807229	1.32530120481928	2.14457831325301	2.28915662650602	1.24096385542169	1.53012048192771	1.50602409638554	0.795180722891566	0.120481927710843	0.036144578313253	0.0240963855421687	0.0188137699617348	0.0112468750576893	0.00608393329382887
0	0.032258064516129	0.0537634408602151	0.0645161290322581	0.559139784946237	1	1.31182795698925	1.48387096774194	1.09677419354839	1.36559139784946	1.24731182795699	0.451612903225806	0.290322580645161	0.236559139784946	0.129032258064516	0.106341631647512	0.0635710464730325	0.0343883971482728
0	0	0	0.0363636363636364	0.527272727272727	0.581818181818182	0.436363636363636	1.50909090909091	0.818181818181818	1.56363636363636	0.781818181818182	0.618181818181818	1.27272727272727	0.618181818181818	0.6	0.501586509464675	0.299848505325911	0.162201348845777
0.0161290322580645	0	0	0.0483870967741935	0.306451612903226	0.548387096774194	0.67741935483871	0.82258064516129	0.725806451612903	0.741935483870968	0.467741935483871	0.532258064516129	0.0483870967741935	0.0161290322580645	0.0161290322580645	0.0419769598608599	0.0250938341340918	0.0135743672953709
0	0	0	0	0.0425531914893617	0.0212765957446809	0.0638297872340425	0	0.0638297872340425	0.106382978723404	0.127659574468085	0.0425531914893617	0.0425531914893617	0	0	0	0	0
0	0	0	0	0	0	0	0	0	0	0	0	0	0	0	0	0	0
0	0	0	0	0	0	0	0	0.037037037037037	0	0	0	0	0.037037037037037	0.037037037037037	0	0	0
0	0	0	0	0	0	0	0	0	0	0	0	0.275	0.025	0.075	0.0650642877843329	0.0388954429078423	0.0210402693078248
0	0	0	0	0	0	0	0	0	0	0	0	0.275	0.025	0.075	0.0650642877843329	0.0388954429078423	0.0210402693078248
0	0	0	0	0	0	0	0	0	0	0	0	0.275	0.025	0.075	0.0650642877843329	0.0388954429078423	0.0210402693078248
