0	0	0	0	0	0	0	0	0	0	0	0	0	0	0	0	0	0
0	0	0	0	0	0	0	0	0	0	0	0	0	0	0	0	0	0
0	0	0	0	0	0	0	0	0	0	0	0	0	0	0	0	0	0
0	0	0.0338983050847458	1.22033898305085	0.661016949152542	0.644067796610169	0.847457627118644	1.38983050847458	0.745762711864407	1.06779661016949	0.644067796610169	0.440677966101695	0.0338983050847458	0	0	0	0	0
0	0	0.043010752688172	0.043010752688172	1.78494623655914	2.2258064516129	1.62365591397849	2.2258064516129	1.91397849462366	1.83870967741935	0.903225806451613	0.688172043010753	0.354838709677419	0.172043010752688	0.182795698924731	0.19589247935068	0.117104559292428	0.0633470473783973
0	0.0266666666666667	0.0533333333333333	0.2	0.8	1.48	1.76	2.30666666666667	1.89333333333333	1.92	1.02666666666667	0.826666666666667	1.17333333333333	0.626666666666667	0.533333333333333	0.388650679031748	0.232335445636178	0.12568054199874
0	0	0	0.193548387096774	1.14516129032258	2.03225806451613	2.24193548387097	2.83870967741935	2.41935483870968	2.5	1.09677419354839	0.854838709677419	0.354838709677419	0.129032258064516	0.0806451612903226	0.0839539197217199	0.0501876682681836	0.0271487345907417
0	0.0133333333333333	0.0266666666666667	0.0666666666666667	0.453333333333333	0.813333333333333	1.04	1.76	0.826666666666667	1.04	0.426666666666667	0.44	0.173333333333333	0.0133333333333333	0.0666666666666667	0	0	0
0	0	0	0.0843373493975904	0.397590361445783	0.987951807228916	1.46987951807229	1.50602409638554	1.20481927710843	1.33734939759036	0.951807228915663	0.686746987951807	0.120481927710843	0.072289156626506	0.036144578313253	0.0250850266156464	0.0149958334102524	0.00811191105843849
0	0	0.10752688172043	0.0537634408602151	0.731182795698925	1.13978494623656	1.61290322580645	1.55913978494624	1.70967741935484	1.62365591397849	1.40860215053763	0.516129032258065	0.505376344086022	0.129032258064516	0.193548387096774	0.19589247935068	0.117104559292428	0.0633470473783973
0	0	0.0727272727272727	0.0545454545454545	1.23636363636364	1.25454545454545	1.41818181818182	2.30909090909091	1.98181818181818	2.25454545454545	1.34545454545455	0.654545454545455	0.854545454545454	0.4	0.345454545454545	0.246061306529841	0.147095493178749	0.079570473018683
0.0161290322580645	0	0	0	0.161290322580645	0.274193548387097	0.387096774193548	0.709677419354839	0.483870967741935	0.532258064516129	0.161290322580645	0.661290322580645	0.032258064516129	0.0161290322580645	0	0.00839539197217199	0.00501876682681836	0.00271487345907417
0	0	0	0	0.0212765957446809	0.0212765957446809	0.0851063829787234	0.0425531914893617	0.0212765957446809	0.106382978723404	0.0638297872340425	0.0638297872340425	0	0	0	0	0	0
0	0	0	0.0285714285714286	0.114285714285714	0.0857142857142857	0.228571428571429	0.228571428571429	0.2	0.142857142857143	0.0571428571428571	0.0285714285714286	0.0285714285714286	0	0	0	0	0
0	0	0	0	0.111111111111111	0.111111111111111	0.148148148148148	0.148148148148148	0.259259259259259	0.259259259259259	0.0740740740740741	0.037037037037037	0	0.0740740740740741	0.0740740740740741	0.0192783074916542	0.0115245756763977	0.00623415386898513
0	0	0	0	0	0	0	0	0	0	0	0	0	0	0	0	0	0
0	0	0	0	0	0	0	0	0	0	0	0	0	0	0	0	0	0
0	0	0	0	0	0	0	0	0	0	0	0	0	0	0	0	0	0
