0	0	0	0	0	0	0	0	0	0	0	0	0	0	0	0	0	0
0	0	0	0	0	0	0	0	0	0	0	0	0	0	0	0	0	0
0	0	0	0	0	0	0	0	0	0	0	0	0	0	0	0	0	0
0	0	0.0338983050847458	1.3728813559322	0.661016949152542	0.745762711864407	1.35593220338983	1.91525423728814	1.22033898305085	1.11864406779661	1.03389830508475	0.559322033898305	0.305084745762712	0.0508474576271186	0.101694915254237	0.238201460362981	0.142396875730406	0.0770287825506807
0	0	0.053763440860215	0.064516129032258	2.21505376344086	1.81720430107527	2.52688172043011	2.6989247311828	2.46236559139785	2.58064516129032	1.33333333333333	1.10752688172043	0.0967741935483871	0.021505376344086	0.0752688172043011	0.022387711925792	0.013383378204849	0.00723966255753112
0	0.0133333333333333	0.0133333333333333	0.0666666666666667	0.706666666666667	1.56	1.62666666666667	2.12	1.78666666666667	2.14666666666667	1.01333333333333	0.653333333333333	0.266666666666667	0.133333333333333	0.08	0.0694019069699551	0.0414884724350318	0.0224429539283465
0.032258064516129	0.032258064516129	0.0161290322580645	0.403225806451613	1.41935483870968	2.2741935483871	2.85483870967742	3.88709677419355	2.56451612903226	3.2258064516129	1.43548387096774	1.64516129032258	0.403225806451613	0.274193548387097	0.32258064516129	0.176303231415612	0.105394103363186	0.0570123426405576
0	0	0.04	0.08	0.653333333333333	1.01333333333333	1.50666666666667	1.73333333333333	1.73333333333333	1.45333333333333	0.826666666666667	0.733333333333333	0.36	0.0533333333333333	0.08	0.0208205720909865	0.0124465417305095	0.00673288617850394
0	0	0	0.0843373493975904	0.481927710843373	1.32530120481928	1.39759036144578	2.14457831325301	1.10843373493976	1.36144578313253	0.951807228915662	0.590361445783132	0.108433734939759	0.108433734939759	0.0120481927710843	0.0438987965773812	0.0262427084679418	0.0141958443522674
0	0.010752688172043	0.021505376344086	0.043010752688172	0.56989247311828	1.05376344086022	1.18279569892473	1.45161290322581	1.35483870967742	1.44086021505376	0.967741935483871	0.408602150537634	0.258064516129032	0.161290322580645	0.172043010752688	0.11193855962896	0.0669168910242448	0.0361983127876556
0	0	0.0363636363636364	0.0545454545454545	0.836363636363636	0.727272727272727	0.836363636363636	1.38181818181818	1.12727272727273	1.18181818181818	0.745454545454545	0.454545454545454	0.672727272727273	0.418181818181818	0.290909090909091	0.378555856199755	0.226300758736537	0.122416112336435
0.0161290322580645	0	0	0.0645161290322581	0.483870967741935	0.580645161290323	0.919354838709677	0.919354838709677	0.758064516129032	0.645161290322581	0.435483870967742	0.67741935483871	0.0967741935483871	0.0483870967741935	0.0483870967741935	0.0419769598608599	0.0250938341340918	0.0135743672953709
0	0	0	0.0425531914893617	0.148936170212766	0.404255319148936	0.531914893617021	0.51063829787234	0.404255319148936	0.425531914893617	0.48936170212766	0.276595744680851	0.0425531914893617	0	0	0	0	0
0	0.0571428571428571	0	0.0285714285714286	0.114285714285714	0.0857142857142857	0.228571428571429	0.228571428571429	0.2	0.142857142857143	0.114285714285714	0.0285714285714286	0.0285714285714286	0	0	0	0	0
0	0	0	0	0	0	0	0	0	0	0	0	0	0	0	0	0	0
0	0	0	0	0	0	0	0	0	0	0	0	0.275	0.025	0.075	0.0650642877843329	0.0388954429078423	0.0210402693078248
0	0	0	0	0	0	0	0	0	0	0	0	0.275	0.025	0.075	0.0650642877843329	0.0388954429078423	0.0210402693078248
0	0	0	0	0	0	0	0	0	0	0	0	0.275	0.025	0.075	0.0650642877843329	0.0388954429078423	0.0210402693078248
