0	0	0	0	0	0	0	0	0	0	0	0	0	0	0	0	0	0
0	0	0	0	0	0	0	0	0	0	0	0	0	0	0	0	0	0
0	0	0	0	0	0	0	0	0	0	0	0	0	0	0	0	0	0
0	0	0.135593220338983	4.03389830508475	0.796610169491525	0.644067796610169	1.06779661016949	1.66101694915254	1.06779661016949	1.13559322033898	0.711864406779661	0.423728813559322	0.0677966101694915	0	0	0	0	0
0	0	0.043010752688172	0.043010752688172	1.7741935483871	2.36559139784946	2.17204301075269	2.18279569892473	1.97849462365591	2.29032258064516	1.11827956989247	1.0752688172043	0.139784946236559	0.021505376344086	0.0645161290322581	0.022387711925792	0.013383378204849	0.00723966255753112
0	0.0266666666666667	0.0666666666666667	0.2	1.2	2.02666666666667	2.30666666666667	2.94666666666667	2.33333333333333	1.84	1.13333333333333	1.01333333333333	0.96	0.6	0.386666666666667	0.34006934415278	0.203293514931656	0.109970474248898
0	0	0.0161290322580645	0.241935483870968	1.7741935483871	3.20967741935484	3.51612903225806	4.53225806451613	2.85483870967742	4.06451612903226	1.38709677419355	1.87096774193548	0.661290322580645	0.306451612903226	0.145161290322581	0.142721663526924	0.0853190360559121	0.0461528488042609
0	0.0133333333333333	0.0266666666666667	0.24	0.613333333333333	1.48	1.6	1.85333333333333	1.85333333333333	1.94666666666667	0.733333333333333	0.8	0.36	0.0533333333333333	0.0533333333333333	0.0555215255759641	0.0331907779480254	0.0179543631426772
0	0	0	0.036144578313253	0.421686746987952	0.987951807228916	1.32530120481928	1.21686746987952	1.02409638554217	1.21686746987952	0.662650602409639	0.36144578313253	0.0481927710843374	0.072289156626506	0	0.0376275399234696	0.0224937501153787	0.0121678665876577
0	0.043010752688172	0.0645161290322581	0.118279569892473	1.05376344086022	1.75268817204301	2.33333333333333	1.98924731182796	2.05376344086022	2.05376344086022	1.56989247311828	0.956989247311828	0.473118279569892	0.247311827956989	0.193548387096774	0.246264831183712	0.147217160253339	0.0796362881328424
0	0	0	0.109090909090909	0.581818181818182	0.490909090909091	0.672727272727273	0.963636363636364	1.18181818181818	1.50909090909091	0.745454545454545	0.709090909090909	1.16363636363636	0.581818181818182	0.581818181818182	0.350164166984773	0.209328201831297	0.113234903911203
0.032258064516129	0	0	0.0483870967741935	0.580645161290323	0.564516129032258	1.17741935483871	0.983870967741935	0.82258064516129	0.967741935483871	0.564516129032258	0.548387096774194	0.0967741935483871	0.0806451612903226	0.0645161290322581	0.0503723518330319	0.0301126009609102	0.016289240754445
0	0	0	0.0425531914893617	0.170212765957447	0.553191489361702	0.51063829787234	0.595744680851064	0.404255319148936	0.446808510638298	0.404255319148936	0.25531914893617	0.0212765957446809	0	0	0	0	0
0	0	0	0.0285714285714286	0.114285714285714	0.0857142857142857	0.228571428571429	0.228571428571429	0.2	0.142857142857143	0.0571428571428571	0.0285714285714286	0.0285714285714286	0	0	0	0	0
0	0	0	0	0	0	0	0	0	0	0	0	0	0	0	0	0	0
0	0	0	0	0	0	0	0	0	0	0	0	0	0	0	0	0	0
0	0	0	0	0	0	0	0	0	0	0	0	0	0	0	0	0	0
0	0	0	0	0	0	0	0	0	0	0	0	0	0	0	0	0	0
