0	0	0	0	0	0	0	0	0	0	0	0	0	0	0	0	0	0
0	0	0	0	0	0	0	0	0	0	0	0	0	0	0	0	0	0
0	0	0	0	0	0	0	0	0	0	0	0	0	0	0	0	0	0
0	0	0.135593220338983	3.35593220338983	0.728813559322034	0.779661016949153	1.10169491525424	1.38983050847458	1.13559322033898	1.10169491525424	0.711864406779661	0.389830508474576	0.0508474576271186	0	0	0	0	0
0	0	0.0752688172043011	0.0752688172043011	1.75268817204301	2.32258064516129	2.36559139784946	2.47311827956989	1.94623655913978	2.12903225806452	1.32258064516129	0.989247311827957	0.311827956989247	0.161290322580645	0.172043010752688	0.207086335313576	0.123796248394853	0.0669668786571629
0	0.0266666666666667	0.0666666666666667	0.213333333333333	1	1.72	1.97333333333333	2.88	1.69333333333333	2.08	1.2	0.853333333333333	0.6	0.346666666666667	0.186666666666667	0.215145911606861	0.128614264548598	0.0695731571778741
0	0	0.0161290322580645	0.0806451612903226	0.887096774193548	1.74193548387097	1.70967741935484	2.90322580645161	1.82258064516129	2.46774193548387	0.838709677419355	0.854838709677419	0.193548387096774	0.161290322580645	0.0161290322580645	0.0503723518330319	0.0301126009609102	0.016289240754445
0	0	0.0533333333333333	0.0666666666666667	0.693333333333333	1.28	1.29333333333333	1.64	1.85333333333333	1.53333333333333	0.813333333333333	0.76	0.346666666666667	0.106666666666667	0.0933333333333333	0.0485813348789686	0.0290419307045222	0.0157100677498425
0	0	0	0.072289156626506	0.421686746987952	1.10843373493976	1.51807228915663	2.21686746987952	0.819277108433735	1.55421686746988	1.39759036144578	0.831325301204819	0.265060240963855	0.156626506024096	0.072289156626506	0.0564413098852044	0.033740625173068	0.0182517998814866
0	0.021505376344086	0.021505376344086	0.129032258064516	0.817204301075269	1.48387096774194	1.72043010752688	1.64516129032258	1.68817204301075	1.51612903225806	1.55913978494624	0.612903225806452	0.526881720430108	0.279569892473118	0.279569892473118	0.235070975220816	0.140525471150914	0.0760164568540768
0	0	0	0.127272727272727	0.509090909090909	0.4	0.727272727272727	1.25454545454545	1.18181818181818	1.96363636363636	0.727272727272727	0.690909090909091	1.18181818181818	0.490909090909091	0.436363636363636	0.435339234629718	0.260245872547017	0.140778529186901
0.0161290322580645	0	0	0	0.225806451612903	0.467741935483871	0.483870967741935	0.838709677419355	0.532258064516129	0.774193548387097	0.241935483870968	0.725806451612903	0.129032258064516	0.145161290322581	0.0645161290322581	0.0503723518330319	0.0301126009609102	0.016289240754445
0	0	0	0.0638297872340425	0.148936170212766	0.553191489361702	0.51063829787234	0.595744680851064	0.404255319148936	0.446808510638298	0.404255319148936	0.25531914893617	0.0212765957446809	0	0	0	0	0
0	0.0285714285714286	0	0	0	0	0	0	0	0	0.0285714285714286	0	0	0	0	0	0	0
0	0	0	0	0.111111111111111	0.111111111111111	0.148148148148148	0.148148148148148	0.185185185185185	0.259259259259259	0.0740740740740741	0.037037037037037	0	0	0	0.0192783074916542	0.0115245756763977	0.00623415386898513
0	0	0	0	0	0	0	0	0	0	0	0	0.275	0.025	0.075	0.0650642877843329	0.0388954429078423	0.0210402693078248
0	0	0	0	0	0	0	0	0	0	0	0	0.275	0.025	0.075	0.0650642877843329	0.0388954429078423	0.0210402693078248
0	0	0	0	0	0	0	0	0	0	0	0	0.275	0.025	0.075	0.0650642877843329	0.0388954429078423	0.0210402693078248
