0	0	0	0	0	0	0	0	0	0	0	0	0	0	0	0	0	0
0	0	0	0	0	0	0	0	0	0	0	0	0	0	0	0	0	0
0	0	0	0	0	0	0	0	0	0	0	0	0	0	0	0	0	0
0	0	0.0338983050847458	1	0.813559322033898	0.830508474576271	1.38983050847458	1.54237288135593	1.06779661016949	1.28813559322034	0.796610169491525	0.423728813559322	0.135593220338983	0.0169491525423729	0.0338983050847458	0.0794004867876605	0.0474656252434685	0.0256762608502269
0	0	0.043010752688172	0.043010752688172	1.9247311827957	2.08602150537634	2.35483870967742	2.40860215053763	2.37634408602151	2.23655913978495	1.24731182795699	0.849462365591398	0.440860215053763	0.193548387096774	0.204301075268817	0.240667903202264	0.143871315702126	0.0778263724934596
0	0.0133333333333333	0.0133333333333333	0.133333333333333	0.746666666666667	1.42666666666667	1.56	2.09333333333333	1.48	1.6	0.92	0.653333333333333	0.946666666666667	0.453333333333333	0.346666666666667	0.263727246485829	0.157656195253121	0.0852832249277166
0.0161290322580645	0.0161290322580645	0	0.17741935483871	1	1.82258064516129	2.11290322580645	2.66129032258065	1.90322580645161	2.45161290322581	1.16129032258065	1.14516129032258	0.17741935483871	0.112903225806452	0.145161290322581	0.0587677438052039	0.0351313677877285	0.0190041142135192
0	0	0.0266666666666667	0.0533333333333333	0.573333333333333	0.84	1.54666666666667	1.64	2.18666666666667	1.49333333333333	0.8	0.693333333333333	0.24	0.0666666666666667	0.0666666666666667	0.0347009534849775	0.0207442362175159	0.0112214769641732
0	0	0	0.144578313253012	0.518072289156627	1.32530120481928	1.68674698795181	2.19277108433735	1.42168674698795	1.73493975903614	1.09638554216867	0.662650602409639	0.0963855421686747	0.0963855421686747	0.0602409638554217	0.0376275399234696	0.0224937501153787	0.0121678665876577
0	0	0.043010752688172	0.129032258064516	0.956989247311828	1.39784946236559	2.1505376344086	1.83870967741935	2.09677419354839	1.33333333333333	1.68817204301075	0.870967741935484	0.376344086021505	0.161290322580645	0.182795698924731	0.16790783944344	0.100375336536367	0.0542974691814834
0	0	0	0.0727272727272727	0.890909090909091	0.945454545454545	0.963636363636364	1.83636363636364	1.49090909090909	2.12727272727273	1.54545454545455	0.672727272727273	0.872727272727273	0.454545454545455	0.327272727272727	0.331236374174786	0.19801316389447	0.107114098294381
0.0161290322580645	0	0	0.0806451612903226	0.564516129032258	0.548387096774194	1.01612903225806	1	0.967741935483871	0.709677419354839	0.596774193548387	0.435483870967742	0.0806451612903226	0.0806451612903226	0.0806451612903226	0.0671631357773759	0.0401501346145469	0.0217189876725934
0	0	0	0.0212765957446809	0.276595744680851	0.765957446808511	0.723404255319149	0.723404255319149	0.48936170212766	0.957446808510638	0.595744680851064	0.404255319148936	0.127659574468085	0	0	0	0	0
0	0.0285714285714286	0	0	0	0	0	0	0	0	0.0285714285714286	0	0	0	0	0	0	0
0	0	0	0	0.333333333333333	0.333333333333333	0.444444444444444	0.444444444444444	0.592592592592593	0.777777777777778	0.222222222222222	0.111111111111111	0	0.037037037037037	0.037037037037037	0.0578349224749626	0.0345737270291931	0.0187024616069554
0	0	0	0	0	0	0	0	0	0	0	0	0	0	0	0	0	0
0	0	0	0	0	0	0	0	0	0	0	0	0	0	0	0	0	0
0	0	0	0	0	0	0	0	0	0	0	0	0	0	0	0	0	0
