0	0	0	0	0	0	0	0	0	0	0	0	0	0	0	0	0	0
0	0	0	0	0	0	0	0	0	0	0	0	0	0	0	0	0	0
0	0	0	0	0	0	0	0	0	0	0	0	0	0	0	0	0	0
0	0	0.0677966101694915	2.05084745762712	0.966101694915254	0.949152542372881	1.64406779661017	2	1.44067796610169	1.49152542372881	1.05084745762712	0.559322033898305	0.23728813559322	0.0338983050847458	0.0677966101694915	0.158800973575321	0.0949312504869371	0.0513525217004538
0	0	0.043010752688172	0.032258064516129	1.74193548387097	1.58064516129032	2.05376344086022	2.08602150537634	1.97849462365591	2.06451612903226	1.03225806451613	0.849462365591398	0.32258064516129	0.150537634408602	0.172043010752688	0.190295551369232	0.113758714741216	0.0615371317390146
0	0	0.08	0.226666666666667	0.613333333333333	1.81333333333333	1.96	2.52	1.77333333333333	1.69333333333333	0.893333333333333	0.946666666666667	0.146666666666667	0.0933333333333333	0.133333333333333	0.0485813348789686	0.0290419307045222	0.0157100677498425
0	0	0.0161290322580645	0.258064516129032	1.53225806451613	2.5	3.12903225806452	3.61290322580645	2.61290322580645	3.01612903225806	1.41935483870968	1.61290322580645	0.435483870967742	0.145161290322581	0.0645161290322581	0.100744703666064	0.0602252019218203	0.0325784815088901
0	0.0533333333333333	0.0133333333333333	0.293333333333333	0.506666666666667	1.42666666666667	1.68	2.10666666666667	2.10666666666667	1.72	0.866666666666667	0.786666666666667	0.36	0.0666666666666667	0.0133333333333333	0.0832822883639461	0.0497861669220381	0.0269315447140158
0	0	0	0.168674698795181	0.614457831325301	1.31325301204819	1.93975903614458	2.27710843373494	1.46987951807229	1.67469879518072	1.53012048192771	0.710843373493976	0.228915662650602	0.168674698795181	0.036144578313253	0.0752550798469392	0.0449875002307573	0.0243357331753155
0	0.010752688172043	0.0967741935483871	0.0645161290322581	0.505376344086022	1.09677419354839	1.32258064516129	1.33333333333333	1.34408602150538	1.32258064516129	1.02150537634409	0.43010752688172	0.451612903225806	0.139784946236559	0.193548387096774	0.201489407332128	0.120450403843641	0.0651569630177801
0	0	0.0363636363636364	0.0363636363636364	1.01818181818182	0.836363636363636	0.927272727272727	1.2	1.23636363636364	1.16363636363636	0.563636363636364	0.963636363636364	1.25454545454545	0.927272727272727	0.745454545454545	0.804431194424479	0.480889112315141	0.260134238714925
0	0	0	0.032258064516129	0.532258064516129	0.403225806451613	0.806451612903226	0.725806451612903	0.693548387096774	0.854838709677419	0.548387096774194	0.629032258064516	0.032258064516129	0.0483870967741935	0.032258064516129	0.0587677438052039	0.0351313677877285	0.0190041142135192
0	0	0	0	0.127659574468085	0.276595744680851	0.297872340425532	0.234042553191489	0.148936170212766	0.48936170212766	0.212765957446809	0.212765957446809	0.0212765957446809	0	0	0	0	0
0	0.0285714285714286	0	0	0	0	0	0	0	0	0.0285714285714286	0	0	0	0	0	0	0
0	0	0	0	0	0	0	0	0	0	0	0	0	0	0	0	0	0
0	0	0	0	0	0	0	0	0	0	0	0	0.275	0.025	0.075	0.0650642877843329	0.0388954429078423	0.0210402693078248
0	0	0	0	0	0	0	0	0	0	0	0	0.275	0.025	0.075	0.0650642877843329	0.0388954429078423	0.0210402693078248
0	0	0	0	0	0	0	0	0	0	0	0	0.275	0.025	0.075	0.0650642877843329	0.0388954429078423	0.0210402693078248
