0	0	0	0	0	0	0	0	0	0	0	0	0	0	0	0	0	0
0	0	0	0	0	0	0	0	0	0	0	0	0	0	0	0	0	0
0	0	0	0	0	0	0	0	0	0	0	0	0	0	0	0	0	0
0	0	0.0677966101694915	2.54237288135593	0.830508474576271	0.745762711864407	1.38983050847458	1.55932203389831	1.15254237288136	1.20338983050847	0.796610169491525	0.389830508474576	0.152542372881356	0.0169491525423729	0.0338983050847458	0.0794004867876605	0.0474656252434685	0.0256762608502269
0	0	0.021505376344086	0.032258064516129	1.54838709677419	1.67741935483871	1.86021505376344	2.24731182795699	1.90322580645161	2.17204301075269	1.2258064516129	1.12903225806452	0.43010752688172	0.193548387096774	0.204301075268817	0.246264831183712	0.147217160253339	0.0796362881328424
0	0.0266666666666667	0.04	0.186666666666667	0.746666666666667	1.64	1.86666666666667	2.4	1.57333333333333	1.90666666666667	1.09333333333333	0.706666666666667	0.36	0.146666666666667	0.0666666666666667	0.0902224790609416	0.0539350141655413	0.0291758401068504
0.032258064516129	0.032258064516129	0	0.274193548387097	0.919354838709677	1.79032258064516	2.29032258064516	3.06451612903226	1.88709677419355	2.80645161290323	1.16129032258065	1.12903225806452	0.387096774193548	0.274193548387097	0.258064516129032	0.134326271554752	0.0803002692290937	0.0434379753451867
0	0	0.0266666666666667	0.146666666666667	0.52	1.02666666666667	1.85333333333333	1.81333333333333	1.73333333333333	1.42666666666667	0.72	0.84	0.173333333333333	0.04	0.04	0.0624617162729596	0.0373396251915286	0.0201986585355118
0	0	0	0.132530120481928	0.530120481927711	1.21686746987952	1.91566265060241	2.39759036144578	1.06024096385542	1.33734939759036	1.31325301204819	0.650602409638554	0.0120481927710843	0.132530120481928	0.036144578313253	0.062712566539116	0.0374895835256311	0.0202797776460962
0	0	0.0537634408602151	0.268817204301075	0.881720430107527	1.59139784946237	2.3010752688172	2.23655913978495	2.39784946236559	2.38709677419355	1.72043010752688	1	0.505376344086022	0.32258064516129	0.204301075268817	0.184698623387784	0.110412870190004	0.0597272160996318
0	0	0.0545454545454545	0.0545454545454545	0.945454545454545	0.963636363636364	1.10909090909091	1.81818181818182	1.56363636363636	2.12727272727273	1.03636363636364	0.454545454545455	1.94545454545455	1	0.618181818181818	0.946389640499387	0.565751896841342	0.306040280841088
0	0	0	0.0483870967741935	0.338709677419355	0.661290322580645	0.725806451612903	1.16129032258065	0.709677419354839	0.887096774193548	0.338709677419355	0.983870967741935	0.0967741935483871	0.112903225806452	0.0645161290322581	0.0419769598608599	0.0250938341340918	0.0135743672953709
0	0	0	0	0.0851063829787234	0.106382978723404	0.148936170212766	0.170212765957447	0.106382978723404	0.276595744680851	0.212765957446809	0.0638297872340425	0.0851063829787234	0	0	0	0	0
0	0.0571428571428571	0	0.0285714285714286	0.114285714285714	0.0857142857142857	0.228571428571429	0.228571428571429	0.2	0.142857142857143	0.114285714285714	0.0285714285714286	0.0285714285714286	0	0	0	0	0
0	0	0	0	0	0	0	0	0.037037037037037	0	0	0	0	0.037037037037037	0.037037037037037	0	0	0
0	0	0	0	0	0	0	0	0	0	0	0	0	0	0	0	0	0
0	0	0	0	0	0	0	0	0	0	0	0	0	0	0	0	0	0
0	0	0	0	0	0	0	0	0	0	0	0	0	0	0	0	0	0
