0	0	0	0	0	0	0	0	0	0	0	0	0	0	0	0	0	0
0	0	0	0	0	0	0	0	0	0	0	0	0	0	0	0	0	0
0	0	0	0	0	0	0	0	0	0	0	0	0	0	0	0	0	0
0	0	0.0677966101694915	2.01694915254237	0.711864406779661	0.88135593220339	1.1864406779661	1.89830508474576	1.20338983050847	1.13559322033898	1.10169491525424	0.627118644067797	0.135593220338983	0.0169491525423729	0.0338983050847458	0.0794004867876605	0.0474656252434685	0.0256762608502269
0	0	0.0752688172043011	0.021505376344086	1.63440860215054	1.48387096774194	1.62365591397849	1.91397849462366	1.65591397849462	1.79569892473118	1.03225806451613	1.0752688172043	0.150537634408602	0.043010752688172	0.0645161290322581	0.0503723518330319	0.0301126009609102	0.016289240754445
0	0.04	0.106666666666667	0.213333333333333	1.01333333333333	1.69333333333333	1.97333333333333	2.85333333333333	2.10666666666667	1.93333333333333	1.16	0.88	0.906666666666667	0.586666666666667	0.32	0.34006934415278	0.203293514931656	0.109970474248898
0.032258064516129	0.032258064516129	0	0.32258064516129	1.04838709677419	1.66129032258065	2.38709677419355	3.01612903225806	2.08064516129032	2.80645161290323	1.33870967741935	1.06451612903226	0.32258064516129	0.290322580645161	0.225806451612903	0.0839539197217199	0.0501876682681836	0.0271487345907417
0	0.0266666666666667	0.0266666666666667	0.133333333333333	0.44	1.05333333333333	1.33333333333333	1.54666666666667	1.53333333333333	1.44	0.6	0.48	0.32	0.0533333333333333	0.0666666666666667	0.013880381393991	0.00829769448700635	0.0044885907856693
0	0	0	0.265060240963855	0.843373493975904	1.4578313253012	2.09638554216867	2.68674698795181	2.1566265060241	2.18072289156627	1.56626506024096	0.819277108433735	0.204819277108434	0.0602409638554217	0.0120481927710843	0.031356283269558	0.0187447917628156	0.0101398888230481
0	0.043010752688172	0.032258064516129	0.0645161290322581	0.774193548387097	1.25806451612903	1.70967741935484	1.65591397849462	1.52688172043011	1.20430107526882	1.66666666666667	0.634408602150538	0.559139784946237	0.204301075268817	0.301075268817204	0.307831038979639	0.184021450316673	0.099545360166053
0	0	0	0.0545454545454545	0.454545454545455	0.490909090909091	0.545454545454545	1.10909090909091	0.909090909090909	1.27272727272727	0.909090909090909	0.472727272727273	1.16363636363636	0.509090909090909	0.6	0.264989099339828	0.158410531115576	0.0856912786355047
0.0161290322580645	0	0	0.032258064516129	0.403225806451613	0.338709677419355	0.774193548387097	0.854838709677419	0.451612903225806	0.725806451612903	0.338709677419355	0.774193548387097	0.0806451612903226	0.0806451612903226	0.0645161290322581	0.0419769598608599	0.0250938341340918	0.0135743672953709
0	0	0	0.0212765957446809	0.25531914893617	0.595744680851064	0.638297872340426	0.74468085106383	0.425531914893617	0.914893617021277	0.595744680851064	0.319148936170213	0.148936170212766	0	0	0	0	0
0	0	0	0.0571428571428571	0.228571428571429	0.171428571428571	0.457142857142857	0.457142857142857	0.4	0.285714285714286	0.114285714285714	0.0571428571428571	0.0571428571428571	0	0	0	0	0
0	0	0	0	0	0	0	0	0.037037037037037	0	0	0	0	0.037037037037037	0.037037037037037	0	0	0
0	0	0	0	0	0	0	0	0	0	0	0	0.275	0.025	0.075	0.0650642877843329	0.0388954429078423	0.0210402693078248
0	0	0	0	0	0	0	0	0	0	0	0	0.275	0.025	0.075	0.0650642877843329	0.0388954429078423	0.0210402693078248
0	0	0	0	0	0	0	0	0	0	0	0	0.275	0.025	0.075	0.0650642877843329	0.0388954429078423	0.0210402693078248
