0	0	0	0	0	0	0	0	0	0	0	0	0	0	0	0	0	0
0	0	0	0	0	0	0	0	0	0	0	0	0	0	0	0	0	0
0	0	0	0	0	0	0	0	0	0	0	0	0	0	0	0	0	0
0	0	0	1.13559322033898	0.694915254237288	0.576271186440678	1.06779661016949	1.45762711864407	1	0.966101694915254	0.76271186440678	0.406779661016949	0.152542372881356	0.0169491525423729	0.0338983050847458	0.0794004867876605	0.0474656252434685	0.0256762608502269
0	0	0.032258064516129	0.0537634408602151	1.33333333333333	1.7741935483871	1.74193548387097	2.12903225806452	1.8494623655914	1.74193548387097	0.989247311827957	0.67741935483871	0.301075268817204	0.150537634408602	0.161290322580645	0.179101695406336	0.107067025638792	0.057917300460249
0	0	0.0133333333333333	0.0933333333333333	0.533333333333333	1.22666666666667	1.54666666666667	2.02666666666667	1.41333333333333	1.41333333333333	0.666666666666667	0.56	0.813333333333333	0.493333333333333	0.373333333333333	0.256787055788834	0.153507348009618	0.083038929534882
0	0	0.0483870967741935	0.354838709677419	1.46774193548387	2.46774193548387	2.83870967741935	3.25806451612903	2.33870967741935	3.14516129032258	1.66129032258065	1.46774193548387	0.451612903225806	0.112903225806452	0.0806451612903226	0.159512447471268	0.0953565697095488	0.0515825957224093
0	0.0533333333333333	0.0133333333333333	0.0666666666666667	0.706666666666667	1.02666666666667	1.6	2.02666666666667	1.74666666666667	1.45333333333333	0.84	0.573333333333333	0.266666666666667	0.0266666666666667	0.0533333333333333	0.00694019069699551	0.00414884724350318	0.00224429539283465
0	0	0	0.180722891566265	0.759036144578313	1.46987951807229	1.66265060240964	1.92771084337349	1.65060240963855	1.69879518072289	1.44578313253012	0.783132530120482	0.108433734939759	0.120481927710843	0.036144578313253	0.0438987965773812	0.0262427084679418	0.0141958443522674
0	0	0.0860215053763441	0.129032258064516	0.817204301075269	1.36559139784946	2.03225806451613	1.88172043010753	1.91397849462366	1.96774193548387	1.60215053763441	0.709677419354839	0.268817204301075	0.387096774193548	0.0967741935483871	0.0559692798144799	0.0334584455121224	0.0180991563938278
0	0	0	0	0.690909090909091	0.709090909090909	0.581818181818182	1.32727272727273	0.872727272727273	1.49090909090909	0.745454545454545	0.490909090909091	1.21818181818182	0.709090909090909	0.454545454545455	0.58676157710962	0.350766176041632	0.189744974121475
0	0	0	0.032258064516129	0.741935483870968	0.548387096774194	0.806451612903226	0.951612903225806	0.774193548387097	0.887096774193548	0.532258064516129	0.338709677419355	0.0483870967741935	0.032258064516129	0.032258064516129	0.0839539197217199	0.0501876682681836	0.0271487345907417
0	0	0	0	0.234042553191489	0.191489361702128	0.48936170212766	0.25531914893617	0.276595744680851	0.74468085106383	0.595744680851064	0.276595744680851	0.170212765957447	0	0	0	0	0
0	0.0571428571428571	0	0.0285714285714286	0.114285714285714	0.0857142857142857	0.228571428571429	0.228571428571429	0.2	0.142857142857143	0.114285714285714	0.0285714285714286	0.0285714285714286	0.0857142857142857	0	0	0	0
0	0	0	0	0	0	0	0	0	0	0	0	0	0	0	0	0	0
0	0	0	0	0	0	0	0	0	0	0	0	0.275	0.025	0.075	0.0650642877843329	0.0388954429078423	0.0210402693078248
0	0	0	0	0	0	0	0	0	0	0	0	0.275	0.025	0.075	0.0650642877843329	0.0388954429078423	0.0210402693078248
0	0	0	0	0	0	0	0	0	0	0	0	0.275	0.025	0.075	0.0650642877843329	0.0388954429078423	0.0210402693078248
