0	0	0	0	0	0	0	0	0	0	0	0	0	0	0	0	0	0
0	0	0	0	0	0	0	0	0	0	0	0	0	0	0	0	0	0
0	0	0	0	0	0	0	0	0	0	0	0	0	0	0	0	0	0
0	0	0	1.15254237288136	0.406779661016949	0.423728813559322	0.966101694915254	1.1864406779661	0.796610169491525	0.644067796610169	0.661016949152542	0.305084745762712	0.288135593220339	0.0508474576271186	0.101694915254237	0.238201460362981	0.142396875730406	0.0770287825506807
0	0	0.0860215053763441	0.0860215053763441	2.05376344086022	2.26881720430108	2.74193548387097	3.29032258064516	3.10752688172043	2.75268817204301	1.38709677419355	1.27956989247312	0.376344086021505	0.193548387096774	0.21505376344086	0.212683263295024	0.127142092946065	0.0687767942965457
0	0.0133333333333333	0.0133333333333333	0.12	0.72	1.66666666666667	1.93333333333333	2.46666666666667	1.25333333333333	1.73333333333333	0.946666666666667	0.786666666666667	1.58666666666667	0.8	0.706666666666667	0.464992776698699	0.277972765314713	0.150367791319921
0.0483870967741935	0.0483870967741935	0.0161290322580645	0.483870967741935	1.61290322580645	2.95161290322581	3.33870967741935	4.01612903225806	2.79032258064516	3.82258064516129	1.70967741935484	1.75806451612903	0.580645161290323	0.32258064516129	0.354838709677419	0.142721663526924	0.0853190360559121	0.0461528488042609
0	0.0266666666666667	0.0133333333333333	0.2	0.72	1.4	1.86666666666667	1.66666666666667	1.97333333333333	1.82666666666667	0.786666666666667	0.706666666666667	0.333333333333333	0.0533333333333333	0.04	0.0555215255759641	0.0331907779480254	0.0179543631426772
0	0	0	0.156626506024096	0.55421686746988	1.09638554216867	1.79518072289157	1.93975903614458	1.49397590361446	1.50602409638554	1.03614457831325	0.506024096385542	0.0481927710843374	0.072289156626506	0.0240963855421687	0.0376275399234696	0.0224937501153787	0.0121678665876577
0	0	0.021505376344086	0.118279569892473	0.602150537634409	1.13978494623656	1.61290322580645	1.75268817204301	1.55913978494624	1.70967741935484	1.3010752688172	0.602150537634409	0.247311827956989	0.161290322580645	0.139784946236559	0.106341631647512	0.0635710464730325	0.0343883971482728
0	0	0.0181818181818182	0.0363636363636364	0.909090909090909	0.872727272727273	1.05454545454545	1.58181818181818	1.45454545454545	2.09090909090909	1.21818181818182	0.963636363636364	1.36363636363636	0.745454545454545	0.745454545454545	0.492122613059681	0.294190986357498	0.159140946037366
0.032258064516129	0	0	0.0483870967741935	0.32258064516129	0.403225806451613	0.838709677419355	1.04838709677419	0.870967741935484	0.887096774193548	0.548387096774194	0.387096774193548	0.0806451612903226	0.129032258064516	0.0806451612903226	0.0503723518330319	0.0301126009609102	0.016289240754445
0	0	0	0	0.0851063829787234	0.106382978723404	0.148936170212766	0.170212765957447	0.106382978723404	0.276595744680851	0.212765957446809	0.0638297872340425	0.0851063829787234	0	0	0	0	0
0	0	0	0.0571428571428571	0.228571428571429	0.171428571428571	0.457142857142857	0.457142857142857	0.4	0.285714285714286	0.114285714285714	0.0571428571428571	0.0571428571428571	0	0	0	0	0
0	0	0	0	0	0	0	0	0	0	0	0	0	0	0	0	0	0
0	0	0	0	0	0	0	0	0	0	0	0	0.275	0.025	0.075	0.0650642877843329	0.0388954429078423	0.0210402693078248
0	0	0	0	0	0	0	0	0	0	0	0	0.275	0.025	0.075	0.0650642877843329	0.0388954429078423	0.0210402693078248
0	0	0	0	0	0	0	0	0	0	0	0	0.275	0.025	0.075	0.0650642877843329	0.0388954429078423	0.0210402693078248
