0	0	0	0	0	0	0	0	0	0	0	0	0	0	0	0	0	0
0	0	0	0	0	0	0	0	0	0	0	0	0	0	0	0	0	0
0	0	0	0	0	0	0	0	0	0	0	0	0	0	0	0	0	0
0	0	0.0677966101694915	1.86440677966102	1.10169491525424	0.983050847457627	1.71186440677966	2.03389830508475	1.47457627118644	1.6271186440678	1.06779661016949	0.576271186440678	0.169491525423729	0.0169491525423729	0.0338983050847458	0.0794004867876605	0.0474656252434685	0.0256762608502269
0	0	0.021505376344086	0.010752688172043	1.8494623655914	1.46236559139785	2.19354838709677	2.26881720430108	1.82795698924731	2.21505376344086	1.23655913978495	0.924731182795699	0.268817204301075	0.10752688172043	0.150537634408602	0.134326271554752	0.0803002692290937	0.0434379753451867
0	0	0.04	0.12	0.413333333333333	1.09333333333333	1.16	1.34666666666667	0.826666666666667	0.96	0.48	0.44	0.866666666666667	0.4	0.32	0.229026293000852	0.136911959035605	0.0740617479635434
0.0161290322580645	0.0161290322580645	0.0161290322580645	0.467741935483871	1.58064516129032	2.54838709677419	3.01612903225806	3.32258064516129	2.83870967741935	3.38709677419355	1.96774193548387	1.74193548387097	0.451612903225806	0.209677419354839	0.161290322580645	0.0923493116938919	0.055206435095002	0.0298636080498159
0	0	0.04	0.106666666666667	0.893333333333333	1.46666666666667	1.8	2.34666666666667	1.69333333333333	1.8	0.946666666666667	0.826666666666667	0.226666666666667	0.04	0.0666666666666667	0.0416411441819731	0.0248930834610191	0.0134657723570079
0	0	0	0.0963855421686747	0.409638554216867	1.01204819277108	1.27710843373494	1.28915662650602	1.10843373493976	1.09638554216867	0.759036144578313	0.469879518072289	0.0843373493975904	0.0843373493975904	0.0120481927710843	0.0376275399234696	0.0224937501153787	0.0121678665876577
0	0.021505376344086	0.032258064516129	0.0967741935483871	0.731182795698925	1.11827956989247	1.72043010752688	1.41935483870968	1.6989247311828	1.43010752688172	1.83870967741935	0.526881720430108	0.290322580645161	0.236559139784946	0.0860215053763441	0.0839539197217199	0.0501876682681836	0.0271487345907417
0	0	0.0181818181818182	0.0727272727272727	0.581818181818182	0.563636363636364	0.618181818181818	1.52727272727273	0.890909090909091	1.41818181818182	0.781818181818182	0.472727272727273	0.890909090909091	0.272727272727273	0.309090909090909	0.132494549669914	0.0792052655577879	0.0428456393177524
0.0161290322580645	0	0	0.0645161290322581	0.290322580645161	0.5	0.903225806451613	1	0.951612903225806	0.806451612903226	0.532258064516129	0.290322580645161	0.0483870967741935	0.0645161290322581	0.0483870967741935	0.0419769598608599	0.0250938341340918	0.0135743672953709
0	0	0	0.0212765957446809	0.170212765957447	0.425531914893617	0.48936170212766	0.404255319148936	0.340425531914894	0.553191489361702	0.425531914893617	0.276595744680851	0.0638297872340425	0	0	0	0	0
0	0	0	0	0	0	0	0	0	0	0	0	0	0	0	0	0	0
0	0	0	0	0	0	0	0	0	0	0	0	0	0	0	0	0	0
0	0	0	0	0	0	0	0	0	0	0	0	0	0	0	0	0	0
0	0	0	0	0	0	0	0	0	0	0	0	0	0	0	0	0	0
0	0	0	0	0	0	0	0	0	0	0	0	0	0	0	0	0	0
