0	0	0	0	0	0	0	0	0	0	0	0	0	0	0	0	0	0
0	0	0	0	0	0	0	0	0	0	0	0	0	0	0	0	0	0
0	0	0	0	0	0	0	0	0	0	0	0	0	0	0	0	0	0
0	0	0.0677966101694915	2.54237288135593	0.711864406779661	0.779661016949153	1.23728813559322	1.64406779661017	1.10169491525424	1.15254237288136	0.796610169491525	0.440677966101695	0.135593220338983	0.0169491525423729	0.0338983050847458	0.0794004867876605	0.0474656252434685	0.0256762608502269
0	0	0.032258064516129	0.0860215053763441	1.95698924731183	2.18279569892473	2.25806451612903	2.68817204301075	2.36559139784946	2.53763440860215	1.09677419354839	1.06451612903226	0.139784946236559	0.043010752688172	0.0967741935483871	0.022387711925792	0.013383378204849	0.00723966255753112
0	0	0.0133333333333333	0.133333333333333	0.533333333333333	1.22666666666667	1.66666666666667	2.14666666666667	1.42666666666667	1.24	0.546666666666667	0.413333333333333	0.8	0.44	0.266666666666667	0.229026293000852	0.136911959035605	0.0740617479635434
0.0161290322580645	0.0161290322580645	0.0161290322580645	0.467741935483871	1.80645161290323	3.01612903225806	3.95161290322581	4.08064516129032	3.16129032258065	4.24193548387097	2.11290322580645	1.17741935483871	0.354838709677419	0.161290322580645	0.129032258064516	0.0671631357773759	0.0401501346145469	0.0217189876725934
0	0	0.0133333333333333	0.266666666666667	0.613333333333333	1.36	1.78666666666667	1.69333333333333	1.70666666666667	1.42666666666667	0.773333333333333	0.773333333333333	0.253333333333333	0.08	0.0133333333333333	0.0624617162729596	0.0373396251915286	0.0201986585355118
0	0	0	0.0843373493975904	0.566265060240964	1.36144578313253	1.7710843373494	2.02409638554217	1.2289156626506	1.81927710843373	1.37349397590361	0.867469879518072	0.180722891566265	0.156626506024096	0.0481927710843374	0.0564413098852044	0.033740625173068	0.0182517998814866
0	0.010752688172043	0.0645161290322581	0.118279569892473	0.720430107526882	0.967741935483871	1.35483870967742	1.49462365591398	1.20430107526882	1.58064516129032	1.55913978494624	0.483870967741935	0.32258064516129	0.279569892473118	0.150537634408602	0.100744703666064	0.0602252019218203	0.0325784815088901
0	0	0.0181818181818182	0.0727272727272727	0.527272727272727	0.509090909090909	0.618181818181818	1.2	1.10909090909091	1.32727272727273	0.527272727272727	0.509090909090909	0.836363636363636	0.418181818181818	0.272727272727273	0.321772477769792	0.192355644926056	0.10405369548597
0	0	0	0.0806451612903226	0.645161290322581	0.806451612903226	1.20967741935484	1.74193548387097	0.935483870967742	1.2258064516129	0.548387096774194	0.983870967741935	0.0645161290322581	0.0967741935483871	0.0806451612903226	0.0755585277495479	0.0451689014413652	0.0244338611316675
0	0	0	0	0.0212765957446809	0.0212765957446809	0.0851063829787234	0.0425531914893617	0.0212765957446809	0.106382978723404	0.0638297872340425	0.0638297872340425	0	0	0	0	0	0
0	0	0	0.0857142857142857	0.342857142857143	0.257142857142857	0.685714285714286	0.685714285714286	0.6	0.428571428571429	0.171428571428571	0.0857142857142857	0.0857142857142857	0	0	0	0	0
0	0	0	0	0.111111111111111	0.111111111111111	0.148148148148148	0.148148148148148	0.185185185185185	0.259259259259259	0.0740740740740741	0.037037037037037	0	0	0	0.0192783074916542	0.0115245756763977	0.00623415386898513
0	0	0	0	0	0	0	0	0	0	0	0	0.55	0.05	0.15	0.130128575568666	0.0777908858156846	0.0420805386156497
0	0	0	0	0	0	0	0	0	0	0	0	0.55	0.05	0.15	0.130128575568666	0.0777908858156846	0.0420805386156497
0	0	0	0	0	0	0	0	0	0	0	0	0.55	0.05	0.15	0.130128575568666	0.0777908858156846	0.0420805386156497
