0	0	0	0	0	0	0	0	0	0	0	0	0	0	0	0	0	0
0	0	0	0	0	0	0	0	0	0	0	0	0	0	0	0	0	0
0	0	0	0	0	0	0	0	0	0	0	0	0	0	0	0	0	0
0	0	0.0677966101694915	2.03389830508475	0.694915254237288	0.508474576271186	1.03389830508475	1.32203389830508	1	0.915254237288136	0.728813559322034	0.372881355932203	0.152542372881356	0.0169491525423729	0.0338983050847458	0.0794004867876605	0.0474656252434685	0.0256762608502269
0	0	0.032258064516129	0.043010752688172	1.74193548387097	1.88172043010753	2.34408602150538	2.39784946236559	2.12903225806452	2.38709677419355	1.2258064516129	0.720430107526882	0.225806451612903	0.0860215053763441	0.10752688172043	0.123132415591856	0.0736085801266693	0.0398181440664212
0	0.0133333333333333	0.0266666666666667	0.08	0.826666666666667	1.33333333333333	1.64	2.70666666666667	1.66666666666667	2.09333333333333	1.08	0.76	0.573333333333333	0.32	0.28	0.180444958121883	0.107870028331083	0.0583516802137009
0	0	0	0.17741935483871	1.48387096774194	2.66129032258065	3.11290322580645	4.04838709677419	2.43548387096774	3.37096774193548	1.79032258064516	1.40322580645161	0.370967741935484	0.0967741935483871	0.0645161290322581	0.0923493116938919	0.055206435095002	0.0298636080498159
0	0.0266666666666667	0.0266666666666667	0.146666666666667	0.693333333333333	1.08	1.6	1.62666666666667	1.72	1.69333333333333	0.626666666666667	0.586666666666667	0.24	0.0266666666666667	0.04	0.0555215255759641	0.0331907779480254	0.0179543631426772
0	0	0	0.27710843373494	0.891566265060241	1.63855421686747	2.48192771084337	2.1566265060241	2.28915662650602	2.06024096385542	1.71084337349398	0.831325301204819	0.0963855421686747	0.180722891566265	0.0481927710843374	0.0752550798469392	0.0449875002307573	0.0243357331753155
0	0.021505376344086	0.043010752688172	0.139784946236559	0.709677419354839	1.23655913978495	1.79569892473118	1.79569892473118	1.50537634408602	1.66666666666667	1.23655913978495	0.752688172043011	0.311827956989247	0.225806451612903	0.150537634408602	0.1399231995362	0.083646113780306	0.0452478909845695
0	0	0.0181818181818182	0.0181818181818182	0.909090909090909	0.909090909090909	1	1.61818181818182	1.45454545454545	2.07272727272727	0.927272727272727	0.945454545454545	0.927272727272727	0.636363636363636	0.381818181818182	0.539442095084651	0.322478581199565	0.17444296007942
0	0	0	0.0483870967741935	0.370967741935484	0.5	0.887096774193548	1.19354838709677	0.741935483870968	1.06451612903226	0.403225806451613	0.564516129032258	0.0483870967741935	0.0967741935483871	0.0645161290322581	0.0587677438052039	0.0351313677877285	0.0190041142135192
0	0	0	0.0425531914893617	0.191489361702128	0.659574468085106	0.638297872340426	0.808510638297872	0.51063829787234	0.787234042553192	0.468085106382979	0.297872340425532	0.0638297872340425	0	0	0	0	0
0	0	0	0.0285714285714286	0.114285714285714	0.0857142857142857	0.228571428571429	0.228571428571429	0.2	0.142857142857143	0.0571428571428571	0.0285714285714286	0.0285714285714286	0	0	0	0	0
0	0	0	0	0	0	0	0	0.037037037037037	0	0	0	0	0.037037037037037	0.037037037037037	0	0	0
0	0	0	0	0	0	0	0	0	0	0	0	0	0	0	0	0	0
0	0	0	0	0	0	0	0	0	0	0	0	0	0	0	0	0	0
0	0	0	0	0	0	0	0	0	0	0	0	0	0	0	0	0	0
