0	0	0	0	0	0	0	0	0	0	0	0	0	0	0	0	0	0
0	0	0	0	0	0	0	0	0	0	0	0	0	0	0	0	0	0
0	0	0	0	0	0	0	0	0	0	0	0	0	0	0	0	0	0
0	0	0.0677966101694915	2.57627118644068	0.610169491525424	0.694915254237288	1.08474576271186	1.66101694915254	1.06779661016949	1.01694915254237	0.796610169491525	0.457627118644068	0.135593220338983	0.0169491525423729	0.0338983050847458	0.0794004867876605	0.0474656252434685	0.0256762608502269
0	0	0.0537634408602151	0.043010752688172	1.60215053763441	1.80645161290323	1.76344086021505	2.05376344086022	1.86021505376344	1.89247311827957	0.978494623655914	0.752688172043011	0.225806451612903	0.0967741935483871	0.118279569892473	0.128729343573304	0.0769544246778815	0.041628059705804
0	0.0133333333333333	0.0533333333333333	0.16	0.8	1.46666666666667	2.12	2.98666666666667	1.8	1.96	1.29333333333333	1.06666666666667	0.76	0.386666666666667	0.24	0.208205720909865	0.124465417305095	0.0673288617850395
0.032258064516129	0.032258064516129	0.0161290322580645	0.435483870967742	1.38709677419355	2.53225806451613	3.11290322580645	3.88709677419355	2.45161290322581	3.48387096774194	1.56451612903226	1.59677419354839	0.338709677419355	0.209677419354839	0.241935483870968	0.142721663526924	0.0853190360559121	0.0461528488042609
0	0.0266666666666667	0.0133333333333333	0.106666666666667	0.72	1.29333333333333	1.8	2.37333333333333	1.94666666666667	1.70666666666667	1.05333333333333	0.76	0.28	0.04	0.04	0.00694019069699551	0.00414884724350318	0.00224429539283465
0	0	0	0.373493975903614	0.843373493975904	1.36144578313253	2.18072289156627	1.97590361445783	1.95180722891566	1.89156626506024	1.55421686746988	0.698795180722892	0.072289156626506	0.108433734939759	0.072289156626506	0.0438987965773812	0.0262427084679418	0.0141958443522674
0	0.032258064516129	0	0.10752688172043	0.806451612903226	1.44086021505376	2.25806451612903	2.13978494623656	1.90322580645161	1.88172043010753	1.46236559139785	0.774193548387097	0.580645161290323	0.193548387096774	0.258064516129032	0.324621822923983	0.19405898397031	0.104975107084201
0	0	0.0545454545454545	0.127272727272727	0.981818181818182	0.8	1.05454545454545	1.6	1.38181818181818	2.07272727272727	0.8	0.836363636363636	0.690909090909091	0.236363636363636	0.218181818181818	0.236597410124847	0.141437974210336	0.0765100702102721
0.0161290322580645	0	0	0.0806451612903226	0.596774193548387	0.661290322580645	0.935483870967742	1.08064516129032	0.790322580645161	0.82258064516129	0.645161290322581	1.04838709677419	0.0967741935483871	0.129032258064516	0.0967741935483871	0.0923493116938919	0.055206435095002	0.0298636080498159
0	0	0	0.0425531914893617	0.170212765957447	0.574468085106383	0.617021276595745	0.659574468085106	0.425531914893617	0.553191489361702	0.446808510638298	0.319148936170213	0.0212765957446809	0	0	0	0	0
0	0	0	0.0285714285714286	0.114285714285714	0.0857142857142857	0.228571428571429	0.228571428571429	0.2	0.142857142857143	0.0571428571428571	0.0285714285714286	0.0285714285714286	0	0	0	0	0
0	0	0	0	0.111111111111111	0.111111111111111	0.148148148148148	0.148148148148148	0.185185185185185	0.259259259259259	0.0740740740740741	0.037037037037037	0	0	0	0.0192783074916542	0.0115245756763977	0.00623415386898513
0	0	0	0	0	0	0	0	0	0	0	0	0.275	0.025	0.075	0.0650642877843329	0.0388954429078423	0.0210402693078248
0	0	0	0	0	0	0	0	0	0	0	0	0.275	0.025	0.075	0.0650642877843329	0.0388954429078423	0.0210402693078248
0	0	0	0	0	0	0	0	0	0	0	0	0.275	0.025	0.075	0.0650642877843329	0.0388954429078423	0.0210402693078248
