0	0	0	0	0	0	0	0	0	0	0	0	0	0	0	0	0	0
0	0	0	0	0	0	0	0	0	0	0	0	0	0	0	0	0	0
0	0	0	0	0	0	0	0	0	0	0	0	0	0	0	0	0	0
0	0	0.0338983050847458	1.32203389830508	0.288135593220339	0.271186440677966	0.559322033898305	0.711864406779661	0.389830508474576	0.474576271186441	0.322033898305085	0.169491525423729	0.101694915254237	0.0169491525423729	0.0338983050847458	0.0794004867876605	0.0474656252434685	0.0256762608502269
0	0	0.010752688172043	0.0537634408602151	1.83870967741935	2.0752688172043	2.37634408602151	2.37634408602151	2.09677419354839	2.27956989247312	1.09677419354839	1.02150537634409	0.268817204301075	0.129032258064516	0.150537634408602	0.1399231995362	0.083646113780306	0.0452478909845695
0	0.0133333333333333	0.0666666666666667	0.24	0.653333333333333	1.62666666666667	1.89333333333333	2.26666666666667	1.57333333333333	1.58666666666667	0.853333333333333	0.813333333333333	0.666666666666667	0.306666666666667	0.24	0.173504767424888	0.103721181087579	0.0561073848208662
0.0161290322580645	0.0161290322580645	0.032258064516129	0.370967741935484	1.41935483870968	2.43548387096774	3.06451612903226	3.11290322580645	2.62903225806452	2.88709677419355	1.48387096774194	1.58064516129032	0.403225806451613	0.193548387096774	0.145161290322581	0.100744703666064	0.0602252019218203	0.0325784815088901
0	0	0.0133333333333333	0.146666666666667	0.613333333333333	0.88	1.50666666666667	1.42666666666667	1.49333333333333	1.25333333333333	0.6	0.52	0.173333333333333	0	0.0666666666666667	0.0416411441819731	0.0248930834610191	0.0134657723570079
0	0	0	0.156626506024096	0.578313253012048	1.60240963855422	1.98795180722892	2.37349397590361	1.74698795180723	1.85542168674699	1.55421686746988	0.783132530120482	0.132530120481928	0.156626506024096	0.0481927710843374	0.062712566539116	0.0374895835256311	0.0202797776460962
0	0.021505376344086	0.0645161290322581	0.0752688172043011	0.881720430107527	1.40860215053763	2.31182795698925	1.9247311827957	1.95698924731183	1.73118279569892	1.49462365591398	0.731182795698925	0.397849462365591	0.21505376344086	0.172043010752688	0.184698623387784	0.110412870190004	0.0597272160996318
0	0	0.0181818181818182	0.0363636363636364	0.618181818181818	0.618181818181818	0.672727272727273	1.21818181818182	1.09090909090909	1.6	0.672727272727273	0.472727272727273	1	0.509090909090909	0.4	0.406947545414737	0.243273315641777	0.131597320761668
0	0	0	0.0161290322580645	0.193548387096774	0.225806451612903	0.306451612903226	0.403225806451613	0.32258064516129	0.387096774193548	0.17741935483871	0.435483870967742	0.0161290322580645	0.0483870967741935	0.032258064516129	0.0419769598608599	0.0250938341340918	0.0135743672953709
0	0	0	0.0212765957446809	0.340425531914894	0.702127659574468	0.787234042553192	0.936170212765957	0.595744680851064	1.19148936170213	0.808510638297872	0.382978723404255	0.25531914893617	0	0	0	0	0
0	0.0571428571428571	0	0	0	0	0	0	0	0	0.0571428571428571	0	0	0	0	0	0	0
0	0	0	0	0	0	0	0	0	0	0	0	0	0	0	0	0	0
0	0	0	0	0	0	0	0	0	0	0	0	0.275	0.025	0.075	0.0650642877843329	0.0388954429078423	0.0210402693078248
0	0	0	0	0	0	0	0	0	0	0	0	0.275	0.025	0.075	0.0650642877843329	0.0388954429078423	0.0210402693078248
0	0	0	0	0	0	0	0	0	0	0	0	0.275	0.025	0.075	0.0650642877843329	0.0388954429078423	0.0210402693078248
