0	0	0	0	0	0	0	0	0	0	0	0	0	0	0	0	0	0
0	0	0	0	0	0	0	0	0	0	0	0	0	0	0	0	0	0
0	0	0	0	0	0	0	0	0	0	0	0	0	0	0	0	0	0
0	0	0.0677966101694915	2.69491525423729	1	0.779661016949153	1.91525423728814	1.94915254237288	1.40677966101695	1.38983050847458	1.10169491525424	0.474576271186441	0.491525423728814	0.0847457627118644	0.169491525423729	0.397002433938302	0.237328126217343	0.128381304251135
0	0	0.032258064516129	0.0752688172043011	1.87096774193548	1.86021505376344	2.41935483870968	2.24731182795699	2.23655913978495	2.40860215053763	1.20430107526882	1.26881720430108	0.387096774193548	0.161290322580645	0.182795698924731	0.184698623387784	0.110412870190004	0.0597272160996318
0	0.0266666666666667	0.0666666666666667	0.213333333333333	0.893333333333333	1.82666666666667	2.09333333333333	2.74666666666667	1.88	1.70666666666667	1.10666666666667	0.853333333333333	0.84	0.48	0.386666666666667	0.27760762787982	0.165953889740127	0.0897718157133859
0.0483870967741935	0.0483870967741935	0.0161290322580645	0.419354838709677	1.54838709677419	2.82258064516129	3.93548387096774	4.38709677419355	3.37096774193548	3.93548387096774	2.17741935483871	1.83870967741935	0.370967741935484	0.241935483870968	0.258064516129032	0.109140095638236	0.0652439687486387	0.0352933549679642
0	0	0.0133333333333333	0.0933333333333333	0.8	1.04	1.34666666666667	1.88	1.25333333333333	1.48	0.96	0.733333333333333	0.2	0.0266666666666667	0.0533333333333333	0.0347009534849775	0.0207442362175159	0.0112214769641732
0	0	0	0.0843373493975904	0.518072289156627	1.33734939759036	1.81927710843373	2.31325301204819	0.987951807228916	1.75903614457831	1.33734939759036	0.650602409638554	0.0481927710843374	0.168674698795181	0.0481927710843374	0.0689838231930276	0.0412385418781942	0.0223077554107058
0	0.010752688172043	0.021505376344086	0.193548387096774	0.849462365591398	1.37634408602151	2.12903225806452	1.76344086021505	1.87096774193548	1.6989247311828	1.80645161290323	0.774193548387097	0.43010752688172	0.279569892473118	0.204301075268817	0.179101695406336	0.107067025638792	0.057917300460249
0	0	0.0181818181818182	0.0363636363636364	0.781818181818182	0.745454545454545	0.763636363636364	1.47272727272727	1.12727272727273	1.87272727272727	0.836363636363636	0.818181818181818	1.03636363636364	0.436363636363636	0.218181818181818	0.302844684959804	0.18104060698923	0.0979328898691483
0	0	0	0.032258064516129	0.516129032258065	0.935483870967742	1.12903225806452	1.04838709677419	0.983870967741935	1.12903225806452	0.435483870967742	0.725806451612903	0.145161290322581	0.129032258064516	0.0645161290322581	0.0839539197217199	0.0501876682681836	0.0271487345907417
0	0	0	0	0.191489361702128	0.170212765957447	0.361702127659574	0.212765957446809	0.25531914893617	0.595744680851064	0.531914893617021	0.212765957446809	0.170212765957447	0	0	0	0	0
0	0	0	0.0285714285714286	0.114285714285714	0.0857142857142857	0.228571428571429	0.228571428571429	0.2	0.142857142857143	0.0571428571428571	0.0285714285714286	0.0285714285714286	0	0	0	0	0
0	0	0	0	0	0	0	0	0	0	0	0	0	0	0	0	0	0
0	0	0	0	0	0	0	0	0	0	0	0	0	0	0	0	0	0
0	0	0	0	0	0	0	0	0	0	0	0	0	0	0	0	0	0
0	0	0	0	0	0	0	0	0	0	0	0	0	0	0	0	0	0
