0	0	0	0	0	0	0	0	0	0	0	0	0	0	0	0	0	0
0	0	0	0	0	0	0	0	0	0	0	0	0	0	0	0	0	0
0	0	0	0	0	0	0	0	0	0	0	0	0	0	0	0	0	0
0	0	0.101694915254237	2.42372881355932	0.203389830508475	0.423728813559322	0.372881355932203	0.76271186440678	0.491525423728814	0.474576271186441	0.338983050847458	0.23728813559322	0	0	0	0	0	0
0	0	0.0645161290322581	0.0860215053763441	1.74193548387097	2.37634408602151	2.26881720430108	2.74193548387097	2.46236559139785	2.41935483870968	1.17204301075269	0.913978494623656	0.172043010752688	0.0860215053763441	0.0967741935483871	0.0951477756846158	0.0568793573706081	0.0307685658695073
0	0.0266666666666667	0.04	0.0666666666666667	0.653333333333333	1.16	1.22666666666667	1.6	1.32	1.10666666666667	0.68	0.453333333333333	1.17333333333333	0.56	0.44	0.360889916243766	0.215740056662165	0.116703360427402
0.0483870967741935	0.0483870967741935	0	0.5	1.45161290322581	2.38709677419355	3.30645161290323	3.7741935483871	2.41935483870968	3.66129032258065	1.7741935483871	1.7258064516129	0.580645161290323	0.370967741935484	0.306451612903226	0.0839539197217199	0.0501876682681836	0.0271487345907417
0	0	0.0133333333333333	0.0133333333333333	0.653333333333333	1.01333333333333	1.37333333333333	2	1.56	0.906666666666667	0.88	0.666666666666667	0.133333333333333	0.0266666666666667	0.04	0.013880381393991	0.00829769448700635	0.0044885907856693
0	0	0	0.120481927710843	0.493975903614458	1.32530120481928	1.65060240963855	2.30120481927711	1.57831325301205	1.7710843373494	1.33734939759036	0.72289156626506	0.228915662650602	0.168674698795181	0.0602409638554217	0.062712566539116	0.0374895835256311	0.0202797776460962
0	0.021505376344086	0.043010752688172	0.129032258064516	0.774193548387097	1.53763440860215	2.01075268817204	2	1.83870967741935	2.41935483870968	1.61290322580645	0.774193548387097	0.311827956989247	0.247311827956989	0.150537634408602	0.151117055499096	0.0903378028827305	0.0488677222633351
0	0	0.0181818181818182	0.127272727272727	0.963636363636364	0.727272727272727	1.05454545454545	1.76363636363636	1.30909090909091	1.70909090909091	1	0.854545454545454	0.854545454545454	0.418181818181818	0.236363636363636	0.312308581364798	0.186698125957643	0.100993292677559
0.032258064516129	0	0	0.0645161290322581	0.645161290322581	0.887096774193548	1.24193548387097	1.19354838709677	1.01612903225806	1.2258064516129	0.709677419354839	0.838709677419355	0.129032258064516	0.0806451612903226	0.0645161290322581	0.0839539197217199	0.0501876682681836	0.0271487345907417
0	0	0	0.0212765957446809	0.361702127659574	1.04255319148936	0.808510638297872	0.978723404255319	0.617021276595745	1.25531914893617	0.74468085106383	0.446808510638298	0.191489361702128	0	0	0	0	0
0	0	0	0.0857142857142857	0.342857142857143	0.257142857142857	0.685714285714286	0.685714285714286	0.6	0.428571428571429	0.171428571428571	0.0857142857142857	0.0857142857142857	0	0	0	0	0
0	0	0	0	0.111111111111111	0.111111111111111	0.148148148148148	0.148148148148148	0.185185185185185	0.259259259259259	0.0740740740740741	0.037037037037037	0	0	0	0.0192783074916542	0.0115245756763977	0.00623415386898513
0	0	0	0	0	0	0	0	0	0	0	0	0	0	0	0	0	0
0	0	0	0	0	0	0	0	0	0	0	0	0	0	0	0	0	0
0	0	0	0	0	0	0	0	0	0	0	0	0	0	0	0	0	0
