0	0	0	0	0	0	0	0	0	0	0	0	0	0	0	0	0	0
0	0	0	0	0	0	0	0	0	0	0	0	0	0	0	0	0	0
0	0	0	0	0	0	0	0	0	0	0	0	0	0	0	0	0	0
0	0	0.0338983050847458	2.45762711864407	0.796610169491525	0.983050847457627	1.47457627118644	1.67796610169492	1.25423728813559	1.30508474576271	0.864406779661017	0.440677966101695	0.135593220338983	0.0169491525423729	0.0338983050847458	0.0794004867876605	0.0474656252434685	0.0256762608502269
0	0	0.021505376344086	0.0645161290322581	1.60215053763441	1.90322580645161	2.2258064516129	2.03225806451613	1.80645161290323	2.0752688172043	1.05376344086022	1.03225806451613	0.451612903225806	0.236559139784946	0.258064516129032	0.296637183016744	0.177329761214249	0.0959255288872874
0	0.0133333333333333	0.0933333333333333	0.253333333333333	1.05333333333333	1.62666666666667	2.17333333333333	3.32	1.96	1.65333333333333	1.06666666666667	0.986666666666667	0.306666666666667	0.28	0.0933333333333333	0.117983241848924	0.070530403139554	0.038153021678189
0.0161290322580645	0.0161290322580645	0	0.32258064516129	1.53225806451613	2.80645161290323	3.01612903225806	3.51612903225806	2.58064516129032	3.48387096774194	2.11290322580645	1.5	0.467741935483871	0.306451612903226	0.258064516129032	0.100744703666064	0.0602252019218203	0.0325784815088901
0	0	0.0266666666666667	0.0933333333333333	0.573333333333333	1.02666666666667	1.6	1.81333333333333	1.65333333333333	1.41333333333333	0.573333333333333	0.56	0.226666666666667	0	0.0666666666666667	0	0	0
0	0	0	0.108433734939759	0.783132530120482	1.65060240963855	2.16867469879518	2.25301204819277	1.48192771084337	1.81927710843373	1.3855421686747	0.987951807228916	0.204819277108434	0.0602409638554217	0	0.0250850266156464	0.0149958334102524	0.00811191105843849
0	0.032258064516129	0.021505376344086	0.193548387096774	0.827956989247312	1.70967741935484	1.95698924731183	2.06451612903226	1.90322580645161	1.90322580645161	1.75268817204301	0.827956989247312	0.397849462365591	0.225806451612903	0.118279569892473	0.151117055499096	0.0903378028827305	0.0488677222633351
0	0	0.0545454545454545	0.0909090909090909	1.01818181818182	0.872727272727273	1.12727272727273	1.98181818181818	1.50909090909091	2.01818181818182	0.781818181818182	0.636363636363636	0.654545454545455	0.272727272727273	0.436363636363636	0.227133513719853	0.135780455241922	0.0734496674018612
0	0	0	0.0483870967741935	0.403225806451613	0.290322580645161	0.725806451612903	0.645161290322581	0.354838709677419	0.532258064516129	0.193548387096774	0.887096774193548	0.0806451612903226	0.0806451612903226	0.0806451612903226	0.0503723518330319	0.0301126009609102	0.016289240754445
0	0	0	0.0212765957446809	0.212765957446809	0.319148936170213	0.468085106382979	0.404255319148936	0.382978723404255	0.595744680851064	0.617021276595745	0.25531914893617	0.170212765957447	0	0	0	0	0
0	0	0	0	0	0	0	0	0	0	0	0	0	0	0	0	0	0
0	0	0	0	0	0	0	0	0	0	0	0	0	0	0	0	0	0
0	0	0	0	0	0	0	0	0	0	0	0	0	0	0	0	0	0
0	0	0	0	0	0	0	0	0	0	0	0	0	0	0	0	0	0
0	0	0	0	0	0	0	0	0	0	0	0	0	0	0	0	0	0
