0	0	0	0	0	0	0	0	0	0	0	0	0	0	0	0	0	0
0	0	0	0	0	0	0	0	0	0	0	0	0	0	0	0	0	0
0	0	0	0	0	0	0	0	0	0	0	0	0	0	0	0	0	0
0	0	0.0338983050847458	1.38983050847458	1.06779661016949	1.05084745762712	1.67796610169492	1.93220338983051	1.35593220338983	1.61016949152542	1.06779661016949	0.576271186440678	0.152542372881356	0.0169491525423729	0.0338983050847458	0.0794004867876605	0.0474656252434685	0.0256762608502269
0	0	0.043010752688172	0.0537634408602151	1.87096774193548	2.01075268817204	2.06451612903226	2.72043010752688	2.3010752688172	2.08602150537634	1.11827956989247	0.763440860215054	0.301075268817204	0.182795698924731	0.225806451612903	0.201489407332128	0.120450403843641	0.0651569630177801
0	0.0133333333333333	0.04	0.173333333333333	0.546666666666667	1.06666666666667	1.46666666666667	2.2	1.29333333333333	1.38666666666667	0.733333333333333	0.773333333333333	1.33333333333333	0.626666666666667	0.52	0.34006934415278	0.203293514931656	0.109970474248898
0	0	0.0161290322580645	0.258064516129032	1.16129032258065	2.38709677419355	2.75806451612903	2.98387096774194	2.54838709677419	2.7741935483871	1.37096774193548	1.03225806451613	0.193548387096774	0.0806451612903226	0.032258064516129	0.016790783944344	0.0100375336536367	0.00542974691814834
0	0.0133333333333333	0.0133333333333333	0.106666666666667	1.05333333333333	1.37333333333333	1.65333333333333	2.56	2.32	1.57333333333333	1.34666666666667	0.906666666666667	0.306666666666667	0.0666666666666667	0.04	0.027760762787982	0.0165953889740127	0.00897718157133859
0	0	0	0.144578313253012	0.710843373493976	1.12048192771084	1.72289156626506	2.43373493975904	1.46987951807229	1.65060240963855	1.2289156626506	0.91566265060241	0.192771084337349	0.0240963855421687	0.036144578313253	0.0125425133078232	0.00749791670512622	0.00405595552921924
0	0.043010752688172	0.0645161290322581	0.10752688172043	1	1.73118279569892	2.19354838709677	2.04301075268817	1.78494623655914	2.36559139784946	1.56989247311828	0.870967741935484	0.419354838709677	0.225806451612903	0.225806451612903	0.173504767424888	0.103721181087579	0.0561073848208662
0	0	0.0363636363636364	0.0727272727272727	0.818181818181818	0.727272727272727	0.890909090909091	1.52727272727273	1.27272727272727	2.05454545454545	0.654545454545455	0.581818181818182	1.47272727272727	0.781818181818182	0.6	0.653008851944577	0.390368808820526	0.211167793780351
0	0	0	0.0483870967741935	0.17741935483871	0.548387096774194	0.467741935483871	1.40322580645161	0.838709677419355	0.82258064516129	0.403225806451613	0.532258064516129	0.0483870967741935	0.0806451612903226	0.032258064516129	0.025186175916516	0.0150563004804551	0.00814462037722251
0	0	0	0	0.0851063829787234	0.0425531914893617	0.127659574468085	0	0.127659574468085	0.212765957446809	0.319148936170213	0.106382978723404	0.106382978723404	0	0	0	0	0
0	0.0285714285714286	0	0	0	0	0	0	0	0	0.0285714285714286	0	0	0	0	0	0	0
0	0	0	0	0	0	0	0	0.037037037037037	0	0	0	0	0.037037037037037	0.037037037037037	0	0	0
0	0	0	0	0	0	0	0	0	0	0	0	0.275	0.025	0.075	0.0650642877843329	0.0388954429078423	0.0210402693078248
0	0	0	0	0	0	0	0	0	0	0	0	0.275	0.025	0.075	0.0650642877843329	0.0388954429078423	0.0210402693078248
0	0	0	0	0	0	0	0	0	0	0	0	0.275	0.025	0.075	0.0650642877843329	0.0388954429078423	0.0210402693078248
