0	0	0	0	0	0	0	0	0	0	0	0	0	0	0	0	0	0
0	0	0	0	0	0	0	0	0	0	0	0	0	0	0	0	0	0
0	0	0	0	0	0	0	0	0	0	0	0	0	0	0	0	0	0
0	0	0.101694915254237	3.42372881355932	0.88135593220339	0.76271186440678	1.45762711864407	1.98305084745763	1.52542372881356	1.23728813559322	0.966101694915254	0.491525423728814	0.186440677966102	0.0169491525423729	0.0338983050847458	0.0794004867876605	0.0474656252434685	0.0256762608502269
0	0	0.0645161290322581	0.032258064516129	1.68817204301075	1.98924731182796	1.93548387096774	2.40860215053763	2.1505376344086	2.2258064516129	1.08602150537634	1.05376344086022	0.333333333333333	0.161290322580645	0.161290322580645	0.212683263295024	0.127142092946065	0.0687767942965457
0	0.0133333333333333	0.0666666666666667	0.146666666666667	0.88	1.68	1.64	1.94666666666667	1.92	1.06666666666667	0.666666666666667	0.8	1	0.506666666666667	0.373333333333333	0.284547818576816	0.17010273698363	0.0920161111062206
0	0	0	0.0645161290322581	0.854838709677419	1.29032258064516	1.66129032258065	2.35483870967742	1.48387096774194	1.90322580645161	0.67741935483871	0.709677419354839	0.274193548387097	0.129032258064516	0.032258064516129	0.0587677438052039	0.0351313677877285	0.0190041142135192
0	0	0.04	0.226666666666667	0.8	1.86666666666667	1.70666666666667	1.84	2.38666666666667	1.89333333333333	0.853333333333333	0.92	0.346666666666667	0.08	0.0666666666666667	0.104102860454933	0.0622327086525477	0.0336644308925197
0	0	0	0.132530120481928	0.542168674698795	0.951807228915663	1.5421686746988	1.90361445783133	1.32530120481928	1.69879518072289	1.18072289156627	0.771084337349398	0.156626506024096	0.144578313253012	0.072289156626506	0.0438987965773812	0.0262427084679418	0.0141958443522674
0	0.010752688172043	0.021505376344086	0.150537634408602	0.860215053763441	1.67741935483871	2.46236559139785	2.31182795698925	1.81720430107527	2.0752688172043	1.80645161290323	0.849462365591398	0.494623655913978	0.21505376344086	0.279569892473118	0.285443327053848	0.170638072111824	0.0923056976085218
0	0	0.0363636363636364	0.109090909090909	1.32727272727273	1.12727272727273	1.23636363636364	2.30909090909091	2.03636363636364	2.69090909090909	1	1.21818181818182	1.36363636363636	0.727272727272727	0.381818181818182	0.671936644754565	0.401683846757353	0.217288599397173
0	0	0	0.032258064516129	0.467741935483871	0.661290322580645	0.870967741935484	1	0.887096774193548	0.838709677419355	0.387096774193548	0.548387096774194	0.0645161290322581	0.0483870967741935	0.032258064516129	0.0503723518330319	0.0301126009609102	0.016289240754445
0	0	0	0.0425531914893617	0.170212765957447	0.382978723404255	0.51063829787234	0.468085106382979	0.446808510638298	0.446808510638298	0.553191489361702	0.25531914893617	0.0851063829787234	0	0	0	0	0
0	0	0	0.0285714285714286	0.114285714285714	0.0857142857142857	0.228571428571429	0.228571428571429	0.2	0.142857142857143	0.0571428571428571	0.0285714285714286	0.0285714285714286	0	0	0	0	0
0	0	0	0	0	0	0	0	0	0	0	0	0	0	0	0	0	0
0	0	0	0	0	0	0	0	0	0	0	0	0.825	0.075	0.225	0.195192863352999	0.116686328723527	0.0631208079234745
0	0	0	0	0	0	0	0	0	0	0	0	0.825	0.075	0.225	0.195192863352999	0.116686328723527	0.0631208079234745
0	0	0	0	0	0	0	0	0	0	0	0	0.825	0.075	0.225	0.195192863352999	0.116686328723527	0.0631208079234745
