0	0	0	0	0	0	0	0	0	0	0	0	0	0	0	0	0	0
0	0	0	0	0	0	0	0	0	0	0	0	0	0	0	0	0	0
0	0	0	0	0	0	0	0	0	0	0	0	0	0	0	0	0	0
0	0	0.0677966101694915	2.40677966101695	0.474576271186441	0.423728813559322	0.915254237288136	0.966101694915254	0.76271186440678	0.677966101694915	0.542372881355932	0.23728813559322	0.203389830508475	0.0338983050847458	0.0677966101694915	0.158800973575321	0.0949312504869371	0.0513525217004538
0	0	0.0752688172043011	0.0860215053763441	1.68817204301075	2.27956989247312	2.47311827956989	2.72043010752688	2.40860215053763	2.54838709677419	1.32258064516129	1.13978494623656	0.247311827956989	0.118279569892473	0.150537634408602	0.145520127517648	0.0869919583315182	0.0470578066239523
0	0.04	0.106666666666667	0.173333333333333	0.92	2.01333333333333	2.32	3.14666666666667	2.18666666666667	2.02666666666667	1.50666666666667	1.2	0.6	0.426666666666667	0.266666666666667	0.256787055788834	0.153507348009618	0.083038929534882
0	0	0	0.145161290322581	1.04838709677419	2.35483870967742	2.64516129032258	3.19354838709677	2.51612903225806	2.80645161290323	1.40322580645161	1.19354838709677	0.32258064516129	0.209677419354839	0.0967741935483871	0.0671631357773759	0.0401501346145469	0.0217189876725934
0	0.0266666666666667	0.0266666666666667	0.08	0.68	1.01333333333333	1.36	1.65333333333333	1.48	1.32	0.746666666666667	0.613333333333333	0.213333333333333	0.04	0.0666666666666667	0.0416411441819731	0.0248930834610191	0.0134657723570079
0	0	0	0.204819277108434	0.493975903614458	0.903614457831325	1.21686746987952	1.6144578313253	1.72289156626506	1.26506024096386	0.807228915662651	0.650602409638554	0.144578313253012	0.0120481927710843	0.036144578313253	0.0062712566539116	0.00374895835256311	0.00202797776460962
0	0.010752688172043	0.043010752688172	0.129032258064516	0.935483870967742	1.49462365591398	2.39784946236559	2.32258064516129	2.2258064516129	1.75268817204301	1.64516129032258	0.881720430107527	0.258064516129032	0.10752688172043	0.172043010752688	0.201489407332128	0.120450403843641	0.0651569630177801
0	0	0.0181818181818182	0.0545454545454545	0.8	0.8	0.945454545454545	2	1.50909090909091	2.14545454545455	1.05454545454545	0.581818181818182	1.03636363636364	0.509090909090909	0.418181818181818	0.406947545414737	0.243273315641777	0.131597320761668
0.032258064516129	0	0	0.0483870967741935	0.532258064516129	0.532258064516129	0.951612903225806	1.16129032258065	0.758064516129032	0.935483870967742	0.580645161290323	0.67741935483871	0.0967741935483871	0.112903225806452	0.0806451612903226	0.0587677438052039	0.0351313677877285	0.0190041142135192
0	0	0	0	0.148936170212766	0.148936170212766	0.319148936170213	0.212765957446809	0.212765957446809	0.51063829787234	0.404255319148936	0.212765957446809	0.127659574468085	0	0	0	0	0
0	0.0285714285714286	0	0.0571428571428571	0.228571428571429	0.171428571428571	0.457142857142857	0.457142857142857	0.4	0.285714285714286	0.142857142857143	0.0571428571428571	0.0571428571428571	0	0	0	0	0
0	0	0	0	0.111111111111111	0.111111111111111	0.148148148148148	0.148148148148148	0.185185185185185	0.259259259259259	0.0740740740740741	0.037037037037037	0	0	0	0.0192783074916542	0.0115245756763977	0.00623415386898513
0	0	0	0	0	0	0	0	0	0	0	0	0	0	0	0	0	0
0	0	0	0	0	0	0	0	0	0	0	0	0	0	0	0	0	0
0	0	0	0	0	0	0	0	0	0	0	0	0	0	0	0	0	0
