0	0	0	0	0	0	0	0	0	0	0	0	0	0	0	0	0	0
0	0	0	0	0	0	0	0	0	0	0	0	0	0	0	0	0	0
0	0	0	0	0	0	0	0	0	0	0	0	0	0	0	0	0	0
0	0	0.203389830508475	4.40677966101695	0.23728813559322	0.355932203389831	0.457627118644068	0.949152542372881	0.525423728813559	0.457627118644068	0.389830508474576	0.23728813559322	0.0847457627118644	0.0169491525423729	0.0338983050847458	0.0794004867876605	0.0474656252434685	0.0256762608502269
0	0	0.032258064516129	0.043010752688172	1.78494623655914	1.66666666666667	2.0752688172043	2.41935483870968	1.8494623655914	2.1505376344086	1.1505376344086	1.04301075268817	0.473118279569892	0.247311827956989	0.290322580645161	0.302234110998192	0.180675605765461	0.0977354445266702
0	0.0666666666666667	0.16	0.28	1.14666666666667	2.21333333333333	2.46666666666667	3.88	2.78666666666667	2.28	1.56	1.29333333333333	0.386666666666667	0.293333333333333	0.08	0.215145911606861	0.128614264548598	0.0695731571778741
0	0	0.032258064516129	0.258064516129032	1.24193548387097	1.98387096774194	2.35483870967742	2.88709677419355	2.16129032258065	2.69354838709677	1.25806451612903	1.11290322580645	0.435483870967742	0.225806451612903	0.0967741935483871	0.151117055499096	0.0903378028827305	0.0488677222633351
0	0.0133333333333333	0.0666666666666667	0.106666666666667	0.733333333333333	1.48	1.68	2.48	2.05333333333333	2.06666666666667	0.866666666666667	0.693333333333333	0.373333333333333	0.0533333333333333	0.12	0.0485813348789686	0.0290419307045222	0.0157100677498425
0	0	0	0.144578313253012	0.530120481927711	0.987951807228916	1.80722891566265	1.80722891566265	1.43373493975904	2.04819277108434	1.26506024096386	0.63855421686747	0.132530120481928	0.0963855421686747	0.036144578313253	0.0501700532312928	0.0299916668205049	0.016223822116877
0	0	0	0.0537634408602151	0.462365591397849	1.23655913978495	1.76344086021505	1.68817204301075	1.58064516129032	1.66666666666667	1.32258064516129	0.505376344086022	0.0967741935483871	0.0860215053763441	0.118279569892473	0.11193855962896	0.0669168910242448	0.0361983127876556
0	0	0.0181818181818182	0.0727272727272727	1	0.890909090909091	1.10909090909091	1.81818181818182	1.29090909090909	1.4	1	0.654545454545455	1.32727272727273	0.727272727272727	0.490909090909091	0.653008851944577	0.390368808820526	0.211167793780351
0.0161290322580645	0	0	0.112903225806452	0.806451612903226	0.629032258064516	1.25806451612903	1.20967741935484	0.838709677419355	0.82258064516129	0.596774193548387	0.870967741935484	0.0806451612903226	0.0161290322580645	0.0806451612903226	0.0671631357773759	0.0401501346145469	0.0217189876725934
0	0	0	0	0.127659574468085	0.148936170212766	0.319148936170213	0.25531914893617	0.148936170212766	0.48936170212766	0.340425531914894	0.191489361702128	0.0851063829787234	0	0	0	0	0
0	0.0571428571428571	0	0.0285714285714286	0.114285714285714	0.0857142857142857	0.228571428571429	0.228571428571429	0.2	0.142857142857143	0.114285714285714	0.0285714285714286	0.0285714285714286	0	0	0	0	0
0	0	0	0	0	0	0	0	0	0	0	0	0	0	0	0	0	0
0	0	0	0	0	0	0	0	0	0	0	0	0	0	0	0	0	0
0	0	0	0	0	0	0	0	0	0	0	0	0	0	0	0	0	0
0	0	0	0	0	0	0	0	0	0	0	0	0	0	0	0	0	0
