0	0	0	0	0	0	0	0	0	0	0	0	0	0	0	0	0	0
0	0	0	0	0	0	0	0	0	0	0	0	0	0	0	0	0	0
0	0	0	0	0	0	0	0	0	0	0	0	0	0	0	0	0	0
0	0	0.0338983050847458	2.11864406779661	0.898305084745763	0.88135593220339	1.57627118644068	1.71186440677966	1.13559322033898	1.3728813559322	0.915254237288136	0.457627118644068	0.220338983050847	0.0338983050847458	0.0677966101694915	0.158800973575321	0.0949312504869371	0.0513525217004538
0	0	0.021505376344086	0.043010752688172	1.53763440860215	1.37634408602151	1.59139784946237	1.93548387096774	1.67741935483871	1.7741935483871	0.881720430107527	0.774193548387097	0.172043010752688	0.0752688172043011	0.118279569892473	0.0727600637588239	0.0434959791657591	0.0235289033119762
0	0.0133333333333333	0.08	0.173333333333333	0.706666666666667	1.49333333333333	1.64	2.26666666666667	1.66666666666667	1.48	0.773333333333333	0.68	0.773333333333333	0.48	0.333333333333333	0.284547818576816	0.17010273698363	0.0920161111062206
0.032258064516129	0.032258064516129	0.0161290322580645	0.370967741935484	1.17741935483871	2.09677419354839	3.01612903225806	3.45161290322581	2.35483870967742	3.46774193548387	1.5	1.32258064516129	0.354838709677419	0.241935483870968	0.241935483870968	0.0923493116938919	0.055206435095002	0.0298636080498159
0	0.0266666666666667	0.04	0.0933333333333333	0.533333333333333	0.826666666666667	1.6	1.74666666666667	1.62666666666667	1.62666666666667	0.666666666666667	0.573333333333333	0.306666666666667	0.0666666666666667	0.0666666666666667	0.027760762787982	0.0165953889740127	0.00897718157133859
0	0	0	0.0481927710843374	0.469879518072289	1.1566265060241	1.4578313253012	1.90361445783133	0.771084337349398	1.21686746987952	0.987951807228916	0.662650602409639	0.144578313253012	0.108433734939759	0.036144578313253	0.0438987965773812	0.0262427084679418	0.0141958443522674
0	0.010752688172043	0.010752688172043	0.0645161290322581	0.924731182795699	1.63440860215054	2.21505376344086	1.98924731182796	1.94623655913978	1.78494623655914	1.37634408602151	0.731182795698925	0.268817204301075	0.236559139784946	0.161290322580645	0.151117055499096	0.0903378028827305	0.0488677222633351
0	0	0.0181818181818182	0.0363636363636364	0.909090909090909	0.945454545454545	0.909090909090909	1.81818181818182	1.30909090909091	1.50909090909091	1.18181818181818	0.436363636363636	1.32727272727273	0.690909090909091	0.454545454545455	0.58676157710962	0.350766176041632	0.189744974121475
0.032258064516129	0	0	0.0645161290322581	0.32258064516129	0.467741935483871	0.741935483870968	0.919354838709677	0.725806451612903	0.532258064516129	0.403225806451613	0.564516129032258	0.112903225806452	0.0806451612903226	0.0645161290322581	0.0335815678886879	0.0200750673072734	0.0108594938362967
0	0	0	0.0212765957446809	0.276595744680851	0.553191489361702	0.765957446808511	0.702127659574468	0.468085106382979	1.02127659574468	0.659574468085106	0.48936170212766	0.127659574468085	0	0	0	0	0
0	0.0285714285714286	0	0	0	0	0	0	0	0	0.0285714285714286	0	0	0.0285714285714286	0	0	0	0
0	0	0	0	0.111111111111111	0.111111111111111	0.148148148148148	0.148148148148148	0.222222222222222	0.259259259259259	0.0740740740740741	0.037037037037037	0	0.037037037037037	0.037037037037037	0.0192783074916542	0.0115245756763977	0.00623415386898513
0	0	0	0	0	0	0	0	0	0	0	0	0	0	0	0	0	0
0	0	0	0	0	0	0	0	0	0	0	0	0	0	0	0	0	0
0	0	0	0	0	0	0	0	0	0	0	0	0	0	0	0	0	0
