0	0	0	0	0	0	0	0	0	0	0	0	0	0	0	0	0	0
0	0	0	0	0	0	0	0	0	0	0	0	0	0	0	0	0	0
0	0	0	0	0	0	0	0	0	0	0	0	0	0	0	0	0	0
0	0	0.0677966101694915	1.89830508474576	0.491525423728814	0.593220338983051	1.25423728813559	1.47457627118644	0.88135593220339	0.864406779661017	0.745762711864407	0.338983050847458	0.355932203389831	0.0677966101694915	0.135593220338983	0.317601947150642	0.189862500973874	0.102705043400908
0	0	0.0752688172043011	0.0645161290322581	1.61290322580645	1.8494623655914	1.82795698924731	2.17204301075269	2.03225806451613	1.94623655913978	0.849462365591398	0.838709677419355	0.526881720430108	0.279569892473118	0.290322580645161	0.363800318794119	0.217479895828796	0.117644516559881
0	0	0.0133333333333333	0.146666666666667	0.586666666666667	1.25333333333333	1.73333333333333	1.94666666666667	1.36	1.57333333333333	0.826666666666667	0.546666666666667	1.8	0.933333333333333	0.72	0.527454492971659	0.315312390506241	0.170566449855433
0	0	0	0.241935483870968	0.951612903225806	1.82258064516129	2.2258064516129	2.12903225806452	1.67741935483871	2.06451612903226	1.11290322580645	0.903225806451613	0.193548387096774	0.17741935483871	0.0806451612903226	0.0335815678886879	0.0200750673072734	0.0108594938362967
0	0.04	0.0266666666666667	0.12	0.466666666666667	1.29333333333333	1.64	2.26666666666667	1.54666666666667	1.53333333333333	0.68	0.573333333333333	0.306666666666667	0.04	0.04	0.0347009534849775	0.0207442362175159	0.0112214769641732
0	0	0	0.144578313253012	0.36144578313253	0.686746987951807	0.951807228915663	1.26506024096386	1.14457831325301	1.03614457831325	0.698795180722892	0.506024096385542	0.108433734939759	0.0240963855421687	0.0481927710843374	0.0125425133078232	0.00749791670512622	0.00405595552921924
0	0.043010752688172	0	0.021505376344086	0.591397849462366	1.0752688172043	1.40860215053763	1.20430107526882	1.44086021505376	1.13978494623656	1.06451612903226	0.451612903225806	0.193548387096774	0.193548387096774	0.150537634408602	0.117535487610408	0.070262735575457	0.0380082284270384
0	0	0	0.0727272727272727	0.727272727272727	0.709090909090909	0.709090909090909	1.01818181818182	1.32727272727273	1.81818181818182	0.945454545454545	0.945454545454545	1.03636363636364	0.581818181818182	0.836363636363636	0.473194820249694	0.282875948420671	0.153020140420544
0	0	0	0.032258064516129	0.354838709677419	0.612903225806452	0.725806451612903	1.45161290322581	0.693548387096774	1.20967741935484	0.258064516129032	0.903225806451613	0.0806451612903226	0.0483870967741935	0.032258064516129	0.0419769598608599	0.0250938341340918	0.0135743672953709
0	0	0	0	0.148936170212766	0.404255319148936	0.382978723404255	0.425531914893617	0.234042553191489	0.638297872340426	0.297872340425532	0.276595744680851	0.0638297872340425	0	0	0	0	0
0	0	0	0	0	0	0	0	0	0	0	0	0	0.0285714285714286	0	0	0	0
0	0	0	0	0.111111111111111	0.111111111111111	0.148148148148148	0.148148148148148	0.185185185185185	0.259259259259259	0.0740740740740741	0.037037037037037	0	0	0	0.0192783074916542	0.0115245756763977	0.00623415386898513
0	0	0	0	0	0	0	0	0	0	0	0	0.275	0.025	0.075	0.0650642877843329	0.0388954429078423	0.0210402693078248
0	0	0	0	0	0	0	0	0	0	0	0	0.275	0.025	0.075	0.0650642877843329	0.0388954429078423	0.0210402693078248
0	0	0	0	0	0	0	0	0	0	0	0	0.275	0.025	0.075	0.0650642877843329	0.0388954429078423	0.0210402693078248
