0	0	0	0	0	0	0	0	0	0	0	0	0	0	0	0	0	0
0	0	0	0	0	0	0	0	0	0	0	0	0	0	0	0	0	0
0	0	0	0	0	0	0	0	0	0	0	0	0	0	0	0	0	0
0	0	0	0.694915254237288	0.457627118644068	0.508474576271186	0.830508474576271	1.11864406779661	0.627118644067797	0.745762711864407	0.644067796610169	0.355932203389831	0.186440677966102	0.0338983050847458	0.0677966101694915	0.158800973575321	0.0949312504869371	0.0513525217004538
0	0	0.032258064516129	0.0537634408602151	1.40860215053763	2.54838709677419	1.9247311827957	2.52688172043011	2.1505376344086	2.1505376344086	1.12903225806452	0.731182795698925	0.258064516129032	0.129032258064516	0.139784946236559	0.1399231995362	0.083646113780306	0.0452478909845695
0	0	0.0133333333333333	0.12	0.76	1.38666666666667	1.57333333333333	2.13333333333333	1.53333333333333	1.70666666666667	0.92	0.8	0.906666666666667	0.533333333333333	0.333333333333333	0.27760762787982	0.165953889740127	0.0897718157133859
0.032258064516129	0.032258064516129	0.0161290322580645	0.387096774193548	1.04838709677419	2.06451612903226	2.91935483870968	3.30645161290323	2.45161290322581	3	1.80645161290323	1.2741935483871	0.387096774193548	0.225806451612903	0.225806451612903	0.109140095638236	0.0652439687486387	0.0352933549679642
0	0	0.04	0.28	0.8	1.76	2.46666666666667	2.38666666666667	1.84	2.05333333333333	1.08	1.10666666666667	0.36	0.106666666666667	0.0666666666666667	0.0624617162729596	0.0373396251915286	0.0201986585355118
0	0	0	0.216867469879518	0.602409638554217	1.10843373493976	1.55421686746988	1.73493975903614	1.53012048192771	1.46987951807229	0.951807228915663	0.63855421686747	0.0481927710843374	0.0240963855421687	0.0240963855421687	0.0125425133078232	0.00749791670512622	0.00405595552921924
0	0.021505376344086	0.021505376344086	0.10752688172043	0.655913978494624	1.29032258064516	1.78494623655914	1.64516129032258	1.48387096774194	1.58064516129032	1.51612903225806	0.698924731182796	0.258064516129032	0.139784946236559	0.0645161290322581	0.0727600637588239	0.0434959791657591	0.0235289033119762
0	0	0.0363636363636364	0.109090909090909	0.854545454545454	0.727272727272727	0.963636363636364	1.72727272727273	1.41818181818182	2.23636363636364	0.636363636363636	0.690909090909091	0.945454545454545	0.509090909090909	0.618181818181818	0.388019752604749	0.23195827770495	0.125476515144846
0.0161290322580645	0	0	0.0483870967741935	0.532258064516129	0.774193548387097	1.03225806451613	1.25806451612903	1.03225806451613	1.04838709677419	0.532258064516129	0.532258064516129	0.0806451612903226	0.0483870967741935	0.032258064516129	0.0503723518330319	0.0301126009609102	0.016289240754445
0	0	0	0	0.106382978723404	0.25531914893617	0.319148936170213	0.25531914893617	0.148936170212766	0.468085106382979	0.234042553191489	0.212765957446809	0.0212765957446809	0	0	0	0	0
0	0	0	0	0	0	0	0	0	0	0	0	0	0.0571428571428571	0	0	0	0
0	0	0	0	0	0	0	0	0.037037037037037	0	0	0	0	0.037037037037037	0.037037037037037	0	0	0
0	0	0	0	0	0	0	0	0	0	0	0	0.55	0.05	0.15	0.130128575568666	0.0777908858156846	0.0420805386156497
0	0	0	0	0	0	0	0	0	0	0	0	0.55	0.05	0.15	0.130128575568666	0.0777908858156846	0.0420805386156497
0	0	0	0	0	0	0	0	0	0	0	0	0.55	0.05	0.15	0.130128575568666	0.0777908858156846	0.0420805386156497
