0	0	0	0	0	0	0	0	0	0	0	0	0	0	0	0	0	0
0	0	0	0	0	0	0	0	0	0	0	0	0	0	0	0	0	0
0	0	0	0	0	0	0	0	0	0	0	0	0	0	0	0	0	0
0	0	0.0338983050847458	1.93220338983051	0.593220338983051	0.474576271186441	0.728813559322034	1.16949152542373	0.728813559322034	0.796610169491525	0.542372881355932	0.322033898305085	0.0508474576271186	0	0	0	0	0
0	0	0	0.032258064516129	1.47311827956989	2.23655913978495	2.01075268817204	2.37634408602151	2.16129032258065	2.40860215053763	1.19354838709677	1.09677419354839	0.279569892473118	0.10752688172043	0.118279569892473	0.123132415591856	0.0736085801266693	0.0398181440664212
0	0	0.08	0.16	0.76	1.62666666666667	1.92	3.36	1.84	1.45333333333333	1.05333333333333	0.84	0.866666666666667	0.546666666666667	0.413333333333333	0.27760762787982	0.165953889740127	0.0897718157133859
0.0161290322580645	0.0161290322580645	0	0.354838709677419	1.38709677419355	2.75806451612903	2.79032258064516	3.7741935483871	2.70967741935484	3.40322580645161	1.83870967741935	1.17741935483871	0.387096774193548	0.225806451612903	0.129032258064516	0.0671631357773759	0.0401501346145469	0.0217189876725934
0	0.0133333333333333	0.0266666666666667	0.0933333333333333	0.826666666666667	1.32	1.85333333333333	2.14666666666667	1.49333333333333	1.65333333333333	1.01333333333333	0.986666666666667	0.24	0.08	0.0533333333333333	0.027760762787982	0.0165953889740127	0.00897718157133859
0	0	0	0.0602409638554217	0.385542168674699	0.975903614457831	1.50602409638554	1.68674698795181	1.33734939759036	1.50602409638554	1.10843373493976	0.542168674698795	0.204819277108434	0.0963855421686747	0.036144578313253	0.0376275399234696	0.0224937501153787	0.0121678665876577
0	0	0.0752688172043011	0.139784946236559	0.838709677419355	1.32258064516129	2.16129032258065	1.88172043010753	1.89247311827957	1.59139784946237	1.52688172043011	0.688172043010753	0.473118279569892	0.32258064516129	0.247311827956989	0.19589247935068	0.117104559292428	0.0633470473783973
0	0	0	0.0909090909090909	0.454545454545455	0.236363636363636	0.6	0.927272727272727	0.8	1.29090909090909	0.363636363636364	0.490909090909091	1.56363636363636	0.763636363636364	0.309090909090909	0.63408105913459	0.379053770883699	0.205046988163529
0	0	0	0.0483870967741935	0.387096774193548	0.532258064516129	0.661290322580645	0.790322580645161	0.580645161290323	0.629032258064516	0.306451612903226	0.564516129032258	0.0483870967741935	0	0.0161290322580645	0.0419769598608599	0.0250938341340918	0.0135743672953709
0	0	0	0.0212765957446809	0.382978723404255	1.02127659574468	0.914893617021277	1	0.638297872340426	1.36170212765957	0.765957446808511	0.48936170212766	0.191489361702128	0	0	0	0	0
0	0	0	0	0	0	0	0	0	0	0	0	0	0.0571428571428571	0	0	0	0
0	0	0	0	0	0	0	0	0	0	0	0	0	0	0	0	0	0
0	0	0	0	0	0	0	0	0	0	0	0	0.825	0.075	0.225	0.195192863352999	0.116686328723527	0.0631208079234745
0	0	0	0	0	0	0	0	0	0	0	0	0.825	0.075	0.225	0.195192863352999	0.116686328723527	0.0631208079234745
0	0	0	0	0	0	0	0	0	0	0	0	0.825	0.075	0.225	0.195192863352999	0.116686328723527	0.0631208079234745
