0	0	0	0	0	0	0	0	0	0	0	0	0	0	0	0	0	0
0	0	0	0	0	0	0	0	0	0	0	0	0	0	0	0	0	0
0	0	0	0	0	0	0	0	0	0	0	0	0	0	0	0	0	0
0	0	0.0338983050847458	1.22033898305085	0.525423728813559	0.677966101694915	1.20338983050847	1.45762711864407	0.847457627118644	0.949152542372881	0.796610169491525	0.406779661016949	0.271186440677966	0.0508474576271186	0.101694915254237	0.238201460362981	0.142396875730406	0.0770287825506807
0	0	0.032258064516129	0.032258064516129	1.47311827956989	1.90322580645161	2	2.26881720430108	1.91397849462366	1.94623655913978	1.25806451612903	0.709677419354839	0.247311827956989	0.10752688172043	0.10752688172043	0.134326271554752	0.0803002692290937	0.0434379753451867
0	0.0133333333333333	0.0666666666666667	0.0933333333333333	0.946666666666667	1.33333333333333	1.4	2.53333333333333	1.68	1.45333333333333	0.88	0.813333333333333	1.18666666666667	0.733333333333333	0.493333333333333	0.41641144181973	0.248930834610191	0.134657723570079
0	0	0	0.193548387096774	1.14516129032258	2.33870967741935	2.40322580645161	3.2258064516129	2.2741935483871	3.09677419354839	1.7741935483871	1.30645161290323	0.274193548387097	0.129032258064516	0.0161290322580645	0.0671631357773759	0.0401501346145469	0.0217189876725934
0	0	0.0266666666666667	0.16	0.813333333333333	1.33333333333333	1.84	2.64	2.09333333333333	1.88	1.10666666666667	0.76	0.28	0.04	0.0533333333333333	0.0347009534849775	0.0207442362175159	0.0112214769641732
0	0	0	0.144578313253012	0.614457831325301	1.06024096385542	1.83132530120482	1.4578313253012	1.28915662650602	1.67469879518072	1.20481927710843	0.783132530120482	0.180722891566265	0.120481927710843	0.0481927710843374	0.0501700532312928	0.0299916668205049	0.016223822116877
0	0.032258064516129	0.10752688172043	0.10752688172043	0.946236559139785	1.50537634408602	2.04301075268817	2.08602150537634	1.75268817204301	1.94623655913978	1.37634408602151	0.795698924731183	0.311827956989247	0.129032258064516	0.150537634408602	0.100744703666064	0.0602252019218203	0.0325784815088901
0	0	0.0181818181818182	0.0363636363636364	0.709090909090909	0.709090909090909	0.836363636363636	1.6	1.25454545454545	1.98181818181818	0.927272727272727	0.745454545454545	1.16363636363636	0.690909090909091	0.509090909090909	0.511050405869669	0.305506024294325	0.165261751654188
0	0	0	0.032258064516129	0.435483870967742	0.725806451612903	0.82258064516129	1.24193548387097	0.741935483870968	0.806451612903226	0.306451612903226	0.516129032258065	0.112903225806452	0.129032258064516	0.0645161290322581	0.0503723518330319	0.0301126009609102	0.016289240754445
0	0	0	0	0.127659574468085	0.25531914893617	0.276595744680851	0.170212765957447	0.191489361702128	0.446808510638298	0.276595744680851	0.191489361702128	0.0638297872340425	0	0	0	0	0
0	0.0285714285714286	0	0	0	0	0	0	0	0	0.0285714285714286	0	0	0	0	0	0	0
0	0	0	0	0	0	0	0	0	0	0	0	0	0	0	0	0	0
0	0	0	0	0	0	0	0	0	0	0	0	0	0	0	0	0	0
0	0	0	0	0	0	0	0	0	0	0	0	0	0	0	0	0	0
0	0	0	0	0	0	0	0	0	0	0	0	0	0	0	0	0	0
