0	0	0	0	0	0	0	0	0	0	0	0	0	0	0	0	0	0
0	0	0	0	0	0	0	0	0	0	0	0	0	0	0	0	0	0
0	0	0	0	0	0	0	0	0	0	0	0	0	0	0	0	0	0
0	0	0.135593220338983	3.84745762711864	1.10169491525424	1.06779661016949	1.52542372881356	2.08474576271186	1.40677966101695	1.64406779661017	0.983050847457627	0.576271186440678	0.0677966101694915	0	0	0	0	0
0	0	0.118279569892473	0.0752688172043011	1.76344086021505	2.38709677419355	2.18279569892473	2.37634408602151	2.45161290322581	2.2258064516129	1.11827956989247	0.870967741935484	0.258064516129032	0.118279569892473	0.139784946236559	0.156713983480544	0.0936836474339427	0.0506776379027179
0	0.0133333333333333	0.0666666666666667	0.32	1	1.72	2.68	3.25333333333333	2.04	2.10666666666667	1.14666666666667	1.06666666666667	0.96	0.56	0.44	0.305368390667802	0.18254927871414	0.0987489972847245
0.0161290322580645	0.0161290322580645	0	0.290322580645161	1.41935483870968	2.20967741935484	2.93548387096774	3.53225806451613	2.80645161290323	2.90322580645161	1.29032258064516	1.12903225806452	0.338709677419355	0.306451612903226	0.161290322580645	0.0671631357773759	0.0401501346145469	0.0217189876725934
0	0.0133333333333333	0.0133333333333333	0.0533333333333333	0.533333333333333	0.72	1.30666666666667	1.50666666666667	1.05333333333333	1	0.6	0.493333333333333	0.226666666666667	0.0266666666666667	0.0533333333333333	0.00694019069699551	0.00414884724350318	0.00224429539283465
0	0	0	0.144578313253012	0.783132530120482	1.71084337349398	2.18072289156627	2.12048192771084	1.5421686746988	1.73493975903614	1.40963855421687	0.855421686746988	0.156626506024096	0.156626506024096	0.036144578313253	0.0689838231930276	0.0412385418781942	0.0223077554107058
0	0.010752688172043	0.0967741935483871	0.0967741935483871	0.720430107526882	1.19354838709677	1.34408602150538	1.26881720430108	1.65591397849462	1.46236559139785	1.59139784946237	0.473118279569892	0.193548387096774	0.139784946236559	0.118279569892473	0.016790783944344	0.0100375336536367	0.00542974691814834
0	0	0	0.0545454545454545	0.927272727272727	0.818181818181818	0.927272727272727	1.50909090909091	1.2	1.69090909090909	1.14545454545455	0.636363636363636	0.963636363636364	0.581818181818182	0.418181818181818	0.388019752604749	0.23195827770495	0.125476515144846
0.0161290322580645	0	0	0.0967741935483871	0.274193548387097	0.580645161290323	0.709677419354839	0.935483870967742	0.82258064516129	0.67741935483871	0.693548387096774	0.403225806451613	0.032258064516129	0.032258064516129	0.032258064516129	0.0419769598608599	0.0250938341340918	0.0135743672953709
0	0	0	0.0425531914893617	0.127659574468085	0.425531914893617	0.468085106382979	0.638297872340426	0.361702127659574	0.404255319148936	0.382978723404255	0.191489361702128	0.0425531914893617	0	0	0	0	0
0	0.0285714285714286	0	0	0	0	0	0	0	0	0.0285714285714286	0	0	0.0285714285714286	0	0	0	0
0	0	0	0	0	0	0	0	0.037037037037037	0	0	0	0	0.037037037037037	0.037037037037037	0	0	0
0	0	0	0	0	0	0	0	0	0	0	0	0.275	0.025	0.075	0.0650642877843329	0.0388954429078423	0.0210402693078248
0	0	0	0	0	0	0	0	0	0	0	0	0.275	0.025	0.075	0.0650642877843329	0.0388954429078423	0.0210402693078248
0	0	0	0	0	0	0	0	0	0	0	0	0.275	0.025	0.075	0.0650642877843329	0.0388954429078423	0.0210402693078248
