0	0	0	0	0	0	0	0	0	0	0	0	0	0	0	0	0	0
0	0	0	0	0	0	0	0	0	0	0	0	0	0	0	0	0	0
0	0	0	0	0	0	0	0	0	0	0	0	0	0	0	0	0	0
0	0	0.135593220338983	2.94915254237288	0.220338983050847	0.203389830508475	0.406779661016949	0.694915254237288	0.491525423728814	0.338983050847458	0.288135593220339	0.152542372881356	0.101694915254237	0.0169491525423729	0.0338983050847458	0.0794004867876605	0.0474656252434685	0.0256762608502269
0	0	0.032258064516129	0.0537634408602151	1.53763440860215	1.45161290322581	2.01075268817204	2.19354838709677	1.89247311827957	2.04301075268817	1.13978494623656	0.817204301075269	0.236559139784946	0.10752688172043	0.129032258064516	0.128729343573304	0.0769544246778815	0.041628059705804
0	0.0133333333333333	0.08	0.213333333333333	0.813333333333333	1.32	1.92	2.38666666666667	1.70666666666667	1.76	1.08	0.866666666666667	0.826666666666667	0.48	0.4	0.27760762787982	0.165953889740127	0.0897718157133859
0	0	0	0.161290322580645	0.951612903225806	1.5	2.06451612903226	2.03225806451613	1.83870967741935	1.87096774193548	0.887096774193548	0.854838709677419	0.32258064516129	0.129032258064516	0.0483870967741935	0.0755585277495479	0.0451689014413652	0.0244338611316675
0	0.04	0	0.106666666666667	0.72	1.26666666666667	1.4	2.37333333333333	1.76	1.33333333333333	1.12	0.76	0.24	0.0533333333333333	0	0.0208205720909865	0.0124465417305095	0.00673288617850395
0	0	0	0.120481927710843	0.590361445783133	1.68674698795181	1.66265060240964	2.69879518072289	1.56626506024096	1.59036144578313	1.34939759036145	0.963855421686747	0.156626506024096	0.144578313253012	0.036144578313253	0.0689838231930276	0.0412385418781942	0.0223077554107058
0	0.032258064516129	0.043010752688172	0.021505376344086	0.537634408602151	0.924731182795699	1.11827956989247	1.2258064516129	1.02150537634409	1.18279569892473	1.12903225806452	0.419354838709677	0.10752688172043	0.236559139784946	0.150537634408602	0.106341631647512	0.0635710464730325	0.0343883971482728
0	0	0.0181818181818182	0.0909090909090909	0.654545454545455	0.618181818181818	0.854545454545454	1.67272727272727	1.23636363636364	1.92727272727273	0.854545454545454	0.545454545454545	1.2	0.545454545454545	0.563636363636364	0.425875338224724	0.254588353578604	0.13771812637849
0.032258064516129	0	0	0.032258064516129	0.274193548387097	0.483870967741935	0.629032258064516	0.967741935483871	0.774193548387097	0.806451612903226	0.467741935483871	0.67741935483871	0.0645161290322581	0.032258064516129	0.0161290322580645	0.0335815678886879	0.0200750673072734	0.0108594938362967
0	0	0	0.0212765957446809	0.212765957446809	0.425531914893617	0.446808510638298	0.361702127659574	0.382978723404255	0.553191489361702	0.48936170212766	0.25531914893617	0.106382978723404	0	0	0	0	0
0	0.0285714285714286	0	0.0285714285714286	0.114285714285714	0.0857142857142857	0.228571428571429	0.228571428571429	0.2	0.142857142857143	0.0857142857142857	0.0285714285714286	0.0285714285714286	0	0	0	0	0
0	0	0	0	0	0	0	0	0.037037037037037	0	0	0	0	0.037037037037037	0.037037037037037	0	0	0
0	0	0	0	0	0	0	0	0	0	0	0	0.275	0.025	0.075	0.0650642877843329	0.0388954429078423	0.0210402693078248
0	0	0	0	0	0	0	0	0	0	0	0	0.275	0.025	0.075	0.0650642877843329	0.0388954429078423	0.0210402693078248
0	0	0	0	0	0	0	0	0	0	0	0	0.275	0.025	0.075	0.0650642877843329	0.0388954429078423	0.0210402693078248
