0	0	0	0	0	0	0	0	0	0	0	0	0	0	0	0	0	0
0	0	0	0	0	0	0	0	0	0	0	0	0	0	0	0	0	0
0	0	0	0	0	0	0	0	0	0	0	0	0	0	0	0	0	0
0	0	0.0338983050847458	1.55932203389831	0.898305084745763	0.847457627118644	1.6271186440678	2.16949152542373	1.13559322033898	1.45762711864407	1.06779661016949	0.593220338983051	0.305084745762712	0.0508474576271186	0.101694915254237	0.238201460362981	0.142396875730406	0.0770287825506807
0	0	0.043010752688172	0.0537634408602151	1.49462365591398	1.89247311827957	1.97849462365591	2.51612903225806	2.38709677419355	2.32258064516129	1.08602150537634	0.946236559139785	0.0537634408602151	0.010752688172043	0.0537634408602151	0.011193855962896	0.00669168910242448	0.00361983127876556
0	0.0266666666666667	0.08	0.173333333333333	0.786666666666667	1.38666666666667	1.98666666666667	2.64	2.18666666666667	1.94666666666667	1.18666666666667	0.88	0.173333333333333	0.16	0.12	0.111043051151928	0.0663815558960508	0.0359087262853544
0	0	0	0.225806451612903	1.62903225806452	2.90322580645161	3.29032258064516	4.29032258064516	2.7741935483871	3.54838709677419	2.03225806451613	1.56451612903226	0.758064516129032	0.451612903225806	0.17741935483871	0.193094015359956	0.115431637016822	0.0624420895587059
0	0.0133333333333333	0.0266666666666667	0.0933333333333333	0.72	1.14666666666667	1.82666666666667	1.88	1.81333333333333	1.30666666666667	0.92	0.76	0.2	0.0533333333333333	0.04	0.0485813348789686	0.0290419307045222	0.0157100677498425
0	0	0	0.132530120481928	0.518072289156627	0.951807228915663	1.71084337349398	1.95180722891566	1.18072289156627	1.53012048192771	1.1566265060241	0.698795180722892	0.120481927710843	0.0843373493975904	0.036144578313253	0.0501700532312928	0.0299916668205049	0.016223822116877
0	0.021505376344086	0.0537634408602151	0.139784946236559	0.763440860215054	1.47311827956989	1.86021505376344	1.94623655913978	1.62365591397849	2.01075268817204	1.56989247311828	0.688172043010753	0.559139784946237	0.32258064516129	0.21505376344086	0.218280191276472	0.130487937497277	0.0705867099359285
0	0	0	0.145454545454545	1.09090909090909	0.854545454545454	1.30909090909091	2	1.58181818181818	2.69090909090909	1.21818181818182	0.890909090909091	1.32727272727273	0.509090909090909	0.418181818181818	0.227133513719853	0.135780455241922	0.0734496674018612
0.0161290322580645	0	0	0.032258064516129	0.354838709677419	1	0.82258064516129	1.61290322580645	1.04838709677419	1.01612903225806	0.467741935483871	0.693548387096774	0.0806451612903226	0.0483870967741935	0	0.025186175916516	0.0150563004804551	0.00814462037722251
0	0	0	0.0425531914893617	0.148936170212766	0.531914893617021	0.51063829787234	0.595744680851064	0.319148936170213	0.531914893617021	0.319148936170213	0.212765957446809	0.0851063829787234	0	0	0	0	0
0	0	0	0	0	0	0	0	0	0	0	0	0	0.0285714285714286	0	0	0	0
0	0	0	0	0	0	0	0	0	0	0	0	0	0	0	0	0	0
0	0	0	0	0	0	0	0	0	0	0	0	0.275	0.025	0.075	0.0650642877843329	0.0388954429078423	0.0210402693078248
0	0	0	0	0	0	0	0	0	0	0	0	0.275	0.025	0.075	0.0650642877843329	0.0388954429078423	0.0210402693078248
0	0	0	0	0	0	0	0	0	0	0	0	0.275	0.025	0.075	0.0650642877843329	0.0388954429078423	0.0210402693078248
