0	0	0	0	0	0	0	0	0	0	0	0	0	0	0	0	0	0
0	0	0	0	0	0	0	0	0	0	0	0	0	0	0	0	0	0
0	0	0	0	0	0	0	0	0	0	0	0	0	0	0	0	0	0
0	0	0.101694915254237	2.33898305084746	0.694915254237288	0.88135593220339	1.11864406779661	1.71186440677966	1	1.22033898305085	0.813559322033898	0.508474576271186	0.0338983050847458	0	0	0	0	0
0	0	0.021505376344086	0.0645161290322581	1.21505376344086	1.73118279569892	2.05376344086022	2.32258064516129	2.04301075268817	2.12903225806452	1.12903225806452	0.67741935483871	0.67741935483871	0.376344086021505	0.440860215053763	0.464545022460183	0.277705097750616	0.150222998068771
0	0.0266666666666667	0.04	0.0933333333333333	0.68	1.56	1.57333333333333	1.96	1.24	1.32	0.786666666666667	0.586666666666667	0.88	0.493333333333333	0.36	0.291488009273811	0.174251584227133	0.0942604064990552
0.0161290322580645	0.0161290322580645	0.032258064516129	0.274193548387097	1.08064516129032	1.93548387096774	2.2258064516129	2.85483870967742	2	2.41935483870968	1.03225806451613	1.40322580645161	0.435483870967742	0.209677419354839	0.112903225806452	0.0755585277495479	0.0451689014413652	0.0244338611316675
0	0.0533333333333333	0.04	0.146666666666667	0.68	1.28	1.54666666666667	1.82666666666667	1.86666666666667	1.64	0.666666666666667	0.613333333333333	0.4	0.106666666666667	0.04	0.0416411441819731	0.0248930834610191	0.0134657723570079
0	0	0	0.204819277108434	0.602409638554217	1.26506024096386	1.69879518072289	1.8433734939759	1.46987951807229	1.55421686746988	1.12048192771084	0.662650602409639	0.0843373493975904	0.0963855421686747	0.036144578313253	0.0376275399234696	0.0224937501153787	0.0121678665876577
0	0.010752688172043	0.010752688172043	0.118279569892473	0.655913978494624	1.02150537634409	1.58064516129032	1.55913978494624	1.73118279569892	2.24731182795699	1.66666666666667	0.516129032258065	0.172043010752688	0.354838709677419	0.118279569892473	0.0839539197217199	0.0501876682681836	0.0271487345907417
0	0	0	0.0363636363636364	0.672727272727273	0.8	0.854545454545454	1.58181818181818	1.32727272727273	1.98181818181818	1.16363636363636	0.545454545454545	0.8	0.272727272727273	0.309090909090909	0.179814031694884	0.107492860399855	0.0581476533598068
0.032258064516129	0	0	0.0483870967741935	0.629032258064516	0.580645161290323	0.983870967741935	1.32258064516129	1.16129032258065	0.903225806451613	0.612903225806452	0.532258064516129	0.0967741935483871	0.0161290322580645	0.032258064516129	0.0587677438052039	0.0351313677877285	0.0190041142135192
0	0	0	0.0212765957446809	0.25531914893617	0.468085106382979	0.617021276595745	0.74468085106383	0.425531914893617	0.851063829787234	0.702127659574468	0.234042553191489	0.212765957446809	0	0	0	0	0
0	0	0	0	0	0	0	0	0	0	0	0	0	0	0	0	0	0
0	0	0	0	0	0	0	0	0.037037037037037	0	0	0	0	0.037037037037037	0.037037037037037	0	0	0
0	0	0	0	0	0	0	0	0	0	0	0	0.275	0.025	0.075	0.0650642877843329	0.0388954429078423	0.0210402693078248
0	0	0	0	0	0	0	0	0	0	0	0	0.275	0.025	0.075	0.0650642877843329	0.0388954429078423	0.0210402693078248
0	0	0	0	0	0	0	0	0	0	0	0	0.275	0.025	0.075	0.0650642877843329	0.0388954429078423	0.0210402693078248
