0	0	0	0	0	0	0	0	0	0	0	0	0	0	0	0	0	0
0	0	0	0	0	0	0	0	0	0	0	0	0	0	0	0	0	0
0	0	0	0	0	0	0	0	0	0	0	0	0	0	0	0	0	0
0	0	0.0338983050847458	2.35593220338983	0.949152542372881	0.915254237288136	1.44067796610169	2.16949152542373	1.22033898305085	1.45762711864407	1.03389830508475	0.610169491525424	0.152542372881356	0.0169491525423729	0.0338983050847458	0.0794004867876605	0.0474656252434685	0.0256762608502269
0	0	0.0537634408602151	0.032258064516129	1.75268817204301	1.43010752688172	1.16129032258065	1.97849462365591	1.43010752688172	1.55913978494624	0.806451612903226	0.602150537634409	0.236559139784946	0.129032258064516	0.161290322580645	0.156713983480544	0.0936836474339427	0.0506776379027179
0	0.0133333333333333	0.0533333333333333	0.133333333333333	0.64	1.52	1.37333333333333	2.34666666666667	1.25333333333333	1.22666666666667	0.733333333333333	0.64	1.21333333333333	0.613333333333333	0.48	0.360889916243766	0.215740056662165	0.116703360427402
0	0	0.0161290322580645	0.258064516129032	1.32258064516129	1.96774193548387	2.83870967741935	3.35483870967742	2.64516129032258	2.98387096774194	1.69354838709677	1.35483870967742	0.435483870967742	0.209677419354839	0.0967741935483871	0.109140095638236	0.0652439687486387	0.0352933549679642
0	0.04	0.0266666666666667	0.173333333333333	0.853333333333333	1.10666666666667	1.50666666666667	2.05333333333333	1.61333333333333	1.84	0.746666666666667	0.56	0.28	0	0.08	0.0416411441819731	0.0248930834610191	0.0134657723570079
0	0	0	0.132530120481928	0.518072289156627	1.24096385542169	1.4578313253012	2.10843373493976	1.30120481927711	1.62650602409639	1.12048192771084	0.819277108433735	0.168674698795181	0.132530120481928	0.0481927710843374	0.0501700532312928	0.0299916668205049	0.016223822116877
0	0.010752688172043	0.010752688172043	0.139784946236559	0.720430107526882	1.48387096774194	2.11827956989247	1.98924731182796	2.18279569892473	1.59139784946237	1.38709677419355	0.838709677419355	0.172043010752688	0.129032258064516	0.129032258064516	0.100744703666064	0.0602252019218203	0.0325784815088901
0	0	0	0.0727272727272727	0.963636363636364	0.854545454545454	1	1.63636363636364	1.45454545454545	2	0.963636363636364	0.654545454545455	1.45454545454545	0.836363636363636	0.763636363636364	0.671936644754565	0.401683846757353	0.217288599397173
0	0	0	0.0645161290322581	0.370967741935484	0.645161290322581	0.903225806451613	1.12903225806452	0.790322580645161	0.741935483870968	0.338709677419355	0.935483870967742	0.0645161290322581	0.0967741935483871	0.0645161290322581	0.0419769598608599	0.0250938341340918	0.0135743672953709
0	0	0	0.0212765957446809	0.319148936170213	0.936170212765957	0.723404255319149	0.787234042553192	0.574468085106383	1.08510638297872	0.617021276595745	0.404255319148936	0.148936170212766	0	0	0	0	0
0	0.0571428571428571	0	0.0285714285714286	0.114285714285714	0.0857142857142857	0.228571428571429	0.228571428571429	0.2	0.142857142857143	0.114285714285714	0.0285714285714286	0.0285714285714286	0.0285714285714286	0	0	0	0
0	0	0	0	0	0	0	0	0	0	0	0	0	0	0	0	0	0
0	0	0	0	0	0	0	0	0	0	0	0	0.55	0.05	0.15	0.130128575568666	0.0777908858156846	0.0420805386156497
0	0	0	0	0	0	0	0	0	0	0	0	0.55	0.05	0.15	0.130128575568666	0.0777908858156846	0.0420805386156497
0	0	0	0	0	0	0	0	0	0	0	0	0.55	0.05	0.15	0.130128575568666	0.0777908858156846	0.0420805386156497
