0	0	0	0	0	0	0	0	0	0	0	0	0	0	0	0	0	0
0	0	0	0	0	0	0	0	0	0	0	0	0	0	0	0	0	0
0	0	0	0	0	0	0	0	0	0	0	0	0	0	0	0	0	0
0	0	0.0338983050847458	1.76271186440678	0.152542372881356	0.406779661016949	0.559322033898305	0.88135593220339	0.508474576271186	0.338983050847458	0.406779661016949	0.186440677966102	0.169491525423729	0.0338983050847458	0.0677966101694915	0.158800973575321	0.0949312504869371	0.0513525217004538
0	0	0.0860215053763441	0.0967741935483871	1.68817204301075	2.05376344086021	2.26881720430108	2.41935483870968	2.24731182795699	2.20430107526882	1.27956989247312	0.913978494623656	0.354838709677419	0.172043010752688	0.182795698924731	0.240667903202264	0.143871315702126	0.0778263724934596
0	0.0133333333333333	0.0133333333333333	0.08	0.706666666666667	1.44	1.22666666666667	1.97333333333333	1.21333333333333	1.52	0.786666666666667	0.613333333333333	0.2	0.146666666666667	0.0933333333333333	0.0694019069699551	0.0414884724350318	0.0224429539283465
0	0	0	0.112903225806452	1.30645161290323	2.20967741935484	3.01612903225806	3.2258064516129	2.75806451612903	2.7741935483871	1.56451612903226	1.5	0.290322580645161	0.145161290322581	0.0967741935483871	0.100744703666064	0.0602252019218203	0.0325784815088901
0	0.0266666666666667	0.0266666666666667	0.0666666666666667	0.706666666666667	0.92	1.36	1.88	2.05333333333333	1.45333333333333	0.826666666666667	0.56	0.24	0.04	0.08	0.041641144181973	0.0248930834610191	0.0134657723570079
0	0	0	0.192771084337349	0.674698795180723	1.36144578313253	2.1566265060241	2.19277108433735	1.66265060240964	1.89156626506024	1.25301204819277	0.698795180722891	0.120481927710843	0.0481927710843373	0.0240963855421687	0.0250850266156464	0.0149958334102524	0.00811191105843849
0	0	0.010752688172043	0.0967741935483871	0.806451612903226	1.39784946236559	2.36559139784946	2.27956989247312	1.6989247311828	1.74193548387097	1.47311827956989	0.817204301075269	0.365591397849462	0.311827956989247	0.172043010752688	0.162310911461992	0.0970294919851549	0.0524875535421006
0	0	0.0363636363636364	0.0545454545454545	1.05454545454545	1.09090909090909	0.945454545454545	1.70909090909091	1.6	1.65454545454545	0.781818181818182	0.690909090909091	1.38181818181818	0.490909090909091	0.381818181818182	0.340700270579779	0.203670682862883	0.110174501102792
0.0161290322580645	0	0	0	0.274193548387097	0.596774193548387	0.548387096774193	1.56451612903226	0.774193548387097	0.935483870967742	0.258064516129032	0.387096774193548	0.0806451612903226	0.0645161290322581	0.0161290322580645	0.0335815678886879	0.0200750673072734	0.0108594938362967
0	0	0	0.0212765957446808	0.127659574468085	0.276595744680851	0.340425531914894	0.446808510638298	0.297872340425532	0.382978723404255	0.382978723404255	0.170212765957447	0.0851063829787234	0	0	0	0	0
0	0.0285714285714286	0	0	0	0	0	0	0	0	0.0285714285714286	0	0	0	0	0	0	0
0	0	0	0	0	0	0	0	0	0	0	0	0	0	0	0	0	0
0	0	0	0	0	0	0	0	0	0	0	0	0.55	0.05	0.15	0.130128575568666	0.0777908858156846	0.0420805386156496
0	0	0	0	0	0	0	0	0	0	0	0	0.55	0.05	0.15	0.130128575568666	0.0777908858156846	0.0420805386156496
0	0	0	0	0	0	0	0	0	0	0	0	0.55	0.05	0.15	0.130128575568666	0.0777908858156846	0.0420805386156496
