0	0	0	0	0	0	0	0	0	0	0	0	0	0	0	0	0	0
0	0	0	0	0	0	0	0	0	0	0	0	0	0	0	0	0	0
0	0	0	0	0	0	0	0	0	0	0	0	0	0	0	0	0	0
0	0	0.0677966101694915	2.83050847457627	0.559322033898305	0.559322033898305	1.03389830508475	1.20338983050847	0.88135593220339	0.864406779661017	0.644067796610169	0.322033898305085	0.203389830508475	0.0338983050847458	0.0677966101694915	0.158800973575321	0.0949312504869371	0.0513525217004538
0	0	0.010752688172043	0.0752688172043011	1.55913978494624	1.78494623655914	2.08602150537634	2.12903225806452	1.97849462365591	2.36559139784946	1.08602150537634	0.78494623655914	0.225806451612903	0.0967741935483871	0.129032258064516	0.123132415591856	0.0736085801266693	0.0398181440664212
0	0.0266666666666667	0.0666666666666667	0.226666666666667	0.973333333333333	1.76	2.53333333333333	3.33333333333333	1.92	2.21333333333333	1.29333333333333	1.02666666666667	1.21333333333333	0.64	0.386666666666667	0.333129153455784	0.199144667688153	0.107726178856063
0.032258064516129	0.032258064516129	0	0.338709677419355	1.11290322580645	2.19354838709677	3.12903225806452	3.56451612903226	2.7258064516129	3.09677419354839	1.19354838709677	1.2741935483871	0.274193548387097	0.193548387096774	0.193548387096774	0.0587677438052039	0.0351313677877285	0.0190041142135192
0	0	0.0533333333333333	0.0666666666666667	0.986666666666667	1.45333333333333	1.53333333333333	2.34666666666667	1.45333333333333	1.69333333333333	1.25333333333333	1.22666666666667	0.333333333333333	0.133333333333333	0.0666666666666667	0.0624617162729596	0.0373396251915286	0.0201986585355118
0	0	0	0.132530120481928	0.63855421686747	1.27710843373494	1.86746987951807	2.48192771084337	1.28915662650602	1.49397590361446	1.46987951807229	0.746987951807229	0.0843373493975904	0.180722891566265	0.0602409638554217	0.062712566539116	0.0374895835256311	0.0202797776460962
0	0.010752688172043	0.010752688172043	0.172043010752688	0.827956989247312	1.33333333333333	1.93548387096774	1.82795698924731	2	2.0752688172043	1.72043010752688	0.827956989247312	0.43010752688172	0.301075268817204	0.193548387096774	0.190295551369232	0.113758714741216	0.0615371317390146
0	0	0.0363636363636364	0.0363636363636364	0.672727272727273	0.6	0.781818181818182	1.34545454545455	1	1.21818181818182	0.490909090909091	0.454545454545455	2.29090909090909	1.2	0.927272727272727	1.03156470814433	0.616669567557063	0.333583906116786
0	0	0	0.032258064516129	0.403225806451613	0.758064516129032	0.951612903225806	1.33870967741935	1.08064516129032	1.08064516129032	0.419354838709677	0.854838709677419	0.0645161290322581	0.0483870967741935	0.0161290322580645	0.0419769598608599	0.0250938341340918	0.0135743672953709
0	0	0	0	0.0425531914893617	0.0851063829787234	0.0851063829787234	0.170212765957447	0.0425531914893617	0.170212765957447	0.0851063829787234	0.0212765957446809	0.0425531914893617	0	0	0	0	0
0	0	0	0	0	0	0	0	0	0	0	0	0	0	0	0	0	0
0	0	0	0	0.111111111111111	0.111111111111111	0.148148148148148	0.148148148148148	0.185185185185185	0.259259259259259	0.0740740740740741	0.037037037037037	0	0	0	0.0192783074916542	0.0115245756763977	0.00623415386898513
0	0	0	0	0	0	0	0	0	0	0	0	0.275	0.025	0.075	0.0650642877843329	0.0388954429078423	0.0210402693078248
0	0	0	0	0	0	0	0	0	0	0	0	0.275	0.025	0.075	0.0650642877843329	0.0388954429078423	0.0210402693078248
0	0	0	0	0	0	0	0	0	0	0	0	0.275	0.025	0.075	0.0650642877843329	0.0388954429078423	0.0210402693078248
