0	0	0	0	0	0	0	0	0	0	0	0	0	0	0	0	0	0
0	0	0	0	0	0	0	0	0	0	0	0	0	0	0	0	0	0
0	0	0	0	0	0	0	0	0	0	0	0	0	0	0	0	0	0
0	0	0.0338983050847458	1.61016949152542	0.457627118644068	0.576271186440678	0.830508474576271	1.11864406779661	0.644067796610169	0.796610169491525	0.593220338983051	0.338983050847458	0.101694915254237	0.0169491525423729	0.0338983050847458	0.0794004867876605	0.0474656252434685	0.0256762608502269
0	0	0.043010752688172	0.043010752688172	1.65591397849462	2.04301075268817	2.16129032258065	2.27956989247312	2.0752688172043	2.08602150537634	1.1505376344086	0.924731182795699	0.56989247311828	0.279569892473118	0.301075268817204	0.352606462831223	0.210788206726371	0.114024685281115
0	0	0.04	0.0933333333333333	0.88	1.46666666666667	1.49333333333333	2.65333333333333	1.76	1.42666666666667	0.946666666666667	0.906666666666667	0.986666666666667	0.506666666666667	0.333333333333333	0.291488009273811	0.174251584227133	0.0942604064990552
0.0161290322580645	0.0161290322580645	0	0.338709677419355	1.14516129032258	2.11290322580645	2.53225806451613	3.41935483870968	2.35483870967742	3.03225806451613	1.37096774193548	1.25806451612903	0.274193548387097	0.161290322580645	0.0967741935483871	0.0335815678886879	0.0200750673072734	0.0108594938362967
0	0.0266666666666667	0.0266666666666667	0.0666666666666667	0.493333333333333	1.09333333333333	1.08	1.82666666666667	1.54666666666667	1.18666666666667	0.64	0.64	0.213333333333333	0.08	0.04	0.0347009534849775	0.0207442362175159	0.0112214769641732
0	0	0	0.192771084337349	0.481927710843373	1.36144578313253	1.37349397590361	2.08433734939759	1.28915662650602	1.30120481927711	1.16867469879518	0.493975903614458	0.120481927710843	0.072289156626506	0.0602409638554217	0.0376275399234696	0.0224937501153787	0.0121678665876577
0	0.010752688172043	0.0537634408602151	0.10752688172043	0.634408602150538	1.25806451612903	1.55913978494624	1.63440860215054	1.43010752688172	1.76344086021505	1.09677419354839	0.559139784946237	0.612903225806452	0.333333333333333	0.279569892473118	0.307831038979639	0.184021450316673	0.099545360166053
0	0	0.0181818181818182	0.0727272727272727	0.672727272727273	0.6	0.727272727272727	1.16363636363636	1.05454545454545	1.69090909090909	0.8	0.509090909090909	0.527272727272727	0.254545454545455	0.4	0.198741824504871	0.118807898336682	0.0642684589766286
0.0161290322580645	0	0	0.0483870967741935	0.67741935483871	0.532258064516129	1	1.5	0.693548387096774	1.12903225806452	0.370967741935484	0.887096774193548	0.129032258064516	0.0806451612903226	0.0806451612903226	0.0755585277495479	0.0451689014413652	0.0244338611316675
0	0	0	0	0.212765957446809	0.659574468085106	0.382978723404255	0.382978723404255	0.340425531914894	0.723404255319149	0.276595744680851	0.25531914893617	0.0638297872340425	0	0	0	0	0
0	0	0	0.0285714285714286	0.114285714285714	0.0857142857142857	0.228571428571429	0.228571428571429	0.2	0.142857142857143	0.0571428571428571	0.0285714285714286	0.0285714285714286	0.0285714285714286	0	0	0	0
0	0	0	0	0	0	0	0	0	0	0	0	0	0	0	0	0	0
0	0	0	0	0	0	0	0	0	0	0	0	0	0	0	0	0	0
0	0	0	0	0	0	0	0	0	0	0	0	0	0	0	0	0	0
0	0	0	0	0	0	0	0	0	0	0	0	0	0	0	0	0	0
