0	0	0	0	0	0	0	0	0	0	0	0	0	0	0	0	0	0
0	0	0	0	0	0	0	0	0	0	0	0	0	0	0	0	0	0
0	0	0	0	0	0	0	0	0	0	0	0	0	0	0	0	0	0
0	0	0	0.813559322033898	0.813559322033898	0.813559322033898	1.35593220338983	1.44067796610169	1.01694915254237	1.23728813559322	0.76271186440678	0.389830508474576	0.135593220338983	0.0169491525423729	0.0338983050847458	0.0794004867876605	0.0474656252434685	0.0256762608502269
0	0	0.043010752688172	0.010752688172043	2.1505376344086	1.94623655913978	2.27956989247312	2.95698924731183	2.49462365591398	2.60215053763441	1.37634408602151	0.860215053763441	0.268817204301075	0.118279569892473	0.139784946236559	0.151117055499096	0.0903378028827305	0.0488677222633351
0	0.0133333333333333	0.0266666666666667	0.16	0.973333333333333	1.36	1.89333333333333	2.65333333333333	1.86666666666667	1.93333333333333	1.08	0.773333333333333	1.01333333333333	0.586666666666667	0.333333333333333	0.333129153455784	0.199144667688153	0.107726178856063
0.0161290322580645	0.0161290322580645	0	0.306451612903226	1.20967741935484	2.33870967741935	3.24193548387097	3.98387096774194	2.75806451612903	3.37096774193548	1.82258064516129	1.41935483870968	0.419354838709677	0.403225806451613	0.209677419354839	0.0671631357773759	0.0401501346145469	0.0217189876725934
0	0	0.04	0.213333333333333	0.586666666666667	1.45333333333333	1.98666666666667	2.16	2.01333333333333	1.82666666666667	0.92	0.893333333333333	0.253333333333333	0.0933333333333333	0.0533333333333333	0.0763420976669506	0.0456373196785349	0.0246872493211811
0	0	0	0.0963855421686747	0.578313253012048	1.33734939759036	1.83132530120482	2.20481927710843	1.13253012048193	2.01204819277108	1.31325301204819	0.795180722891566	0.132530120481928	0.156626506024096	0.0602409638554217	0.0501700532312928	0.0299916668205049	0.016223822116877
0	0.032258064516129	0.021505376344086	0.129032258064516	0.763440860215054	1.62365591397849	1.88172043010753	1.97849462365591	2.08602150537634	1.89247311827957	1.60215053763441	0.806451612903226	0.397849462365591	0.279569892473118	0.150537634408602	0.16790783944344	0.100375336536367	0.0542974691814834
0	0	0	0.0545454545454545	0.363636363636364	0.236363636363636	0.381818181818182	1.25454545454545	0.563636363636364	1.4	0.509090909090909	0.472727272727273	1.14545454545455	0.654545454545455	0.545454545454545	0.615153266324602	0.367738732946873	0.198926182546707
0	0	0	0.0645161290322581	0.483870967741935	0.629032258064516	1.14516129032258	1.16129032258065	1.06451612903226	0.919354838709677	0.5	0.435483870967742	0.0483870967741935	0.0645161290322581	0.0645161290322581	0.0503723518330319	0.0301126009609102	0.016289240754445
0	0	0	0.0212765957446809	0.0851063829787234	0.212765957446809	0.276595744680851	0.234042553191489	0.25531914893617	0.212765957446809	0.276595744680851	0.170212765957447	0.0425531914893617	0	0	0	0	0
0	0	0	0.0571428571428571	0.228571428571429	0.171428571428571	0.457142857142857	0.457142857142857	0.4	0.285714285714286	0.114285714285714	0.0571428571428571	0.0571428571428571	0	0	0	0	0
0	0	0	0	0	0	0	0	0.037037037037037	0	0	0	0	0.037037037037037	0.037037037037037	0	0	0
0	0	0	0	0	0	0	0	0	0	0	0	0.275	0.025	0.075	0.0650642877843329	0.0388954429078423	0.0210402693078248
0	0	0	0	0	0	0	0	0	0	0	0	0.275	0.025	0.075	0.0650642877843329	0.0388954429078423	0.0210402693078248
0	0	0	0	0	0	0	0	0	0	0	0	0.275	0.025	0.075	0.0650642877843329	0.0388954429078423	0.0210402693078248
