0	0	0	0	0	0	0	0	0	0	0	0	0	0	0	0	0	0
0	0	0	0	0	0	0	0	0	0	0	0	0	0	0	0	0	0
0	0	0	0	0	0	0	0	0	0	0	0	0	0	0	0	0	0
0	0	0	1.03389830508475	0.525423728813559	0.525423728813559	0.813559322033898	1.40677966101695	0.76271186440678	0.864406779661017	0.644067796610169	0.406779661016949	0.0508474576271186	0	0	0	0	0
0	0	0.10752688172043	0.0967741935483871	1.88172043010753	2.25806451612903	2.76344086021505	2.51612903225806	2.35483870967742	2.48387096774194	1.12903225806452	1.04301075268817	0.279569892473118	0.150537634408602	0.193548387096774	0.19589247935068	0.117104559292428	0.0633470473783973
0	0.0133333333333333	0.0933333333333333	0.16	0.973333333333333	1.85333333333333	2.02666666666667	3.16	2.26666666666667	1.8	1.16	1.04	0.56	0.426666666666667	0.28	0.229026293000852	0.136911959035605	0.0740617479635434
0	0	0	0.274193548387097	1.30645161290323	2.48387096774194	3.04838709677419	3.24193548387097	2.46774193548387	2.91935483870968	2.30645161290323	1.19354838709677	0.338709677419355	0.193548387096774	0.112903225806452	0.0839539197217199	0.0501876682681836	0.0271487345907417
0	0.0266666666666667	0.0533333333333333	0.2	0.653333333333333	1.30666666666667	1.97333333333333	2.34666666666667	2.12	1.93333333333333	0.826666666666667	0.64	0.36	0.0533333333333333	0.12	0.0347009534849775	0.0207442362175159	0.0112214769641732
0	0	0	0.036144578313253	0.313253012048193	0.807228915662651	1.43373493975904	1.91566265060241	0.759036144578313	1.5421686746988	0.843373493975904	0.566265060240964	0.132530120481928	0.0963855421686747	0.0120481927710843	0.062712566539116	0.0374895835256311	0.0202797776460962
0	0	0.032258064516129	0.0860215053763441	0.849462365591398	1.41935483870968	2.0752688172043	1.86021505376344	2.1505376344086	1.67741935483871	1.35483870967742	0.741935483870968	0.182795698924731	0.150537634408602	0.204301075268817	0.123132415591856	0.0736085801266693	0.0398181440664212
0	0	0.0181818181818182	0.0363636363636364	0.454545454545455	0.527272727272727	0.545454545454545	0.927272727272727	1.01818181818182	1.58181818181818	0.854545454545454	0.636363636363636	2	1.03636363636364	0.6	0.946389640499387	0.565751896841342	0.306040280841088
0.032258064516129	0	0	0.0483870967741935	0.725806451612903	0.774193548387097	1.33870967741935	1.29032258064516	1.01612903225806	1.17741935483871	0.67741935483871	0.919354838709677	0.112903225806452	0.0645161290322581	0.0483870967741935	0.0587677438052039	0.0351313677877285	0.0190041142135192
0	0	0	0.0212765957446809	0.234042553191489	0.425531914893617	0.574468085106383	0.617021276595745	0.382978723404255	0.765957446808511	0.638297872340426	0.276595744680851	0.170212765957447	0	0	0	0	0
0	0.0571428571428571	0	0	0	0	0	0	0	0	0.0571428571428571	0	0	0	0	0	0	0
0	0	0	0	0.111111111111111	0.111111111111111	0.148148148148148	0.148148148148148	0.222222222222222	0.259259259259259	0.0740740740740741	0.037037037037037	0	0.037037037037037	0.037037037037037	0.0192783074916542	0.0115245756763977	0.00623415386898513
0	0	0	0	0	0	0	0	0	0	0	0	0	0	0	0	0	0
0	0	0	0	0	0	0	0	0	0	0	0	0	0	0	0	0	0
0	0	0	0	0	0	0	0	0	0	0	0	0	0	0	0	0	0
