0	0	0	0	0	0	0	0	0	0	0	0	0	0	0	0	0	0
0	0	0	0	0	0	0	0	0	0	0	0	0	0	0	0	0	0
0	0	0	0	0	0	0	0	0	0	0	0	0	0	0	0	0	0
0	0	0.0338983050847458	2.06779661016949	0.779661016949153	0.644067796610169	1.35593220338983	1.79661016949153	1.08474576271186	1.15254237288136	0.847457627118644	0.440677966101695	0.23728813559322	0.0338983050847458	0.0677966101694915	0.158800973575321	0.0949312504869371	0.0513525217004538
0	0	0.043010752688172	0.0645161290322581	2.21505376344086	2.13978494623656	2.81720430107527	3.17204301075269	2.8494623655914	2.96774193548387	1.50537634408602	1.38709677419355	0.301075268817204	0.118279569892473	0.129032258064516	0.1399231995362	0.083646113780306	0.0452478909845695
0	0.0133333333333333	0.04	0.186666666666667	0.613333333333333	1.28	1.65333333333333	2.06666666666667	1.13333333333333	1.33333333333333	0.666666666666667	0.626666666666667	0.88	0.52	0.373333333333333	0.263727246485829	0.157656195253121	0.0852832249277166
0.032258064516129	0.032258064516129	0	0.274193548387097	1.41935483870968	2.37096774193548	2.91935483870968	3.80645161290323	2.58064516129032	3.19354838709677	1.82258064516129	1.61290322580645	0.387096774193548	0.241935483870968	0.32258064516129	0.142721663526924	0.0853190360559121	0.0461528488042609
0	0	0.04	0.2	0.906666666666667	1.2	1.89333333333333	2.50666666666667	2.2	1.8	1.06666666666667	0.893333333333333	0.28	0.0666666666666667	0.0933333333333333	0.0694019069699551	0.0414884724350318	0.0224429539283465
0	0	0	0.108433734939759	0.469879518072289	1.25301204819277	1.5421686746988	2.14457831325301	1.1566265060241	1.3855421686747	0.951807228915663	0.614457831325301	0.0602409638554217	0.120481927710843	0.036144578313253	0.0501700532312928	0.0299916668205049	0.016223822116877
0	0	0.021505376344086	0.172043010752688	0.698924731182796	1.49462365591398	1.6989247311828	1.91397849462366	1.74193548387097	1.87096774193548	1.59139784946237	0.655913978494624	0.193548387096774	0.32258064516129	0.161290322580645	0.117535487610408	0.070262735575457	0.0380082284270384
0	0	0	0	0.745454545454545	0.818181818181818	0.727272727272727	1.49090909090909	1.07272727272727	1.76363636363636	1.2	0.654545454545455	0.763636363636364	0.254545454545455	0.290909090909091	0.113566756859926	0.0678902276209611	0.0367248337009306
0.0161290322580645	0	0	0.0806451612903226	0.709677419354839	0.645161290322581	1.40322580645161	1.2258064516129	0.870967741935484	0.919354838709677	0.516129032258065	0.564516129032258	0.0806451612903226	0.0645161290322581	0.0806451612903226	0.0587677438052039	0.0351313677877285	0.0190041142135192
0	0	0	0	0.212765957446809	0.531914893617021	0.404255319148936	0.425531914893617	0.319148936170213	0.74468085106383	0.382978723404255	0.234042553191489	0.127659574468085	0	0	0	0	0
0	0.0285714285714286	0	0	0	0	0	0	0	0	0.0285714285714286	0	0	0	0	0	0	0
0	0	0	0	0	0	0	0	0	0	0	0	0	0	0	0	0	0
0	0	0	0	0	0	0	0	0	0	0	0	0.55	0.05	0.15	0.130128575568666	0.0777908858156846	0.0420805386156497
0	0	0	0	0	0	0	0	0	0	0	0	0.55	0.05	0.15	0.130128575568666	0.0777908858156846	0.0420805386156497
0	0	0	0	0	0	0	0	0	0	0	0	0.55	0.05	0.15	0.130128575568666	0.0777908858156846	0.0420805386156497
