0	0	0	0	0	0	0	0	0	0	0	0	0	0	0	0	0	0
0	0	0	0	0	0	0	0	0	0	0	0	0	0	0	0	0	0
0	0	0	0	0	0	0	0	0	0	0	0	0	0	0	0	0	0
0	0	0.0677966101694915	1.96610169491525	1	1.06779661016949	1.59322033898305	2	1.42372881355932	1.55932203389831	1.15254237288136	0.644067796610169	0.220338983050847	0.0338983050847458	0.0677966101694915	0.158800973575321	0.0949312504869371	0.0513525217004538
0	0	0.0537634408602151	0.0537634408602151	1.86021505376344	2.09677419354839	2.04301075268817	2.20430107526882	2.04301075268817	1.90322580645161	1.1505376344086	0.698924731182796	0.344086021505376	0.161290322580645	0.182795698924731	0.190295551369232	0.113758714741216	0.0615371317390146
0	0.0133333333333333	0.0533333333333333	0.16	1.12	1.77333333333333	2.04	3.21333333333333	1.73333333333333	1.97333333333333	1.16	0.906666666666667	0.36	0.253333333333333	0.106666666666667	0.131863623242915	0.0788280976265604	0.0426416124638583
0	0	0.0161290322580645	0.209677419354839	1.24193548387097	2.04838709677419	2.91935483870968	2.90322580645161	2.09677419354839	2.75806451612903	1.54838709677419	1.14516129032258	0.32258064516129	0.129032258064516	0.0645161290322581	0.0755585277495479	0.0451689014413652	0.0244338611316675
0	0	0.0266666666666667	0.133333333333333	0.466666666666667	1.2	1.28	2.04	1.81333333333333	1.30666666666667	0.586666666666667	0.573333333333333	0.133333333333333	0.0133333333333333	0.0666666666666667	0.0208205720909865	0.0124465417305095	0.00673288617850395
0	0	0	0.156626506024096	0.469879518072289	1.18072289156627	1.73493975903614	1.50602409638554	1.44578313253012	1.69879518072289	1.14457831325301	0.662650602409639	0.120481927710843	0.108433734939759	0.0481927710843374	0.0501700532312928	0.0299916668205049	0.016223822116877
0	0.010752688172043	0.0537634408602151	0.0967741935483871	0.752688172043011	1.21505376344086	1.68817204301075	1.52688172043011	1.98924731182796	1.47311827956989	1.36559139784946	0.623655913978495	0.150537634408602	0.247311827956989	0.0752688172043011	0.0727600637588239	0.0434959791657591	0.0235289033119762
0	0	0.0363636363636364	0.0545454545454545	0.763636363636364	0.690909090909091	0.909090909090909	1.23636363636364	1.2	1.72727272727273	0.763636363636364	0.581818181818182	1.58181818181818	0.854545454545454	0.454545454545455	0.766575608804504	0.458259036441487	0.247892627481282
0.0161290322580645	0	0	0.0967741935483871	0.483870967741935	0.548387096774194	1.03225806451613	0.82258064516129	0.887096774193548	0.645161290322581	0.725806451612903	0.838709677419355	0.0483870967741935	0.0645161290322581	0.0645161290322581	0.0419769598608599	0.0250938341340918	0.0135743672953709
0	0	0	0.0212765957446809	0.148936170212766	0.361702127659574	0.446808510638298	0.617021276595745	0.25531914893617	0.574468085106383	0.382978723404255	0.191489361702128	0.0851063829787234	0	0	0	0	0
0	0	0	0.0571428571428571	0.228571428571429	0.171428571428571	0.457142857142857	0.457142857142857	0.4	0.285714285714286	0.114285714285714	0.0571428571428571	0.0571428571428571	0.0285714285714286	0	0	0	0
0	0	0	0	0.222222222222222	0.222222222222222	0.296296296296296	0.296296296296296	0.407407407407407	0.518518518518518	0.148148148148148	0.0740740740740741	0	0.037037037037037	0.037037037037037	0.0385566149833084	0.0230491513527954	0.0124683077379703
0	0	0	0	0	0	0	0	0	0	0	0	0	0	0	0	0	0
0	0	0	0	0	0	0	0	0	0	0	0	0	0	0	0	0	0
0	0	0	0	0	0	0	0	0	0	0	0	0	0	0	0	0	0
