0	0	0	0	0	0	0	0	0	0	0	0	0	0	0	0	0	0
0	0	0	0	0	0	0	0	0	0	0	0	0	0	0	0	0	0
0	0	0	0	0	0	0	0	0	0	0	0	0	0	0	0	0	0
0	0	0.0677966101694915	2.4406779661017	0.864406779661017	0.847457627118644	1.55932203389831	1.84745762711864	1.23728813559322	1.40677966101695	0.796610169491525	0.423728813559322	0.152542372881356	0.0169491525423729	0.0338983050847458	0.0794004867876605	0.0474656252434685	0.0256762608502269
0	0	0.0645161290322581	0.0860215053763441	2.1505376344086	2.2258064516129	2.51612903225806	3	2.62365591397849	2.65591397849462	1.27956989247312	1.34408602150538	0.161290322580645	0.0645161290322581	0.0967741935483871	0.0391784958701359	0.0234209118584857	0.0126694094756795
0	0.0266666666666667	0.0533333333333333	0.16	0.626666666666667	1.38666666666667	1.32	1.58666666666667	1.29333333333333	1.64	0.706666666666667	0.573333333333333	0.746666666666667	0.466666666666667	0.293333333333333	0.284547818576816	0.17010273698363	0.0920161111062206
0.0161290322580645	0.0161290322580645	0.032258064516129	0.274193548387097	1.11290322580645	2.04838709677419	2.82258064516129	2.95161290322581	2.53225806451613	2.95161290322581	1.33870967741935	1.48387096774194	0.483870967741935	0.258064516129032	0.161290322580645	0.12593087958258	0.0752815024022754	0.0407231018861126
0	0.0133333333333333	0.08	0.04	0.84	1	1.84	2.52	1.66666666666667	1.98666666666667	0.853333333333333	0.84	0.32	0.04	0.16	0.0208205720909865	0.0124465417305095	0.00673288617850395
0	0	0	0.132530120481928	0.469879518072289	0.963855421686747	1.24096385542169	1.4578313253012	1.02409638554217	1.5421686746988	0.771084337349398	0.518072289156627	0.0602409638554217	0.0481927710843374	0.0240963855421687	0.0188137699617348	0.0112468750576893	0.00608393329382887
0	0	0.021505376344086	0.0967741935483871	0.698924731182796	1.16129032258065	1.56989247311828	1.53763440860215	1.61290322580645	1.48387096774194	0.946236559139785	0.612903225806452	0.43010752688172	0.268817204301075	0.182795698924731	0.1399231995362	0.083646113780306	0.0452478909845695
0	0	0	0.0363636363636364	0.872727272727273	0.781818181818182	0.909090909090909	1.74545454545455	1	1.43636363636364	1.18181818181818	0.709090909090909	1.16363636363636	0.618181818181818	0.454545454545455	0.539442095084651	0.322478581199565	0.17444296007942
0.032258064516129	0	0	0.0645161290322581	0.532258064516129	0.338709677419355	0.887096774193548	1.2258064516129	0.645161290322581	0.951612903225806	0.548387096774194	0.483870967741935	0.0645161290322581	0.0161290322580645	0.0483870967741935	0.0419769598608599	0.0250938341340918	0.0135743672953709
0	0	0	0	0.212765957446809	0.531914893617021	0.404255319148936	0.425531914893617	0.340425531914894	0.829787234042553	0.382978723404255	0.234042553191489	0.127659574468085	0	0	0	0	0
0	0.0571428571428571	0	0	0	0	0	0	0	0	0.0571428571428571	0	0	0.0285714285714286	0	0	0	0
0	0	0	0	0.111111111111111	0.111111111111111	0.148148148148148	0.148148148148148	0.185185185185185	0.259259259259259	0.0740740740740741	0.037037037037037	0	0	0	0.0192783074916542	0.0115245756763977	0.00623415386898513
0	0	0	0	0	0	0	0	0	0	0	0	0.55	0.05	0.15	0.130128575568666	0.0777908858156846	0.0420805386156497
0	0	0	0	0	0	0	0	0	0	0	0	0.55	0.05	0.15	0.130128575568666	0.0777908858156846	0.0420805386156497
0	0	0	0	0	0	0	0	0	0	0	0	0.55	0.05	0.15	0.130128575568666	0.0777908858156846	0.0420805386156497
