0	0	0	0	0	0	0	0	0	0	0	0	0	0	0	0	0	0
0	0	0	0	0	0	0	0	0	0	0	0	0	0	0	0	0	0
0	0	0	0	0	0	0	0	0	0	0	0	0	0	0	0	0	0
0	0	0	1.10169491525424	0.610169491525424	0.389830508474576	0.813559322033898	1.16949152542373	0.88135593220339	0.728813559322034	0.627118644067797	0.322033898305085	0.152542372881356	0.0169491525423729	0.0338983050847458	0.0794004867876605	0.0474656252434685	0.0256762608502269
0	0	0.0752688172043011	0.0645161290322581	2.19354838709677	2.37634408602151	2.43010752688172	2.55913978494624	2.52688172043011	2.50537634408602	1.23655913978495	1.08602150537634	0.344086021505376	0.150537634408602	0.193548387096774	0.190295551369232	0.113758714741216	0.0615371317390146
0	0.0133333333333333	0.0533333333333333	0.146666666666667	0.72	1.08	1.56	1.92	1.22666666666667	1.42666666666667	0.786666666666667	0.6	0.866666666666667	0.48	0.333333333333333	0.256787055788834	0.153507348009618	0.083038929534882
0.0161290322580645	0.0161290322580645	0	0.387096774193548	1.40322580645161	2.62903225806452	3.48387096774194	3.59677419354839	2.59677419354839	3.69354838709677	1.7741935483871	1.75806451612903	0.451612903225806	0.306451612903226	0.145161290322581	0.0839539197217199	0.0501876682681836	0.0271487345907417
0	0.0133333333333333	0.0533333333333333	0.133333333333333	0.733333333333333	1.21333333333333	1.8	2.46666666666667	1.74666666666667	1.70666666666667	0.906666666666667	0.733333333333333	0.333333333333333	0.0533333333333333	0.12	0.0416411441819731	0.0248930834610191	0.0134657723570079
0	0	0	0.120481927710843	0.590361445783133	1.21686746987952	1.39759036144578	1.69879518072289	1.1566265060241	1.27710843373494	1.16867469879518	0.710843373493976	0.180722891566265	0.144578313253012	0.0843373493975904	0.0501700532312928	0.0299916668205049	0.016223822116877
0	0.010752688172043	0.043010752688172	0.0537634408602151	0.473118279569892	0.935483870967742	1.27956989247312	1.27956989247312	1.52688172043011	1.31182795698925	1.23655913978495	0.483870967741935	0.344086021505376	0.236559139784946	0.161290322580645	0.156713983480544	0.0936836474339427	0.0506776379027179
0	0	0.0181818181818182	0.0181818181818182	0.472727272727273	0.618181818181818	0.636363636363636	1.12727272727273	0.981818181818182	1.87272727272727	1.01818181818182	0.454545454545455	1.72727272727273	0.672727272727273	0.381818181818182	0.501586509464675	0.299848505325911	0.162201348845777
0	0	0	0.0161290322580645	0.338709677419355	0.258064516129032	0.370967741935484	0.580645161290323	0.354838709677419	0.645161290322581	0.32258064516129	0.483870967741935	0	0.0161290322580645	0.0161290322580645	0.0419769598608599	0.0250938341340918	0.0135743672953709
0	0	0	0	0.127659574468085	0.0851063829787234	0.297872340425532	0.0851063829787234	0.170212765957447	0.425531914893617	0.382978723404255	0.212765957446809	0.0851063829787234	0	0	0	0	0
0	0.0285714285714286	0	0	0	0	0	0	0	0	0.0285714285714286	0	0	0.0285714285714286	0	0	0	0
0	0	0	0	0	0	0	0	0	0	0	0	0	0	0	0	0	0
0	0	0	0	0	0	0	0	0	0	0	0	0	0	0	0	0	0
0	0	0	0	0	0	0	0	0	0	0	0	0	0	0	0	0	0
0	0	0	0	0	0	0	0	0	0	0	0	0	0	0	0	0	0
