0	0	0	0	0	0	0	0	0	0	0	0	0	0	0	0	0	0
0	0	0	0	0	0	0	0	0	0	0	0	0	0	0	0	0	0
0	0	0	0	0	0	0	0	0	0	0	0	0	0	0	0	0	0
0	0	0.0338983050847458	1.83050847457627	0.661016949152542	0.779661016949153	1.54237288135593	1.83050847457627	1.25423728813559	1.06779661016949	1.03389830508475	0.474576271186441	0.457627118644068	0.0847457627118644	0.169491525423729	0.397002433938302	0.237328126217343	0.128381304251135
0	0	0.0537634408602151	0.032258064516129	1.73118279569892	1.91397849462366	2.31182795698925	2.37634408602151	1.98924731182796	2.17204301075269	1.26881720430108	0.935483870967742	0.172043010752688	0.0645161290322581	0.0860215053763441	0.0895508477031679	0.0535335128193958	0.0289586502301245
0	0.0266666666666667	0.04	0.16	0.826666666666667	1.30666666666667	1.50666666666667	1.92	1.49333333333333	1.6	0.933333333333333	0.613333333333333	0.226666666666667	0.173333333333333	0.08	0.104102860454933	0.0622327086525477	0.0336644308925197
0.0161290322580645	0.0161290322580645	0	0.274193548387097	1.33870967741935	2.64516129032258	3.09677419354839	3.46774193548387	2.48387096774194	3.11290322580645	1.74193548387097	1.16129032258065	0.306451612903226	0.193548387096774	0.161290322580645	0.0755585277495479	0.0451689014413652	0.0244338611316675
0	0	0.0133333333333333	0.173333333333333	0.906666666666667	1.56	2.29333333333333	2.38666666666667	2.21333333333333	1.53333333333333	1.30666666666667	1.10666666666667	0.213333333333333	0.0666666666666667	0.0266666666666667	0.0416411441819731	0.0248930834610191	0.0134657723570079
0	0	0	0.0963855421686747	0.566265060240964	0.891566265060241	1.57831325301205	1.93975903614458	1.62650602409639	1.98795180722892	1.04819277108434	0.686746987951807	0.168674698795181	0.144578313253012	0.0481927710843374	0.0564413098852044	0.033740625173068	0.0182517998814866
0	0.010752688172043	0.0537634408602151	0.043010752688172	0.602150537634409	1.01075268817204	1.52688172043011	1.43010752688172	1.60215053763441	1.51612903225806	1.44086021505376	0.526881720430108	0.139784946236559	0.279569892473118	0.0860215053763441	0.022387711925792	0.013383378204849	0.00723966255753112
0	0	0.0363636363636364	0.0909090909090909	1.05454545454545	0.890909090909091	1.16363636363636	1.54545454545455	1.56363636363636	2.01818181818182	0.6	1.09090909090909	1.36363636363636	0.545454545454545	0.672727272727273	0.378555856199755	0.226300758736537	0.122416112336435
0.0161290322580645	0	0	0.0483870967741935	0.451612903225806	0.870967741935484	0.806451612903226	1.2258064516129	0.725806451612903	1.17741935483871	0.451612903225806	1.08064516129032	0.112903225806452	0.0806451612903226	0.0483870967741935	0.0587677438052039	0.0351313677877285	0.0190041142135192
0	0	0	0.0212765957446809	0.127659574468085	0.234042553191489	0.319148936170213	0.234042553191489	0.276595744680851	0.319148936170213	0.404255319148936	0.170212765957447	0.0851063829787234	0	0	0	0	0
0	0	0	0.0285714285714286	0.114285714285714	0.0857142857142857	0.228571428571429	0.228571428571429	0.2	0.142857142857143	0.0571428571428571	0.0285714285714286	0.0285714285714286	0	0	0	0	0
0	0	0	0	0.222222222222222	0.222222222222222	0.296296296296296	0.296296296296296	0.37037037037037	0.518518518518518	0.148148148148148	0.0740740740740741	0	0	0	0.0385566149833084	0.0230491513527954	0.0124683077379703
0	0	0	0	0	0	0	0	0	0	0	0	0.275	0.025	0.075	0.0650642877843329	0.0388954429078423	0.0210402693078248
0	0	0	0	0	0	0	0	0	0	0	0	0.275	0.025	0.075	0.0650642877843329	0.0388954429078423	0.0210402693078248
0	0	0	0	0	0	0	0	0	0	0	0	0.275	0.025	0.075	0.0650642877843329	0.0388954429078423	0.0210402693078248
