0	0	0	0	0	0	0	0	0	0	0	0	0	0	0	0	0	0
0	0	0	0	0	0	0	0	0	0	0	0	0	0	0	0	0	0
0	0	0	0	0	0	0	0	0	0	0	0	0	0	0	0	0	0
0	0	0	1.47457627118644	1.38983050847458	1.16949152542373	1.98305084745763	2.28813559322034	1.47457627118644	2.06779661016949	1.16949152542373	0.677966101694915	0.169491525423729	0.0169491525423729	0.0338983050847458	0.0794004867876605	0.0474656252434685	0.0256762608502269
0	0	0.032258064516129	0.0537634408602151	1.63440860215054	1.61290322580645	1.96774193548387	1.95698924731183	1.76344086021505	2.16129032258065	1.01075268817204	0.817204301075269	0.311827956989247	0.139784946236559	0.193548387096774	0.179101695406336	0.107067025638792	0.057917300460249
0	0	0.0533333333333333	0.146666666666667	0.693333333333333	1.26666666666667	1.70666666666667	2.28	1.54666666666667	1.14666666666667	0.733333333333333	0.76	0.24	0.2	0.08	0.0624617162729596	0.0373396251915286	0.0201986585355118
0	0	0.032258064516129	0.17741935483871	1.09677419354839	2.08064516129032	2.25806451612903	2.82258064516129	2.09677419354839	2.46774193548387	1.46774193548387	1.11290322580645	0.532258064516129	0.306451612903226	0.112903225806452	0.12593087958258	0.0752815024022754	0.0407231018861126
0	0.0133333333333333	0.0533333333333333	0.133333333333333	1.28	1.94666666666667	2.01333333333333	2.97333333333333	3.2	2.2	1.66666666666667	1.36	0.386666666666667	0.106666666666667	0.0933333333333333	0.0971626697579371	0.0580838614090445	0.0314201354996851
0	0	0	0.156626506024096	0.506024096385542	1.24096385542169	1.49397590361446	1.73493975903614	1.27710843373494	1.37349397590361	0.975903614457831	0.614457831325301	0.120481927710843	0.0481927710843374	0.036144578313253	0.0250850266156464	0.0149958334102524	0.00811191105843849
0	0.021505376344086	0.032258064516129	0.204301075268817	0.881720430107527	1.72043010752688	2.11827956989247	2.46236559139785	1.8494623655914	1.96774193548387	1.40860215053763	0.989247311827957	0.225806451612903	0.204301075268817	0.0860215053763441	0.0671631357773759	0.0401501346145469	0.0217189876725934
0	0	0.0363636363636364	0.109090909090909	0.8	0.581818181818182	0.963636363636364	1.47272727272727	1.2	1.81818181818182	0.527272727272727	0.654545454545455	0.327272727272727	0.0727272727272727	0.145454545454545	0.0567833784299632	0.0339451138104805	0.0183624168504653
0.0161290322580645	0	0	0.0483870967741935	0.274193548387097	0.645161290322581	0.693548387096774	0.951612903225806	0.645161290322581	0.967741935483871	0.5	0.209677419354839	0.0645161290322581	0.032258064516129	0.0161290322580645	0.025186175916516	0.0150563004804551	0.00814462037722251
0	0	0	0.0425531914893617	0.276595744680851	0.872340425531915	0.723404255319149	0.936170212765957	0.553191489361702	0.893617021276596	0.574468085106383	0.361702127659574	0.0851063829787234	0	0	0	0	0
0	0	0	0.0285714285714286	0.114285714285714	0.0857142857142857	0.228571428571429	0.228571428571429	0.2	0.142857142857143	0.0571428571428571	0.0285714285714286	0.0285714285714286	0	0	0	0	0
0	0	0	0	0	0	0	0	0.037037037037037	0	0	0	0	0.037037037037037	0.037037037037037	0	0	0
0	0	0	0	0	0	0	0	0	0	0	0	0.275	0.025	0.075	0.0650642877843329	0.0388954429078423	0.0210402693078248
0	0	0	0	0	0	0	0	0	0	0	0	0.275	0.025	0.075	0.0650642877843329	0.0388954429078423	0.0210402693078248
0	0	0	0	0	0	0	0	0	0	0	0	0.275	0.025	0.075	0.0650642877843329	0.0388954429078423	0.0210402693078248
