0	0	0	0	0	0	0	0	0	0	0	0	0	0	0	0	0	0
0	0	0	0	0	0	0	0	0	0	0	0	0	0	0	0	0	0
0	0	0	0	0	0	0	0	0	0	0	0	0	0	0	0	0	0
0	0	0.0677966101694915	3.1864406779661	0.508474576271186	0.694915254237288	1.25423728813559	1.64406779661017	1.06779661016949	0.88135593220339	0.830508474576271	0.389830508474576	0.288135593220339	0.0508474576271186	0.101694915254237	0.238201460362981	0.142396875730406	0.0770287825506807
0	0	0.043010752688172	0.021505376344086	1.7741935483871	2.10752688172043	2.25806451612903	2.80645161290323	2.51612903225806	2.51612903225806	1.21505376344086	1.05376344086022	0.129032258064516	0.043010752688172	0.0645161290322581	0.0391784958701359	0.0234209118584857	0.0126694094756795
0	0.0266666666666667	0.04	0.106666666666667	0.853333333333333	1.34666666666667	1.8	2.17333333333333	1.70666666666667	1.69333333333333	1.09333333333333	0.573333333333333	1.86666666666667	1.01333333333333	0.88	0.6176769720326	0.369247404671783	0.199742289962284
0.0161290322580645	0.0161290322580645	0	0.338709677419355	1.2258064516129	2.24193548387097	2.88709677419355	3.14516129032258	2.11290322580645	3.38709677419355	1.54838709677419	1.20967741935484	0.306451612903226	0.193548387096774	0.145161290322581	0.0587677438052039	0.0351313677877285	0.0190041142135192
0	0.0266666666666667	0.0266666666666667	0.133333333333333	0.84	1.81333333333333	1.57333333333333	2.34666666666667	2.62666666666667	1.64	1.16	0.973333333333333	0.346666666666667	0.0933333333333333	0.0533333333333333	0.0832822883639461	0.0497861669220381	0.0269315447140158
0	0	0	0.27710843373494	0.662650602409639	1.56626506024096	2.01204819277108	2.26506024096386	1.81927710843373	1.73493975903614	1.50602409638554	0.867469879518072	0.144578313253012	0.120481927710843	0.036144578313253	0.0376275399234696	0.0224937501153787	0.0121678665876577
0	0.010752688172043	0.021505376344086	0.0860215053763441	0.967741935483871	1.37634408602151	2.33333333333333	1.80645161290323	2.08602150537634	1.66666666666667	1.60215053763441	0.795698924731183	0.258064516129032	0.161290322580645	0.139784946236559	0.0839539197217199	0.0501876682681836	0.0271487345907417
0	0	0.0545454545454545	0.0181818181818182	0.654545454545455	0.6	0.963636363636364	1.09090909090909	1.14545454545455	1.50909090909091	0.690909090909091	0.418181818181818	1.56363636363636	0.854545454545454	0.654545454545455	0.643544955539583	0.384711289852113	0.20810739097194
0.0161290322580645	0	0	0.032258064516129	0.564516129032258	0.516129032258065	0.919354838709677	1.16129032258065	0.709677419354839	1	0.467741935483871	0.370967741935484	0.0645161290322581	0.032258064516129	0.032258064516129	0.0503723518330319	0.0301126009609102	0.016289240754445
0	0	0	0.0212765957446809	0.0425531914893617	0.170212765957447	0.212765957446809	0.234042553191489	0.148936170212766	0.106382978723404	0.148936170212766	0.0851063829787234	0	0	0	0	0	0
0	0.0571428571428571	0	0	0	0	0	0	0	0	0.0571428571428571	0	0	0.0285714285714286	0	0	0	0
0	0	0	0	0	0	0	0	0	0	0	0	0	0	0	0	0	0
0	0	0	0	0	0	0	0	0	0	0	0	0.55	0.05	0.15	0.130128575568666	0.0777908858156846	0.0420805386156497
0	0	0	0	0	0	0	0	0	0	0	0	0.55	0.05	0.15	0.130128575568666	0.0777908858156846	0.0420805386156497
0	0	0	0	0	0	0	0	0	0	0	0	0.55	0.05	0.15	0.130128575568666	0.0777908858156846	0.0420805386156497
