0	0	0	0	0	0	0	0	0	0	0	0	0	0	0	0	0	0
0	0	0	0	0	0	0	0	0	0	0	0	0	0	0	0	0	0
0	0	0	0	0	0	0	0	0	0	0	0	0	0	0	0	0	0
0	0	0.0677966101694915	2.3728813559322	1.10169491525424	0.966101694915254	1.8135593220339	2.10169491525424	1.49152542372881	1.57627118644068	1.11864406779661	0.559322033898305	0.254237288135593	0.0338983050847458	0.0677966101694915	0.158800973575321	0.0949312504869371	0.0513525217004538
0	0	0.032258064516129	0.043010752688172	1.48387096774194	1.51612903225806	1.87096774193548	2.34408602150538	2.12903225806452	2.13978494623656	1.17204301075269	0.709677419354839	0.408602150537634	0.193548387096774	0.225806451612903	0.240667903202264	0.143871315702126	0.0778263724934596
0	0.0133333333333333	0.04	0.173333333333333	0.813333333333333	1.30666666666667	1.73333333333333	2.33333333333333	1.44	1.77333333333333	1.05333333333333	0.653333333333333	0.946666666666667	0.493333333333333	0.4	0.291488009273811	0.174251584227133	0.0942604064990552
0	0	0.0161290322580645	0.17741935483871	1.24193548387097	2.06451612903226	2.35483870967742	3.45161290322581	2.12903225806452	2.74193548387097	1.03225806451613	1.48387096774194	0.32258064516129	0.145161290322581	0.0806451612903226	0.12593087958258	0.0752815024022754	0.0407231018861126
0	0	0.04	0.12	0.573333333333333	1.28	1.68	1.76	2	1.61333333333333	0.653333333333333	0.786666666666667	0.28	0.04	0.08	0.0347009534849775	0.0207442362175159	0.0112214769641732
0	0	0	0.253012048192771	0.674698795180723	1.34939759036145	1.71084337349398	2.63855421686747	1.30120481927711	1.97590361445783	1.5421686746988	0.807228915662651	0.168674698795181	0.168674698795181	0.108433734939759	0.062712566539116	0.0374895835256311	0.0202797776460962
0	0.010752688172043	0.010752688172043	0.118279569892473	0.634408602150538	1.25806451612903	1.65591397849462	2	1.87096774193548	1.73118279569892	1.35483870967742	0.591397849462366	0.408602150537634	0.193548387096774	0.247311827956989	0.229474047239368	0.137179626599702	0.074206541214694
0	0	0.0545454545454545	0.0727272727272727	0.727272727272727	0.654545454545455	0.927272727272727	1.14545454545455	1.01818181818182	1.30909090909091	0.745454545454545	0.472727272727273	1.56363636363636	0.654545454545455	0.527272727272727	0.473194820249694	0.282875948420671	0.153020140420544
0.0645161290322581	0	0	0.0645161290322581	0.483870967741935	1.43548387096774	1.43548387096774	2.37096774193548	1.62903225806452	1.54838709677419	0.82258064516129	0.741935483870968	0.209677419354839	0.129032258064516	0.0483870967741935	0.0419769598608599	0.0250938341340918	0.0135743672953709
0	0	0	0.0212765957446809	0.148936170212766	0.297872340425532	0.48936170212766	0.51063829787234	0.234042553191489	0.531914893617021	0.361702127659574	0.234042553191489	0.0425531914893617	0	0	0	0	0
0	0	0	0	0	0	0	0	0	0	0	0	0	0.0285714285714286	0	0	0	0
0	0	0	0	0	0	0	0	0	0	0	0	0	0	0	0	0	0
0	0	0	0	0	0	0	0	0	0	0	0	0	0	0	0	0	0
0	0	0	0	0	0	0	0	0	0	0	0	0	0	0	0	0	0
0	0	0	0	0	0	0	0	0	0	0	0	0	0	0	0	0	0
