0	0	0	0	0	0	0	0	0	0	0	0	0	0	0	0	0	0
0	0	0	0	0	0	0	0	0	0	0	0	0	0	0	0	0	0
0	0	0	0	0	0	0	0	0	0	0	0	0	0	0	0	0	0
0	0	0	0.644067796610169	0.423728813559322	0.338983050847458	0.847457627118644	1.01694915254237	0.593220338983051	0.627118644067797	0.508474576271186	0.23728813559322	0.203389830508475	0.0338983050847458	0.0677966101694915	0.158800973575321	0.0949312504869371	0.0513525217004538
0	0	0.032258064516129	0.032258064516129	1.38709677419355	1.54838709677419	1.64516129032258	1.94623655913978	1.68817204301075	1.86021505376344	0.903225806451613	0.709677419354839	0.397849462365591	0.204301075268817	0.247311827956989	0.246264831183712	0.147217160253339	0.0796362881328424
0	0	0.0533333333333333	0.173333333333333	0.68	1.49333333333333	1.49333333333333	1.37333333333333	1.36	1.17333333333333	0.493333333333333	0.586666666666667	0.24	0.133333333333333	0.146666666666667	0.027760762787982	0.0165953889740127	0.00897718157133859
0.0161290322580645	0.0161290322580645	0.0161290322580645	0.290322580645161	1.35483870967742	2.06451612903226	2.79032258064516	3.32258064516129	2.58064516129032	3.2258064516129	1.74193548387097	1.48387096774194	0.387096774193548	0.17741935483871	0.129032258064516	0.117535487610408	0.070262735575457	0.0380082284270384
0	0.04	0.0133333333333333	0.16	0.773333333333333	1.46666666666667	1.77333333333333	2.10666666666667	1.86666666666667	1.58666666666667	0.986666666666667	0.76	0.293333333333333	0.0533333333333333	0.0266666666666667	0.0416411441819731	0.0248930834610191	0.0134657723570079
0	0	0	0.156626506024096	0.493975903614458	1.07228915662651	1.19277108433735	1.67469879518072	1.33734939759036	1.2289156626506	0.783132530120482	0.433734939759036	0.072289156626506	0.036144578313253	0.0120481927710843	0.0125425133078232	0.00749791670512622	0.00405595552921924
0	0.021505376344086	0.010752688172043	0.172043010752688	0.731182795698925	1.37634408602151	1.72043010752688	1.87096774193548	2.24731182795699	1.70967741935484	1.33333333333333	0.741935483870968	0.204301075268817	0.225806451612903	0.0752688172043011	0.0671631357773759	0.0401501346145469	0.0217189876725934
0	0	0.0363636363636364	0.0545454545454545	1.10909090909091	0.981818181818182	1	1.50909090909091	1.34545454545455	1.38181818181818	0.581818181818182	0.927272727272727	0.872727272727273	0.4	0.509090909090909	0.274452995744822	0.164068050083989	0.0887516814439156
0.032258064516129	0	0	0.0483870967741935	0.612903225806452	0.596774193548387	1.24193548387097	1.19354838709677	0.806451612903226	1	0.451612903225806	0.532258064516129	0.112903225806452	0.0645161290322581	0.0645161290322581	0.0419769598608599	0.0250938341340918	0.0135743672953709
0	0	0	0.0425531914893617	0.170212765957447	0.48936170212766	0.638297872340426	0.723404255319149	0.382978723404255	0.595744680851064	0.51063829787234	0.319148936170213	0.0638297872340425	0	0	0	0	0
0	0.0285714285714286	0	0	0	0	0	0	0	0	0.0285714285714286	0	0	0	0	0	0	0
0	0	0	0	0.111111111111111	0.111111111111111	0.148148148148148	0.148148148148148	0.185185185185185	0.259259259259259	0.0740740740740741	0.037037037037037	0	0	0	0.0192783074916542	0.0115245756763977	0.00623415386898513
0	0	0	0	0	0	0	0	0	0	0	0	0	0	0	0	0	0
0	0	0	0	0	0	0	0	0	0	0	0	0	0	0	0	0	0
0	0	0	0	0	0	0	0	0	0	0	0	0	0	0	0	0	0
