0	0	0	0	0	0	0	0	0	0	0	0	0	0	0	0	0	0
0	0	0	0	0	0	0	0	0	0	0	0	0	0	0	0	0	0
0	0	0	0	0	0	0	0	0	0	0	0	0	0	0	0	0	0
0	0	0.101694915254237	3.57627118644068	0.254237288135593	0.271186440677966	0.355932203389831	0.711864406779661	0.406779661016949	0.372881355932203	0.203389830508475	0.11864406779661	0.0169491525423729	0	0	0	0	0
0	0	0.043010752688172	0.021505376344086	1.53763440860215	1.33333333333333	1.67741935483871	1.78494623655914	1.59139784946237	1.70967741935484	0.967741935483871	0.67741935483871	0.225806451612903	0.0860215053763441	0.118279569892473	0.123132415591856	0.0736085801266693	0.0398181440664212
0	0.0266666666666667	0.08	0.226666666666667	0.946666666666667	1.90666666666667	2.46666666666667	2.74666666666667	2.32	2.14666666666667	1.06666666666667	0.933333333333333	0.2	0.2	0.146666666666667	0.117983241848924	0.070530403139554	0.038153021678189
0.032258064516129	0.032258064516129	0	0.354838709677419	1.46774193548387	2.96774193548387	3.11290322580645	3.91935483870968	3.17741935483871	3.51612903225806	1.90322580645161	1.41935483870968	0.193548387096774	0.145161290322581	0.145161290322581	0.0419769598608599	0.0250938341340918	0.0135743672953709
0	0.0133333333333333	0.0533333333333333	0.266666666666667	0.786666666666667	1.56	1.97333333333333	2.56	2.2	2.2	1.09333333333333	1.09333333333333	0.386666666666667	0.12	0.0666666666666667	0.117983241848924	0.070530403139554	0.038153021678189
0	0	0	0.108433734939759	0.469879518072289	1.21686746987952	1.72289156626506	1.75903614457831	1.02409638554217	1.46987951807229	0.867469879518072	0.55421686746988	0.0481927710843374	0.0602409638554217	0.0120481927710843	0.031356283269558	0.0187447917628156	0.0101398888230481
0	0.021505376344086	0.0645161290322581	0.193548387096774	0.989247311827957	1.72043010752688	2.31182795698925	2.17204301075269	1.97849462365591	1.88172043010753	1.76344086021505	0.881720430107527	0.376344086021505	0.247311827956989	0.150537634408602	0.11193855962896	0.0669168910242448	0.0361983127876556
0	0	0.0363636363636364	0.0181818181818182	0.945454545454545	1.03636363636364	0.890909090909091	2.27272727272727	1.45454545454545	1.76363636363636	1.03636363636364	0.527272727272727	1.21818181818182	0.509090909090909	0.418181818181818	0.359628063389767	0.21498572079971	0.116295306719614
0.032258064516129	0	0	0.0645161290322581	0.258064516129032	0.564516129032258	0.612903225806452	1.46774193548387	0.645161290322581	0.870967741935484	0.5	0.451612903225806	0.0967741935483871	0.0806451612903226	0.0483870967741935	0.025186175916516	0.0150563004804551	0.00814462037722251
0	0	0	0.0212765957446809	0.297872340425532	0.553191489361702	0.680851063829787	0.574468085106383	0.51063829787234	0.936170212765957	0.765957446808511	0.404255319148936	0.191489361702128	0	0	0	0	0
0	0.0285714285714286	0	0.0285714285714286	0.114285714285714	0.0857142857142857	0.228571428571429	0.228571428571429	0.2	0.142857142857143	0.0857142857142857	0.0285714285714286	0.0285714285714286	0	0	0	0	0
0	0	0	0	0	0	0	0	0	0	0	0	0	0	0	0	0	0
0	0	0	0	0	0	0	0	0	0	0	0	0.275	0.025	0.075	0.0650642877843329	0.0388954429078423	0.0210402693078248
0	0	0	0	0	0	0	0	0	0	0	0	0.275	0.025	0.075	0.0650642877843329	0.0388954429078423	0.0210402693078248
0	0	0	0	0	0	0	0	0	0	0	0	0.275	0.025	0.075	0.0650642877843329	0.0388954429078423	0.0210402693078248
