0	0	0	0	0	0	0	0	0	0	0	0	0	0	0	0	0	0
0	0	0	0	0	0	0	0	0	0	0	0	0	0	0	0	0	0
0	0	0	0	0	0	0	0	0	0	0	0	0	0	0	0	0	0
0	0	0.0677966101694915	2.27118644067797	0.254237288135593	0.423728813559322	0.542372881355932	0.915254237288136	0.644067796610169	0.440677966101695	0.423728813559322	0.220338983050847	0.101694915254237	0.0169491525423729	0.0338983050847458	0.0794004867876605	0.0474656252434685	0.0256762608502269
0	0	0.0752688172043011	0.10752688172043	1.8494623655914	2.23655913978495	2.47311827956989	2.55913978494624	2.63440860215054	2.35483870967742	1.2258064516129	0.881720430107527	0.182795698924731	0.0645161290322581	0.0645161290322581	0.0727600637588239	0.0434959791657591	0.0235289033119762
0	0	0.0133333333333333	0.0933333333333333	0.64	1.61333333333333	1.42666666666667	1.70666666666667	1.21333333333333	1.6	0.706666666666667	0.626666666666667	0.56	0.266666666666667	0.173333333333333	0.13880381393991	0.0829769448700635	0.044885907856693
0.032258064516129	0.032258064516129	0.0161290322580645	0.387096774193548	1.35483870967742	2.30645161290323	2.98387096774194	3.62903225806452	2.75806451612903	3.37096774193548	1.51612903225806	1.24193548387097	0.306451612903226	0.193548387096774	0.225806451612903	0.0755585277495479	0.0451689014413652	0.0244338611316675
0	0	0.0266666666666667	0.2	0.653333333333333	1.56	1.77333333333333	2.37333333333333	2.02666666666667	1.82666666666667	0.826666666666667	0.76	0.213333333333333	0.0666666666666667	0.0533333333333333	0.0485813348789686	0.0290419307045222	0.0157100677498425
0	0	0	0.144578313253012	0.566265060240964	1.32530120481928	2.02409638554217	1.97590361445783	1.66265060240964	1.50602409638554	1.48192771084337	0.807228915662651	0.144578313253012	0.144578313253012	0.036144578313253	0.0752550798469392	0.0449875002307573	0.0243357331753155
0	0.021505376344086	0.032258064516129	0.139784946236559	0.903225806451613	1.52688172043011	2.09677419354839	2.06451612903226	2.01075268817204	1.63440860215054	1.20430107526882	0.774193548387097	0.67741935483871	0.290322580645161	0.290322580645161	0.268652543109504	0.160600538458187	0.0868759506903735
0	0	0.0181818181818182	0.109090909090909	0.545454545454545	0.472727272727273	0.690909090909091	1.01818181818182	1.03636363636364	1.43636363636364	0.890909090909091	0.509090909090909	1.23636363636364	0.527272727272727	0.527272727272727	0.321772477769792	0.192355644926056	0.10405369548597
0.0161290322580645	0	0	0.032258064516129	0.596774193548387	0.806451612903226	1.03225806451613	1.38709677419355	0.919354838709677	1.14516129032258	0.467741935483871	0.483870967741935	0.145161290322581	0.145161290322581	0.0806451612903226	0.0839539197217199	0.0501876682681836	0.0271487345907417
0	0	0	0.0212765957446809	0.0638297872340425	0.191489361702128	0.276595744680851	0.276595744680851	0.191489361702128	0.212765957446809	0.212765957446809	0.148936170212766	0	0	0	0	0	0
0	0.0285714285714286	0	0	0	0	0	0	0	0	0.0285714285714286	0	0	0.0285714285714286	0	0	0	0
0	0	0	0	0.111111111111111	0.111111111111111	0.148148148148148	0.148148148148148	0.185185185185185	0.259259259259259	0.0740740740740741	0.037037037037037	0	0	0	0.0192783074916542	0.0115245756763977	0.00623415386898513
0	0	0	0	0	0	0	0	0	0	0	0	0.275	0.025	0.075	0.0650642877843329	0.0388954429078423	0.0210402693078248
0	0	0	0	0	0	0	0	0	0	0	0	0.275	0.025	0.075	0.0650642877843329	0.0388954429078423	0.0210402693078248
0	0	0	0	0	0	0	0	0	0	0	0	0.275	0.025	0.075	0.0650642877843329	0.0388954429078423	0.0210402693078248
