0	0	0	0	0	0	0	0	0	0	0	0	0	0	0	0	0	0
0	0	0	0	0	0	0	0	0	0	0	0	0	0	0	0	0	0
0	0	0	0	0	0	0	0	0	0	0	0	0	0	0	0	0	0
0	0	0	0.864406779661017	0.542372881355932	0.593220338983051	0.932203389830508	1.13559322033898	0.796610169491525	0.864406779661017	0.627118644067797	0.338983050847458	0.11864406779661	0.0169491525423729	0.0338983050847458	0.0794004867876605	0.0474656252434685	0.0256762608502269
0	0	0.0537634408602151	0.0645161290322581	1.62365591397849	2.11827956989247	2.23655913978495	2.34408602150538	2.09677419354839	2.43010752688172	1.2258064516129	1.01075268817204	0.172043010752688	0.0537634408602151	0.0967741935483871	0.0727600637588239	0.0434959791657591	0.0235289033119762
0	0.0133333333333333	0.0266666666666667	0.186666666666667	0.72	1.41333333333333	1.69333333333333	2.4	1.66666666666667	1.62666666666667	0.973333333333333	0.733333333333333	1.58666666666667	0.773333333333333	0.626666666666667	0.485813348789686	0.290419307045222	0.157100677498425
0.0161290322580645	0.0161290322580645	0.032258064516129	0.258064516129032	1.56451612903226	2.58064516129032	3.38709677419355	3.87096774193548	3.06451612903226	3.88709677419355	1.69354838709677	1.46774193548387	0.532258064516129	0.258064516129032	0.161290322580645	0.142721663526924	0.0853190360559121	0.0461528488042609
0	0.0133333333333333	0.0133333333333333	0.106666666666667	0.76	1.26666666666667	1.70666666666667	1.85333333333333	1.61333333333333	1.36	1.01333333333333	0.72	0.213333333333333	0.0533333333333333	0.0133333333333333	0.0485813348789686	0.0290419307045222	0.0157100677498425
0	0	0	0.216867469879518	0.698795180722892	1.33734939759036	1.71084337349398	1.63855421686747	1.32530120481928	1.48192771084337	1.1566265060241	0.578313253012048	0.120481927710843	0.0602409638554217	0.036144578313253	0.0250850266156464	0.0149958334102524	0.00811191105843849
0	0.010752688172043	0	0.0537634408602151	0.473118279569892	1.05376344086022	1.44086021505376	1.48387096774194	1.47311827956989	1.70967741935484	1.58064516129032	0.494623655913978	0.129032258064516	0.258064516129032	0.0967741935483871	0.0951477756846158	0.0568793573706081	0.0307685658695073
0	0	0.0181818181818182	0.0181818181818182	0.781818181818182	0.890909090909091	0.654545454545455	1.23636363636364	1.25454545454545	2.09090909090909	0.745454545454545	0.763636363636364	1.47272727272727	0.672727272727273	0.527272727272727	0.577297680704626	0.345108657073219	0.186684571313064
0	0	0	0.0806451612903226	0.758064516129032	0.532258064516129	1.20967741935484	0.854838709677419	0.693548387096774	0.629032258064516	0.403225806451613	0.790322580645161	0.0483870967741935	0.0161290322580645	0.0645161290322581	0.0503723518330319	0.0301126009609102	0.016289240754445
0	0	0	0.0212765957446809	0.276595744680851	0.680851063829787	0.702127659574468	0.595744680851064	0.48936170212766	0.957446808510638	0.595744680851064	0.468085106382979	0.0851063829787234	0	0	0	0	0
0	0.0285714285714286	0	0	0	0	0	0	0	0	0.0285714285714286	0	0	0	0	0	0	0
0	0	0	0	0	0	0	0	0	0	0	0	0	0	0	0	0	0
0	0	0	0	0	0	0	0	0	0	0	0	0.275	0.025	0.075	0.0650642877843329	0.0388954429078423	0.0210402693078248
0	0	0	0	0	0	0	0	0	0	0	0	0.275	0.025	0.075	0.0650642877843329	0.0388954429078423	0.0210402693078248
0	0	0	0	0	0	0	0	0	0	0	0	0.275	0.025	0.075	0.0650642877843329	0.0388954429078423	0.0210402693078248
