0	0	0	0	0	0	0	0	0	0	0	0	0	0	0	0	0	0
0	0	0	0	0	0	0	0	0	0	0	0	0	0	0	0	0	0
0	0	0	0	0	0	0	0	0	0	0	0	0	0	0	0	0	0
0	0	0	0.711864406779661	0.644067796610169	0.627118644067797	1.1864406779661	1.38983050847458	0.983050847457627	0.966101694915254	0.813559322033898	0.406779661016949	0.220338983050847	0.0338983050847458	0.0677966101694915	0.158800973575321	0.0949312504869371	0.0513525217004538
0	0	0.0860215053763441	0.0537634408602151	2.03225806451613	2.11827956989247	2.23655913978495	2.54838709677419	2.13978494623656	2.47311827956989	1.31182795698925	1.21505376344086	0.290322580645161	0.129032258064516	0.129032258064516	0.201489407332128	0.120450403843641	0.0651569630177801
0	0.0266666666666667	0.0666666666666667	0.146666666666667	0.853333333333333	1.25333333333333	1.38666666666667	2.30666666666667	1.42666666666667	1.64	0.853333333333333	0.76	1	0.52	0.28	0.312308581364798	0.186698125957643	0.100993292677559
0.0161290322580645	0.0161290322580645	0	0.241935483870968	1.51612903225806	2.67741935483871	3.08064516129032	3.79032258064516	2.61290322580645	3.46774193548387	1.56451612903226	1.30645161290323	0.32258064516129	0.161290322580645	0.17741935483871	0.142721663526924	0.0853190360559121	0.0461528488042609
0	0	0.04	0.173333333333333	0.68	1.34666666666667	1.94666666666667	2.37333333333333	2.09333333333333	1.72	0.88	0.88	0.253333333333333	0.08	0.0533333333333333	0.0555215255759641	0.0331907779480254	0.0179543631426772
0	0	0	0.156626506024096	0.542168674698795	1.66265060240964	1.71084337349398	2.1566265060241	1.42168674698795	1.46987951807229	1.16867469879518	0.710843373493976	0.120481927710843	0.0963855421686747	0.0481927710843374	0.0438987965773812	0.0262427084679418	0.0141958443522674
0	0.021505376344086	0.032258064516129	0.129032258064516	0.913978494623656	1.7741935483871	2.11827956989247	1.97849462365591	2.10752688172043	1.51612903225806	1.43010752688172	0.78494623655914	0.301075268817204	0.344086021505376	0.118279569892473	0.106341631647512	0.0635710464730325	0.0343883971482728
0	0	0.0363636363636364	0.0545454545454545	0.490909090909091	0.381818181818182	0.563636363636364	0.945454545454545	0.618181818181818	0.890909090909091	0.545454545454545	0.290909090909091	0.690909090909091	0.381818181818182	0.4	0.312308581364798	0.186698125957643	0.100993292677559
0.0161290322580645	0	0	0.032258064516129	0.596774193548387	0.693548387096774	1.01612903225806	1.32258064516129	0.951612903225806	1.04838709677419	0.467741935483871	0.516129032258065	0.0806451612903226	0.0483870967741935	0.032258064516129	0.0587677438052039	0.0351313677877285	0.0190041142135192
0	0	0	0.0212765957446809	0.0638297872340425	0.212765957446809	0.276595744680851	0.276595744680851	0.170212765957447	0.212765957446809	0.212765957446809	0.148936170212766	0	0	0	0	0	0
0	0.0571428571428571	0	0.0285714285714286	0.114285714285714	0.0857142857142857	0.228571428571429	0.228571428571429	0.2	0.142857142857143	0.114285714285714	0.0285714285714286	0.0285714285714286	0	0	0	0	0
0	0	0	0	0	0	0	0	0.037037037037037	0	0	0	0	0.037037037037037	0.037037037037037	0	0	0
0	0	0	0	0	0	0	0	0	0	0	0	0.275	0.025	0.075	0.0650642877843329	0.0388954429078423	0.0210402693078248
0	0	0	0	0	0	0	0	0	0	0	0	0.275	0.025	0.075	0.0650642877843329	0.0388954429078423	0.0210402693078248
0	0	0	0	0	0	0	0	0	0	0	0	0.275	0.025	0.075	0.0650642877843329	0.0388954429078423	0.0210402693078248
