0	0	0	0	0	0	0	0	0	0	0	0	0	0	0	0	0	0
0	0	0	0	0	0	0	0	0	0	0	0	0	0	0	0	0	0
0	0	0	0	0	0	0	0	0	0	0	0	0	0	0	0	0	0
0	0	0.0338983050847458	1.15254237288136	0.813559322033898	0.779661016949153	1.35593220338983	1.74576271186441	1.1864406779661	1.25423728813559	0.898305084745763	0.491525423728814	0.152542372881356	0.0169491525423729	0.0338983050847458	0.0794004867876605	0.0474656252434685	0.0256762608502269
0	0	0.0537634408602151	0.043010752688172	1.68817204301075	1.7741935483871	1.93548387096774	2.52688172043011	2.44086021505376	2.36559139784946	1.2258064516129	0.849462365591398	0.258064516129032	0.10752688172043	0.150537634408602	0.151117055499096	0.0903378028827305	0.0488677222633351
0	0.0133333333333333	0.0266666666666667	0.173333333333333	0.626666666666667	1.36	1.94666666666667	2.18666666666667	1.65333333333333	1.65333333333333	0.973333333333333	0.693333333333333	0.933333333333333	0.533333333333333	0.333333333333333	0.284547818576816	0.17010273698363	0.0920161111062206
0.0161290322580645	0.0161290322580645	0	0.258064516129032	1.30645161290323	1.96774193548387	2.64516129032258	3.41935483870968	2.53225806451613	2.82258064516129	1.74193548387097	1.08064516129032	0.258064516129032	0.241935483870968	0.161290322580645	0.0839539197217199	0.0501876682681836	0.0271487345907417
0	0.0266666666666667	0	0.2	0.6	1.48	1.54666666666667	1.70666666666667	1.48	1.44	0.906666666666667	0.626666666666667	0.32	0.0533333333333333	0.0133333333333333	0.027760762787982	0.0165953889740127	0.00897718157133859
0	0	0	0.132530120481928	0.72289156626506	1.66265060240964	1.96385542168675	2.31325301204819	1.65060240963855	1.74698795180723	1.24096385542169	0.855421686746988	0.192771084337349	0.0963855421686747	0.0120481927710843	0.0438987965773812	0.0262427084679418	0.0141958443522674
0	0.010752688172043	0.043010752688172	0.161290322580645	1.06451612903226	1.8494623655914	2.70967741935484	2.10752688172043	2.24731182795699	2.18279569892473	1.6989247311828	1.01075268817204	0.602150537634409	0.408602150537634	0.236559139784946	0.268652543109504	0.160600538458187	0.0868759506903735
0	0	0.0181818181818182	0.0363636363636364	0.418181818181818	0.327272727272727	0.563636363636364	0.963636363636364	0.8	0.945454545454545	0.472727272727273	0.418181818181818	2.69090909090909	1.49090909090909	1.09090909090909	1.31548160029415	0.786395136609466	0.425395990369113
0.032258064516129	0	0	0.0483870967741935	0.32258064516129	0.370967741935484	0.370967741935484	0.758064516129032	0.483870967741935	0.467741935483871	0.467741935483871	0.564516129032258	0.0483870967741935	0	0.0161290322580645	0.0335815678886879	0.0200750673072734	0.0108594938362967
0	0	0	0	0.0851063829787234	0.0638297872340425	0.170212765957447	0.0425531914893617	0.106382978723404	0.212765957446809	0.212765957446809	0.106382978723404	0.0425531914893617	0	0	0	0	0
0	0	0	0	0	0	0	0	0	0	0	0	0	0	0	0	0	0
0	0	0	0	0.111111111111111	0.111111111111111	0.148148148148148	0.148148148148148	0.222222222222222	0.259259259259259	0.0740740740740741	0.037037037037037	0	0.037037037037037	0.037037037037037	0.0192783074916542	0.0115245756763977	0.00623415386898513
0	0	0	0	0	0	0	0	0	0	0	0	0	0	0	0	0	0
0	0	0	0	0	0	0	0	0	0	0	0	0	0	0	0	0	0
0	0	0	0	0	0	0	0	0	0	0	0	0	0	0	0	0	0
