0	0	0	0	0	0	0	0	0	0	0	0	0	0	0	0	0	0
0	0	0	0	0	0	0	0	0	0	0	0	0	0	0	0	0	0
0	0	0	0	0	0	0	0	0	0	0	0	0	0	0	0	0	0
0	0	0.101694915254237	3.88135593220339	1.16949152542373	1	1.8135593220339	2.32203389830508	1.8135593220339	1.61016949152542	1.13559322033898	0.576271186440678	0.203389830508475	0.0169491525423729	0.0338983050847458	0.0794004867876605	0.0474656252434685	0.0256762608502269
0	0	0.0645161290322581	0.043010752688172	1.97849462365591	2.06451612903226	2.26881720430108	2.0752688172043	1.75268817204301	2.25806451612903	1.0752688172043	1.05376344086022	0.0860215053763441	0.021505376344086	0.043010752688172	0.0335815678886879	0.0200750673072734	0.0108594938362967
0	0.0133333333333333	0.04	0.2	0.693333333333333	1.50666666666667	2.04	2.50666666666667	1.53333333333333	2.08	1.32	0.76	1.93333333333333	0.92	0.813333333333333	0.569095637153632	0.34020547396726	0.184032222212441
0	0	0	0.193548387096774	1.29032258064516	2.12903225806452	2.79032258064516	3.11290322580645	2.32258064516129	2.90322580645161	1.54838709677419	1.12903225806452	0.193548387096774	0.112903225806452	0.0967741935483871	0.0839539197217199	0.0501876682681836	0.0271487345907417
0	0	0.0266666666666667	0.0666666666666667	0.813333333333333	1.13333333333333	1.50666666666667	1.86666666666667	1.24	1.57333333333333	0.853333333333333	0.506666666666667	0.24	0.0133333333333333	0.08	0.00694019069699551	0.00414884724350318	0.00224429539283465
0	0	0	0.156626506024096	0.698795180722892	1.2289156626506	2.26506024096386	2.02409638554217	1.55421686746988	1.85542168674699	1.57831325301205	0.843373493975904	0.168674698795181	0.120481927710843	0.036144578313253	0.0501700532312928	0.0299916668205049	0.016223822116877
0	0.021505376344086	0.043010752688172	0.150537634408602	0.978494623655914	1.51612903225806	2.19354838709677	2	1.86021505376344	1.95698924731183	1.54838709677419	0.924731182795699	0.354838709677419	0.247311827956989	0.172043010752688	0.151117055499096	0.0903378028827305	0.0488677222633351
0	0	0	0.0181818181818182	0.363636363636364	0.363636363636364	0.418181818181818	0.763636363636364	0.636363636363636	1.21818181818182	0.636363636363636	0.236363636363636	0.636363636363636	0.381818181818182	0.309090909090909	0.340700270579779	0.203670682862883	0.110174501102792
0.032258064516129	0	0	0.0161290322580645	0.483870967741935	0.774193548387097	1.03225806451613	1.14516129032258	1.04838709677419	1.19354838709677	0.548387096774194	0.580645161290323	0.129032258064516	0.0806451612903226	0.032258064516129	0.0587677438052039	0.0351313677877285	0.0190041142135192
0	0	0	0.0212765957446809	0.425531914893617	0.893617021276596	0.978723404255319	0.914893617021277	0.680851063829787	1.4468085106383	1	0.553191489361702	0.25531914893617	0	0	0	0	0
0	0	0	0	0	0	0	0	0	0	0	0	0	0	0	0	0	0
0	0	0	0	0	0	0	0	0	0	0	0	0	0	0	0	0	0
0	0	0	0	0	0	0	0	0	0	0	0	0	0	0	0	0	0
0	0	0	0	0	0	0	0	0	0	0	0	0	0	0	0	0	0
0	0	0	0	0	0	0	0	0	0	0	0	0	0	0	0	0	0
