0	0	0	0	0	0	0	0	0	0	0	0	0	0	0	0	0	0
0	0	0	0	0	0	0	0	0	0	0	0	0	0	0	0	0	0
0	0	0	0	0	0	0	0	0	0	0	0	0	0	0	0	0	0
0	0	0	1.66101694915254	0.661016949152542	0.796610169491525	1.06779661016949	1.88135593220339	1.15254237288136	1.06779661016949	0.88135593220339	0.525423728813559	0.0677966101694915	0	0	0	0	0
0	0	0.032258064516129	0.043010752688172	1.78494623655914	1.78494623655914	1.62365591397849	2.21505376344086	2.0752688172043	1.93548387096774	0.913978494623656	0.913978494623656	0.258064516129032	0.129032258064516	0.139784946236559	0.1399231995362	0.083646113780306	0.0452478909845695
0	0.0266666666666667	0.04	0.0666666666666667	0.506666666666667	1.17333333333333	1.12	2.06666666666667	1.22666666666667	1.41333333333333	0.64	0.56	0.106666666666667	0.133333333333333	0.0933333333333333	0.0832822883639461	0.0497861669220381	0.0269315447140158
0.0161290322580645	0.0161290322580645	0	0.193548387096774	1.41935483870968	2.62903225806452	2.87096774193548	4.19354838709677	2.80645161290323	3.54838709677419	1.56451612903226	1.04838709677419	0.5	0.274193548387097	0.17741935483871	0.0923493116938919	0.055206435095002	0.0298636080498159
0	0.0133333333333333	0.0133333333333333	0.173333333333333	0.68	1.24	1.72	2.25333333333333	2.28	1.57333333333333	0.906666666666667	0.786666666666667	0.2	0.0133333333333333	0.0266666666666667	0.0485813348789686	0.0290419307045222	0.0157100677498425
0	0	0	0.168674698795181	0.602409638554217	1.53012048192771	2.32530120481928	2.16867469879518	1.50602409638554	2.08433734939759	1.62650602409639	0.903614457831325	0.132530120481928	0.192771084337349	0.0481927710843374	0.0752550798469392	0.0449875002307573	0.0243357331753155
0	0	0.021505376344086	0.021505376344086	0.505376344086022	1.06451612903226	1.50537634408602	1.31182795698925	1.60215053763441	1.33333333333333	1.32258064516129	0.365591397849462	0.204301075268817	0.236559139784946	0.0967741935483871	0.0783569917402719	0.0468418237169714	0.0253388189513589
0	0	0.0181818181818182	0.0727272727272727	0.618181818181818	0.472727272727273	0.690909090909091	1.21818181818182	0.945454545454545	1.47272727272727	0.545454545454545	0.545454545454545	0.981818181818182	0.418181818181818	0.345454545454545	0.350164166984773	0.209328201831297	0.113234903911203
0.0161290322580645	0	0	0.0645161290322581	0.741935483870968	0.580645161290323	1.12903225806452	1.41935483870968	0.838709677419355	1.12903225806452	0.467741935483871	0.903225806451613	0.0967741935483871	0	0.0645161290322581	0.0671631357773759	0.0401501346145469	0.0217189876725934
0	0	0	0	0.191489361702128	0.319148936170213	0.276595744680851	0.319148936170213	0.234042553191489	0.617021276595745	0.319148936170213	0.148936170212766	0.106382978723404	0	0	0	0	0
0	0	0	0.0285714285714286	0.114285714285714	0.0857142857142857	0.228571428571429	0.228571428571429	0.2	0.142857142857143	0.0571428571428571	0.0285714285714286	0.0285714285714286	0	0	0	0	0
0	0	0	0	0	0	0	0	0	0	0	0	0	0	0	0	0	0
0	0	0	0	0	0	0	0	0	0	0	0	0.55	0.05	0.15	0.130128575568666	0.0777908858156846	0.0420805386156497
0	0	0	0	0	0	0	0	0	0	0	0	0.55	0.05	0.15	0.130128575568666	0.0777908858156846	0.0420805386156497
0	0	0	0	0	0	0	0	0	0	0	0	0.55	0.05	0.15	0.130128575568666	0.0777908858156846	0.0420805386156497
