0	0	0	0	0	0	0	0	0	0	0	0	0	0	0	0	0	0
0	0	0	0	0	0	0	0	0	0	0	0	0	0	0	0	0	0
0	0	0	0	0	0	0	0	0	0	0	0	0	0	0	0	0	0
0	0	0.101694915254237	2.93220338983051	1	1.06779661016949	1.86440677966102	2.4406779661017	1.57627118644068	1.57627118644068	1.27118644067797	0.661016949152542	0.322033898305085	0.0508474576271186	0.101694915254237	0.238201460362981	0.142396875730406	0.0770287825506807
0	0	0.0537634408602151	0.0752688172043011	1.90322580645161	2.20430107526882	2.2258064516129	2.62365591397849	2.41935483870968	2.51612903225806	1.3010752688172	1.10752688172043	0.193548387096774	0.0645161290322581	0.0860215053763441	0.0783569917402719	0.0468418237169714	0.0253388189513589
0	0	0.0266666666666667	0.106666666666667	0.533333333333333	1	1.04	1.61333333333333	0.906666666666667	1.17333333333333	0.493333333333333	0.466666666666667	1.54666666666667	0.8	0.626666666666667	0.423351632516726	0.253079681853694	0.136902018962914
0.0161290322580645	0.0161290322580645	0.0161290322580645	0.419354838709677	1.61290322580645	2.41935483870968	3.37096774193548	3.20967741935484	2.90322580645161	3.24193548387097	1.88709677419355	1.16129032258065	0.209677419354839	0.112903225806452	0.112903225806452	0.0587677438052039	0.0351313677877285	0.0190041142135192
0	0.0266666666666667	0.0266666666666667	0.186666666666667	0.866666666666667	1.14666666666667	2.2	2.14666666666667	2.58666666666667	1.81333333333333	0.986666666666667	0.84	0.28	0.08	0.0666666666666667	0.0485813348789686	0.0290419307045222	0.0157100677498425
0	0	0	0.0963855421686747	0.602409638554217	1.69879518072289	1.79518072289157	2.72289156626506	1.30120481927711	1.51807228915663	1.28915662650602	0.771084337349398	0.0963855421686747	0.0602409638554217	0.0120481927710843	0.031356283269558	0.0187447917628156	0.0101398888230481
0	0	0.021505376344086	0.0752688172043011	0.483870967741935	0.946236559139785	1.76344086021505	1.39784946236559	1.82795698924731	1.65591397849462	1.01075268817204	0.494623655913978	0.365591397849462	0.258064516129032	0.118279569892473	0.162310911461992	0.0970294919851549	0.0524875535421006
0	0	0	0.0181818181818182	0.872727272727273	0.909090909090909	0.854545454545454	2.07272727272727	1.27272727272727	1.50909090909091	1.14545454545455	0.727272727272727	0.509090909090909	0.181818181818182	0.145454545454545	0.0851750676449449	0.0509176707157208	0.027543625275698
0	0	0	0.032258064516129	0.370967741935484	0.467741935483871	0.774193548387097	0.758064516129032	0.693548387096774	0.693548387096774	0.370967741935484	0.774193548387097	0.0161290322580645	0.0483870967741935	0.032258064516129	0.0335815678886879	0.0200750673072734	0.0108594938362967
0	0	0	0.0212765957446809	0.191489361702128	0.404255319148936	0.617021276595745	0.702127659574468	0.297872340425532	0.765957446808511	0.51063829787234	0.319148936170213	0.106382978723404	0	0	0	0	0
0	0.0285714285714286	0	0	0	0	0	0	0	0	0.0285714285714286	0	0	0.0571428571428571	0	0	0	0
0	0	0	0	0	0	0	0	0.037037037037037	0	0	0	0	0.037037037037037	0.037037037037037	0	0	0
0	0	0	0	0	0	0	0	0	0	0	0	0	0	0	0	0	0
0	0	0	0	0	0	0	0	0	0	0	0	0	0	0	0	0	0
0	0	0	0	0	0	0	0	0	0	0	0	0	0	0	0	0	0
