0	0	0	0	0	0	0	0	0	0	0	0	0	0	0	0	0	0
0	0	0	0	0	0	0	0	0	0	0	0	0	0	0	0	0	0
0	0	0	0	0	0	0	0	0	0	0	0	0	0	0	0	0	0
0	0	0.135593220338983	2.96610169491525	0.745762711864407	0.76271186440678	1.03389830508475	1.57627118644068	0.898305084745763	1.20338983050847	0.711864406779661	0.457627118644068	0.0338983050847458	0	0	0	0	0
0	0	0.043010752688172	0.043010752688172	1.40860215053763	1.76344086021505	1.83870967741935	2.44086021505376	1.87096774193548	1.83870967741935	1.09677419354839	0.795698924731183	0.376344086021505	0.204301075268817	0.204301075268817	0.25186175916516	0.150563004804551	0.0814462037722251
0	0	0.04	0.2	0.44	1.56	1.81333333333333	2.17333333333333	1.41333333333333	1.52	0.813333333333333	0.76	1.4	0.76	0.573333333333333	0.430291823213722	0.257228529097197	0.139146314355748
0.0483870967741935	0.0483870967741935	0	0.290322580645161	1.19354838709677	2.16129032258065	2.91935483870968	3.5	2.19354838709677	3.41935483870968	1.67741935483871	1.74193548387097	0.306451612903226	0.161290322580645	0.241935483870968	0.0755585277495479	0.0451689014413652	0.0244338611316675
0	0.0266666666666667	0.0133333333333333	0.186666666666667	0.52	1.01333333333333	1.65333333333333	1.70666666666667	1.73333333333333	1.61333333333333	0.72	0.653333333333333	0.32	0.04	0.04	0.0555215255759641	0.0331907779480254	0.0179543631426772
0	0	0	0.204819277108434	0.662650602409639	0.891566265060241	1.46987951807229	1.98795180722892	1.89156626506024	1.57831325301205	1.20481927710843	0.626506024096386	0.0843373493975904	0.036144578313253	0.0240963855421687	0.0125425133078232	0.00749791670512622	0.00405595552921924
0	0	0.032258064516129	0.268817204301075	1.04301075268817	1.93548387096774	2.95698924731183	2.55913978494624	2.95698924731183	2.37634408602151	2.12903225806452	1.1505376344086	0.634408602150538	0.333333333333333	0.204301075268817	0.235070975220816	0.140525471150914	0.0760164568540768
0	0	0.0181818181818182	0.0545454545454545	0.636363636363636	0.6	0.618181818181818	1.4	1.05454545454545	1.30909090909091	0.727272727272727	0.490909090909091	0.545454545454545	0.436363636363636	0.363636363636364	0.359628063389767	0.21498572079971	0.116295306719614
0	0	0	0.0161290322580645	0.532258064516129	0.741935483870968	0.838709677419355	1.11290322580645	0.774193548387097	1.08064516129032	0.435483870967742	0.32258064516129	0.0645161290322581	0.0645161290322581	0.032258064516129	0.0671631357773759	0.0401501346145469	0.0217189876725934
0	0	0	0	0.0851063829787234	0.127659574468085	0.148936170212766	0.234042553191489	0.106382978723404	0.276595744680851	0.234042553191489	0.0638297872340425	0.0851063829787234	0	0	0	0	0
0	0.0285714285714286	0	0	0	0	0	0	0	0	0.0285714285714286	0	0	0	0	0	0	0
0	0	0	0	0	0	0	0	0	0	0	0	0	0	0	0	0	0
0	0	0	0	0	0	0	0	0	0	0	0	0	0	0	0	0	0
0	0	0	0	0	0	0	0	0	0	0	0	0	0	0	0	0	0
0	0	0	0	0	0	0	0	0	0	0	0	0	0	0	0	0	0
