0	0	0	0	0	0	0	0	0	0	0	0	0	0	0	0	0	0
0	0	0	0	0	0	0	0	0	0	0	0	0	0	0	0	0	0
0	0	0	0	0	0	0	0	0	0	0	0	0	0	0	0	0	0
0	0	0.0338983050847458	2.03389830508475	0.711864406779661	1	1.15254237288136	1.84745762711864	1.20338983050847	1.13559322033898	1.01694915254237	0.576271186440678	0.0508474576271186	0	0	0	0	0
0	0	0.032258064516129	0.043010752688172	1.31182795698925	2.03225806451613	1.72043010752688	2.16129032258065	1.95698924731183	2	1.11827956989247	0.913978494623656	0.419354838709677	0.193548387096774	0.204301075268817	0.240667903202264	0.143871315702126	0.0778263724934596
0	0	0.0133333333333333	0.106666666666667	0.666666666666667	1.42666666666667	1.36	2.38666666666667	1.16	1.25333333333333	0.586666666666667	0.613333333333333	0.453333333333333	0.266666666666667	0.2	0.159624386030897	0.0954234866005731	0.0516187940351969
0.0161290322580645	0.0161290322580645	0.0645161290322581	0.467741935483871	1.04838709677419	1.79032258064516	2.35483870967742	2.2741935483871	2.08064516129032	2.46774193548387	1.03225806451613	1.12903225806452	0.354838709677419	0.225806451612903	0.161290322580645	0.12593087958258	0.0752815024022754	0.0407231018861126
0	0	0.04	0.106666666666667	0.666666666666667	1.04	1.62666666666667	2.05333333333333	1.76	1.62666666666667	0.84	0.76	0.266666666666667	0.0666666666666667	0.0933333333333333	0.0555215255759641	0.0331907779480254	0.0179543631426772
0	0	0	0.0963855421686747	0.554216867469879	1.16867469879518	1.43373493975904	1.86746987951807	1.40963855421687	1.59036144578313	0.963855421686747	0.686746987951807	0.0963855421686747	0.0963855421686747	0.036144578313253	0.0376275399234696	0.0224937501153787	0.0121678665876577
0	0.032258064516129	0.0752688172043011	0.064516129032258	0.78494623655914	1.09677419354839	1.36559139784946	1.3010752688172	1.51612903225806	1.08602150537634	1.0752688172043	0.580645161290323	0.311827956989247	0.225806451612903	0.204301075268817	0.0895508477031678	0.0535335128193958	0.0289586502301245
0	0	0	0.0545454545454545	0.745454545454545	0.836363636363636	0.763636363636364	1.43636363636364	1.27272727272727	1.69090909090909	0.872727272727273	0.436363636363636	1.92727272727273	0.818181818181818	0.709090909090909	0.529978198679657	0.316821062231152	0.171382557271009
0.0161290322580645	0	0	0.0645161290322581	0.258064516129032	0.612903225806452	0.725806451612903	1.03225806451613	0.967741935483871	0.661290322580645	0.580645161290323	1.19354838709677	0.0483870967741935	0.0645161290322581	0.032258064516129	0.0335815678886879	0.0200750673072734	0.0108594938362967
0	0	0	0.0212765957446808	0.234042553191489	0.808510638297872	0.574468085106383	0.702127659574468	0.48936170212766	0.808510638297872	0.425531914893617	0.340425531914894	0.0638297872340425	0	0	0	0	0
0	0	0	0.0285714285714286	0.114285714285714	0.0857142857142857	0.228571428571429	0.228571428571429	0.2	0.142857142857143	0.0571428571428571	0.0285714285714286	0.0285714285714286	0	0	0	0	0
0	0	0	0	0	0	0	0	0	0	0	0	0	0	0	0	0	0
0	0	0	0	0	0	0	0	0	0	0	0	0.275	0.025	0.075	0.0650642877843329	0.0388954429078423	0.0210402693078248
0	0	0	0	0	0	0	0	0	0	0	0	0.275	0.025	0.075	0.0650642877843329	0.0388954429078423	0.0210402693078248
0	0	0	0	0	0	0	0	0	0	0	0	0.275	0.025	0.075	0.0650642877843329	0.0388954429078423	0.0210402693078248
