0	0	0	0	0	0	0	0	0	0	0	0	0	0	0	0	0	0
0	0	0	0	0	0	0	0	0	0	0	0	0	0	0	0	0	0
0	0	0	0	0	0	0	0	0	0	0	0	0	0	0	0	0	0
0	0	0	0.694915254237288	0.457627118644068	0.474576271186441	1	1.27118644067797	0.593220338983051	0.745762711864407	0.627118644067797	0.305084745762712	0.271186440677966	0.0508474576271186	0.101694915254237	0.238201460362981	0.142396875730406	0.0770287825506807
0	0	0.0967741935483871	0.043010752688172	1.66666666666667	1.64516129032258	1.49462365591398	1.90322580645161	1.47311827956989	1.73118279569892	1.04301075268817	0.655913978494624	0.279569892473118	0.139784946236559	0.161290322580645	0.212683263295024	0.127142092946065	0.0687767942965457
0	0	0.0133333333333333	0.0533333333333333	0.586666666666667	1.17333333333333	1.13333333333333	2	1.28	0.92	0.626666666666667	0.56	0.68	0.36	0.186666666666667	0.166564576727892	0.0995723338440763	0.0538630894280316
0	0	0.032258064516129	0.354838709677419	1.62903225806452	2.75806451612903	3.45161290322581	3.70967741935484	3.17741935483871	3.80645161290323	1.95161290322581	1.87096774193548	0.387096774193548	0.0967741935483871	0.0161290322580645	0.0923493116938919	0.055206435095002	0.0298636080498159
0	0.04	0.0533333333333333	0.12	0.973333333333333	1.33333333333333	1.89333333333333	2.65333333333333	2.04	1.86666666666667	1.21333333333333	0.906666666666667	0.386666666666667	0.0933333333333333	0.106666666666667	0.0694019069699551	0.0414884724350318	0.0224429539283465
0	0	0	0.120481927710843	0.457831325301205	1.2289156626506	1.80722891566265	1.97590361445783	1.07228915662651	1.63855421686747	1.33734939759036	0.759036144578313	0.132530120481928	0.240963855421687	0.120481927710843	0.0877975931547624	0.0524854169358836	0.0283916887045347
0	0.021505376344086	0.043010752688172	0.150537634408602	0.655913978494624	1.24731182795699	1.64516129032258	1.48387096774194	2.03225806451613	1.20430107526882	1.35483870967742	0.634408602150538	0.516129032258065	0.21505376344086	0.21505376344086	0.212683263295024	0.127142092946065	0.0687767942965457
0	0	0.0363636363636364	0.0545454545454545	0.618181818181818	0.509090909090909	0.618181818181818	1	0.763636363636364	0.836363636363636	0.545454545454545	0.581818181818182	1.49090909090909	0.690909090909091	0.418181818181818	0.577297680704626	0.345108657073219	0.186684571313064
0.0161290322580645	0	0	0.032258064516129	0.580645161290323	0.596774193548387	1.04838709677419	0.887096774193548	0.67741935483871	0.790322580645161	0.306451612903226	0.67741935483871	0.129032258064516	0.0806451612903226	0.0645161290322581	0.0503723518330319	0.0301126009609102	0.016289240754445
0	0	0	0.0638297872340425	0.276595744680851	0.595744680851064	0.851063829787234	0.765957446808511	0.680851063829787	0.74468085106383	0.893617021276596	0.468085106382979	0.127659574468085	0	0	0	0	0
0	0	0	0.0285714285714286	0.114285714285714	0.0857142857142857	0.228571428571429	0.228571428571429	0.2	0.142857142857143	0.0571428571428571	0.0285714285714286	0.0285714285714286	0	0	0	0	0
0	0	0	0	0	0	0	0	0	0	0	0	0	0	0	0	0	0
0	0	0	0	0	0	0	0	0	0	0	0	0.825	0.075	0.225	0.195192863352999	0.116686328723527	0.0631208079234745
0	0	0	0	0	0	0	0	0	0	0	0	0.825	0.075	0.225	0.195192863352999	0.116686328723527	0.0631208079234745
0	0	0	0	0	0	0	0	0	0	0	0	0.825	0.075	0.225	0.195192863352999	0.116686328723527	0.0631208079234745
