0	0	0	0	0	0	0	0	0	0	0	0	0	0	0	0	0	0
0	0	0	0	0	0	0	0	0	0	0	0	0	0	0	0	0	0
0	0	0	0	0	0	0	0	0	0	0	0	0	0	0	0	0	0
0	0	0.0338983050847458	1.25423728813559	0.372881355932203	0.457627118644068	1.03389830508475	1.16949152542373	0.745762711864407	0.576271186440678	0.711864406779661	0.288135593220339	0.355932203389831	0.0677966101694915	0.135593220338983	0.317601947150642	0.189862500973874	0.102705043400908
0	0	0.0645161290322581	0.032258064516129	1.75268817204301	1.94623655913978	2.04301075268817	2	1.78494623655914	1.65591397849462	0.817204301075269	0.720430107526882	0.193548387096774	0.10752688172043	0.118279569892473	0.1399231995362	0.083646113780306	0.0452478909845695
0	0.0266666666666667	0.0533333333333333	0.16	0.68	1.28	1.41333333333333	1.88	1.53333333333333	1.21333333333333	0.733333333333333	0.533333333333333	0.253333333333333	0.0933333333333333	0.0933333333333333	0.0832822883639461	0.0497861669220381	0.0269315447140158
0.0161290322580645	0.0161290322580645	0	0.145161290322581	1.24193548387097	2.2741935483871	2.75806451612903	3.17741935483871	2.38709677419355	3.32258064516129	1.66129032258065	1.40322580645161	0.306451612903226	0.145161290322581	0.161290322580645	0.12593087958258	0.0752815024022754	0.0407231018861126
0	0.0266666666666667	0.0266666666666667	0.2	0.44	1.14666666666667	1.96	1.93333333333333	2.10666666666667	1.66666666666667	0.786666666666667	0.773333333333333	0.426666666666667	0.08	0.0266666666666667	0.0485813348789686	0.0290419307045222	0.0157100677498425
0	0	0	0.240963855421687	0.614457831325301	1.30120481927711	1.62650602409639	1.89156626506024	1.16867469879518	1.57831325301205	1.27710843373494	0.72289156626506	0.132530120481928	0.0843373493975904	0.0963855421686747	0.031356283269558	0.0187447917628156	0.0101398888230481
0	0	0.0645161290322581	0.129032258064516	0.688172043010753	1.43010752688172	1.52688172043011	1.45161290322581	1.56989247311828	1.36559139784946	1.03225806451613	0.612903225806452	0.419354838709677	0.182795698924731	0.172043010752688	0.156713983480544	0.0936836474339427	0.0506776379027179
0	0	0.0181818181818182	0.0727272727272727	0.672727272727273	0.654545454545455	0.654545454545455	1.34545454545455	1.12727272727273	1.49090909090909	0.545454545454545	0.509090909090909	1.70909090909091	0.654545454545455	0.563636363636364	0.406947545414737	0.243273315641777	0.131597320761668
0.0161290322580645	0	0	0.0161290322580645	0.225806451612903	0.145161290322581	0.290322580645161	0.451612903225806	0.161290322580645	0.354838709677419	0.17741935483871	0.806451612903226	0.0645161290322581	0.0645161290322581	0.0483870967741935	0.0335815678886879	0.0200750673072734	0.0108594938362967
0	0	0	0.0638297872340425	0.191489361702128	0.553191489361702	0.74468085106383	0.74468085106383	0.531914893617021	0.531914893617021	0.680851063829787	0.361702127659574	0.0425531914893617	0	0	0	0	0
0	0.0571428571428571	0	0	0	0	0	0	0	0	0.0571428571428571	0	0	0.0285714285714286	0	0	0	0
0	0	0	0	0	0	0	0	0.037037037037037	0	0	0	0	0.037037037037037	0.037037037037037	0	0	0
0	0	0	0	0	0	0	0	0	0	0	0	0.275	0.025	0.075	0.0650642877843329	0.0388954429078423	0.0210402693078248
0	0	0	0	0	0	0	0	0	0	0	0	0.275	0.025	0.075	0.0650642877843329	0.0388954429078423	0.0210402693078248
0	0	0	0	0	0	0	0	0	0	0	0	0.275	0.025	0.075	0.0650642877843329	0.0388954429078423	0.0210402693078248
