0	0	0	0	0	0	0	0	0	0	0	0	0	0	0	0	0	0
0	0	0	0	0	0	0	0	0	0	0	0	0	0	0	0	0	0
0	0	0	0	0	0	0	0	0	0	0	0	0	0	0	0	0	0
0	0	0	1.67796610169492	0.474576271186441	0.355932203389831	0.864406779661017	1.32203389830508	0.745762711864407	0.677966101694915	0.677966101694915	0.355932203389831	0.220338983050847	0.0338983050847458	0.0677966101694915	0.158800973575321	0.0949312504869371	0.0513525217004538
0	0	0.118279569892473	0.0537634408602151	1.64516129032258	1.76344086021505	1.72043010752688	1.75268817204301	1.62365591397849	1.79569892473118	0.763440860215054	0.881720430107527	0.21505376344086	0.10752688172043	0.139784946236559	0.162310911461992	0.0970294919851549	0.0524875535421006
0	0.0266666666666667	0.0533333333333333	0.146666666666667	0.786666666666667	1.26666666666667	1.8	2.76	1.81333333333333	1.68	1.05333333333333	0.76	1.01333333333333	0.586666666666667	0.28	0.312308581364798	0.186698125957643	0.100993292677559
0	0	0.032258064516129	0.387096774193548	1.53225806451613	2.64516129032258	2.88709677419355	3.43548387096774	2.70967741935484	3.08064516129032	1.54838709677419	1.45161290322581	0.596774193548387	0.193548387096774	0.0483870967741935	0.151117055499096	0.0903378028827305	0.0488677222633351
0	0	0.0133333333333333	0.08	0.426666666666667	1	1.72	1.62666666666667	1.16	0.933333333333333	0.48	0.613333333333333	0.146666666666667	0.04	0.0266666666666667	0	0	0
0	0	0	0.228915662650602	0.662650602409639	1.06024096385542	1.73493975903614	1.90361445783133	1.50602409638554	1.3855421686747	1.21686746987952	0.771084337349398	0.0843373493975904	0.0843373493975904	0.0843373493975904	0.031356283269558	0.0187447917628156	0.0101398888230481
0	0	0.043010752688172	0.0752688172043011	0.645161290322581	1.16129032258065	1.7741935483871	1.65591397849462	1.63440860215054	1.49462365591398	1.43010752688172	0.494623655913978	0.365591397849462	0.204301075268817	0.150537634408602	0.128729343573304	0.0769544246778815	0.041628059705804
0	0	0.0181818181818182	0.0545454545454545	1	0.981818181818182	1.07272727272727	1.72727272727273	1.78181818181818	2.34545454545455	1.03636363636364	0.909090909090909	1.09090909090909	0.654545454545455	0.436363636363636	0.58676157710962	0.350766176041632	0.189744974121475
0	0	0	0.0483870967741935	0.935483870967742	0.661290322580645	1.33870967741935	1.01612903225806	1	1.16129032258065	0.612903225806452	0.354838709677419	0.0645161290322581	0.032258064516129	0.0483870967741935	0.0755585277495479	0.0451689014413652	0.0244338611316675
0	0	0	0.0425531914893617	0.148936170212766	0.425531914893617	0.595744680851064	0.51063829787234	0.446808510638298	0.468085106382979	0.51063829787234	0.297872340425532	0.0425531914893617	0	0	0	0	0
0	0.0285714285714286	0	0.0285714285714286	0.114285714285714	0.0857142857142857	0.228571428571429	0.228571428571429	0.2	0.142857142857143	0.0857142857142857	0.0285714285714286	0.0285714285714286	0.0285714285714286	0	0	0	0
0	0	0	0	0.111111111111111	0.111111111111111	0.148148148148148	0.148148148148148	0.185185185185185	0.259259259259259	0.0740740740740741	0.037037037037037	0	0	0	0.0192783074916542	0.0115245756763977	0.00623415386898513
0	0	0	0	0	0	0	0	0	0	0	0	0.825	0.075	0.225	0.195192863352999	0.116686328723527	0.0631208079234745
0	0	0	0	0	0	0	0	0	0	0	0	0.825	0.075	0.225	0.195192863352999	0.116686328723527	0.0631208079234745
0	0	0	0	0	0	0	0	0	0	0	0	0.825	0.075	0.225	0.195192863352999	0.116686328723527	0.0631208079234745
