0	0	0	0	0	0	0	0	0	0	0	0	0	0	0	0	0	0
0	0	0	0	0	0	0	0	0	0	0	0	0	0	0	0	0	0
0	0	0	0	0	0	0	0	0	0	0	0	0	0	0	0	0	0
0	0	0.0338983050847458	1.59322033898305	0.338983050847458	0.305084745762712	0.576271186440678	1.11864406779661	0.559322033898305	0.525423728813559	0.491525423728814	0.288135593220339	0.11864406779661	0.0169491525423729	0.0338983050847458	0.0794004867876605	0.0474656252434685	0.0256762608502269
0	0	0.0537634408602151	0.043010752688172	1.90322580645161	1.91397849462366	2.32258064516129	1.83870967741935	1.72043010752688	2.1505376344086	1	1.02150537634409	0.333333333333333	0.139784946236559	0.161290322580645	0.19589247935068	0.117104559292428	0.0633470473783973
0	0.0133333333333333	0.0266666666666667	0.04	0.386666666666667	1.01333333333333	1.21333333333333	1.96	1.06666666666667	1.26666666666667	0.72	0.666666666666667	0.813333333333333	0.48	0.426666666666667	0.249846865091838	0.149358500766114	0.0807946341420473
0	0	0.0161290322580645	0.258064516129032	1.43548387096774	2.54838709677419	3.09677419354839	3.62903225806452	2.64516129032258	3.12903225806452	1.54838709677419	1.06451612903226	0.274193548387097	0.145161290322581	0.0806451612903226	0.0671631357773759	0.0401501346145469	0.0217189876725934
0	0.0266666666666667	0.0133333333333333	0.04	0.36	0.92	0.76	1.4	1.09333333333333	1.17333333333333	0.373333333333333	0.373333333333333	0.24	0.0133333333333333	0.04	0	0	0
0	0	0	0.132530120481928	0.542168674698795	1.30120481927711	1.43373493975904	1.65060240963855	1.60240963855422	1.56626506024096	0.951807228915663	0.626506024096386	0.144578313253012	0.072289156626506	0.0240963855421687	0.031356283269558	0.0187447917628156	0.0101398888230481
0	0.010752688172043	0.032258064516129	0.225806451612903	0.838709677419355	1.80645161290323	2.33333333333333	2.04301075268817	2	1.96774193548387	1.8494623655914	0.935483870967742	0.505376344086022	0.301075268817204	0.172043010752688	0.184698623387784	0.110412870190004	0.0597272160996318
0	0	0.0727272727272727	0.0363636363636364	0.818181818181818	0.745454545454545	0.945454545454545	1.34545454545455	1.10909090909091	1.54545454545455	0.690909090909091	0.436363636363636	1.10909090909091	0.672727272727273	0.472727272727273	0.624617162729596	0.373396251915286	0.201986585355118
0.0161290322580645	0	0	0.0161290322580645	0.758064516129032	0.709677419354839	1.41935483870968	0.919354838709677	1.06451612903226	1.19354838709677	0.483870967741935	0.741935483870968	0.112903225806452	0	0.0161290322580645	0.0671631357773759	0.0401501346145469	0.0217189876725934
0	0	0	0	0.234042553191489	0.425531914893617	0.425531914893617	0.468085106382979	0.319148936170213	0.787234042553192	0.51063829787234	0.212765957446809	0.191489361702128	0	0	0	0	0
0	0	0	0	0	0	0	0	0	0	0	0	0	0	0	0	0	0
0	0	0	0	0	0	0	0	0	0	0	0	0	0	0	0	0	0
0	0	0	0	0	0	0	0	0	0	0	0	0.275	0.025	0.075	0.0650642877843329	0.0388954429078423	0.0210402693078248
0	0	0	0	0	0	0	0	0	0	0	0	0.275	0.025	0.075	0.0650642877843329	0.0388954429078423	0.0210402693078248
0	0	0	0	0	0	0	0	0	0	0	0	0.275	0.025	0.075	0.0650642877843329	0.0388954429078423	0.0210402693078248
