0	0	0	0	0	0	0	0	0	0	0	0	0	0	0	0	0	0
0	0	0	0	0	0	0	0	0	0	0	0	0	0	0	0	0	0
0	0	0	0	0	0	0	0	0	0	0	0	0	0	0	0	0	0
0	0	0	0.728813559322034	0.864406779661017	0.983050847457627	1.3728813559322	1.69491525423729	1.06779661016949	1.45762711864407	0.898305084745763	0.542372881355932	0.11864406779661	0.0169491525423729	0.0338983050847458	0.0794004867876605	0.0474656252434685	0.0256762608502269
0	0	0.053763440860215	0.053763440860215	1.68817204301075	2.25806451612903	1.86021505376344	2.75268817204301	2.29032258064516	2.47311827956989	1.41935483870968	0.903225806451613	0.0752688172043011	0.010752688172043	0.021505376344086	0.0335815678886879	0.0200750673072734	0.0108594938362967
0	0.04	0.0533333333333333	0.16	1.12	1.61333333333333	1.94666666666667	2.70666666666667	2.2	2	1.30666666666667	0.946666666666666	0.413333333333333	0.28	0.106666666666667	0.166564576727892	0.0995723338440762	0.0538630894280316
0.0161290322580645	0.0161290322580645	0.032258064516129	0.32258064516129	1.19354838709677	2.2741935483871	2.58064516129032	2.7258064516129	2.40322580645161	2.83870967741935	1.37096774193548	1.2258064516129	0.274193548387097	0.0967741935483871	0.0967741935483871	0.0923493116938918	0.0552064350950019	0.0298636080498159
0	0.0133333333333333	0.08	0.12	0.746666666666667	1.18666666666667	1.74666666666667	2.36	1.4	1.73333333333333	0.786666666666667	0.786666666666667	0.306666666666667	0.08	0.146666666666667	0.0555215255759641	0.0331907779480254	0.0179543631426772
0	0	0	0.156626506024096	0.578313253012048	1.21686746987952	1.53012048192771	1.85542168674699	1.24096385542169	1.37349397590361	1.1566265060241	0.771084337349398	0.120481927710843	0.108433734939759	0.0481927710843373	0.0376275399234696	0.0224937501153787	0.0121678665876577
0	0.010752688172043	0.010752688172043	0.0752688172043011	0.698924731182796	1.26881720430108	1.61290322580645	1.70967741935484	1.39784946236559	1.36559139784946	1.18279569892473	0.709677419354839	0.247311827956989	0.225806451612903	0.139784946236559	0.100744703666064	0.0602252019218203	0.0325784815088901
0	0	0.0181818181818182	0.0727272727272727	0.909090909090909	0.727272727272727	1.03636363636364	1.92727272727273	1.30909090909091	1.6	0.963636363636364	0.745454545454545	1.25454545454545	0.8	0.472727272727273	0.70979223037454	0.424313922631007	0.229530210630816
0.0161290322580645	0	0	0.0161290322580645	0.5	0.354838709677419	0.661290322580645	0.774193548387097	0.67741935483871	1.01612903225806	0.564516129032258	0.370967741935484	0.032258064516129	0.0161290322580645	0.0161290322580645	0.0587677438052039	0.0351313677877285	0.0190041142135192
0	0	0	0	0.0638297872340425	0.0425531914893617	0.148936170212766	0.0425531914893617	0.0851063829787234	0.212765957446808	0.191489361702128	0.106382978723404	0.0425531914893617	0	0	0	0	0
0	0	0	0	0	0	0	0	0	0	0	0	0	0	0	0	0	0
0	0	0	0	0	0	0	0	0	0	0	0	0	0	0	0	0	0
0	0	0	0	0	0	0	0	0	0	0	0	0.55	0.05	0.15	0.130128575568666	0.0777908858156846	0.0420805386156496
0	0	0	0	0	0	0	0	0	0	0	0	0.55	0.05	0.15	0.130128575568666	0.0777908858156846	0.0420805386156496
0	0	0	0	0	0	0	0	0	0	0	0	0.55	0.05	0.15	0.130128575568666	0.0777908858156846	0.0420805386156496
