0	0	0	0	0	0	0	0	0	0	0	0	0	0	0	0	0	0
0	0	0	0	0	0	0	0	0	0	0	0	0	0	0	0	0	0
0	0	0	0	0	0	0	0	0	0	0	0	0	0	0	0	0	0
0	0	0	0.610169491525424	0.559322033898305	0.728813559322034	1.27118644067797	1.61016949152542	0.932203389830508	1.06779661016949	0.779661016949153	0.423728813559322	0.203389830508475	0.0338983050847458	0.0677966101694915	0.158800973575321	0.0949312504869371	0.0513525217004538
0	0	0.0645161290322581	0.043010752688172	1.81720430107527	1.65591397849462	1.8494623655914	1.81720430107527	1.68817204301075	1.93548387096774	1.01075268817204	0.741935483870968	0.193548387096774	0.0537634408602151	0.0752688172043011	0.0839539197217199	0.0501876682681836	0.0271487345907417
0	0	0.0266666666666667	0.106666666666667	0.36	1.24	1.10666666666667	1.33333333333333	0.973333333333333	1.04	0.52	0.533333333333333	1.42666666666667	0.72	0.586666666666667	0.409471251122735	0.244781987366687	0.132413428177244
0	0	0	0.241935483870968	1.16129032258065	1.93548387096774	2.29032258064516	3.04838709677419	2.2258064516129	2.7741935483871	1.40322580645161	0.935483870967742	0.225806451612903	0.161290322580645	0.112903225806452	0.0923493116938919	0.055206435095002	0.0298636080498159
0	0.0266666666666667	0.0133333333333333	0.173333333333333	0.6	1.16	1.6	2.17333333333333	1.98666666666667	1.57333333333333	0.826666666666667	0.6	0.253333333333333	0.0266666666666667	0.04	0.027760762787982	0.0165953889740127	0.00897718157133859
0	0	0	0.108433734939759	0.421686746987952	1.2289156626506	1.4578313253012	2.08433734939759	1.01204819277108	1.28915662650602	1.07228915662651	0.626506024096386	0.108433734939759	0.180722891566265	0.0602409638554217	0.0689838231930276	0.0412385418781942	0.0223077554107058
0	0.010752688172043	0.010752688172043	0.0537634408602151	0.387096774193548	0.720430107526882	0.903225806451613	0.956989247311828	0.956989247311828	1.08602150537634	1.09677419354839	0.301075268817204	0.408602150537634	0.258064516129032	0.204301075268817	0.207086335313576	0.123796248394853	0.0669668786571629
0	0	0	0.0727272727272727	1.03636363636364	1	0.963636363636364	1.54545454545455	1.61818181818182	2.50909090909091	1.10909090909091	1	0.6	0.381818181818182	0.490909090909091	0.274452995744822	0.164068050083989	0.0887516814439156
0	0	0	0.0161290322580645	0.225806451612903	0.354838709677419	0.225806451612903	0.5	0.483870967741935	0.629032258064516	0.338709677419355	0.161290322580645	0	0	0	0.0335815678886879	0.0200750673072734	0.0108594938362967
0	0	0	0.0212765957446809	0.191489361702128	0.361702127659574	0.468085106382979	0.617021276595745	0.25531914893617	0.574468085106383	0.425531914893617	0.191489361702128	0.0851063829787234	0	0	0	0	0
0	0.0285714285714286	0	0.0285714285714286	0.114285714285714	0.0857142857142857	0.228571428571429	0.228571428571429	0.2	0.142857142857143	0.0857142857142857	0.0285714285714286	0.0285714285714286	0.0285714285714286	0	0	0	0
0	0	0	0	0	0	0	0	0.037037037037037	0	0	0	0	0.037037037037037	0.037037037037037	0	0	0
0	0	0	0	0	0	0	0	0	0	0	0	0.275	0.025	0.075	0.0650642877843329	0.0388954429078423	0.0210402693078248
0	0	0	0	0	0	0	0	0	0	0	0	0.275	0.025	0.075	0.0650642877843329	0.0388954429078423	0.0210402693078248
0	0	0	0	0	0	0	0	0	0	0	0	0.275	0.025	0.075	0.0650642877843329	0.0388954429078423	0.0210402693078248
