0	0	0	0	0	0	0	0	0	0	0	0	0	0	0	0	0	0
0	0	0	0	0	0	0	0	0	0	0	0	0	0	0	0	0	0
0	0	0	0	0	0	0	0	0	0	0	0	0	0	0	0	0	0
0	0	0.101694915254237	2.20338983050847	0.372881355932203	0.542372881355932	0.711864406779661	1.1864406779661	0.728813559322034	0.661016949152542	0.627118644067797	0.355932203389831	0.101694915254237	0.0169491525423729	0.0338983050847458	0.0794004867876605	0.0474656252434685	0.0256762608502269
0	0	0.010752688172043	0.0645161290322581	1.70967741935484	1.55913978494624	2.27956989247312	2.38709677419355	1.86021505376344	2.41935483870968	1.36559139784946	0.956989247311828	0.311827956989247	0.139784946236559	0.172043010752688	0.179101695406336	0.107067025638792	0.057917300460249
0	0.0133333333333333	0.0533333333333333	0.12	0.773333333333333	1.92	1.48	2.05333333333333	1.69333333333333	1.70666666666667	0.88	0.826666666666667	0.853333333333333	0.453333333333333	0.333333333333333	0.270667437182825	0.161805042496624	0.0875275203205513
0	0	0	0.0483870967741935	0.919354838709677	1.95161290322581	2.30645161290323	3.19354838709677	1.93548387096774	2.74193548387097	1.12903225806452	1.25806451612903	0.306451612903226	0.112903225806452	0.032258064516129	0.0671631357773759	0.0401501346145469	0.0217189876725934
0	0.0266666666666667	0.04	0.226666666666667	0.68	1.58666666666667	1.82666666666667	2.16	2.34666666666667	1.85333333333333	0.84	0.88	0.36	0.12	0.0666666666666667	0.0832822883639461	0.0497861669220381	0.0269315447140158
0	0	0	0.132530120481928	0.72289156626506	1.39759036144578	1.79518072289157	2.27710843373494	1.33734939759036	1.74698795180723	1.16867469879518	0.63855421686747	0.0843373493975904	0.0843373493975904	0.0481927710843374	0.0376275399234696	0.0224937501153787	0.0121678665876577
0	0	0.032258064516129	0.0537634408602151	0.946236559139785	1.60215053763441	2.35483870967742	2.08602150537634	2.16129032258065	1.64516129032258	1.38709677419355	0.806451612903226	0.150537634408602	0.139784946236559	0.10752688172043	0.0615662077959279	0.0368042900633346	0.0199090720332106
0	0	0.0181818181818182	0.127272727272727	1.21818181818182	0.872727272727273	1.23636363636364	1.98181818181818	1.43636363636364	1.74545454545455	0.836363636363636	1.01818181818182	0.963636363636364	0.509090909090909	0.4	0.397483649009743	0.237615796673364	0.128536917953257
0	0	0	0.0645161290322581	0.32258064516129	0.435483870967742	0.629032258064516	0.612903225806452	0.516129032258065	0.387096774193548	0.241935483870968	0.516129032258065	0.0483870967741935	0	0.032258064516129	0.025186175916516	0.0150563004804551	0.00814462037722251
0	0	0	0.0425531914893617	0.234042553191489	0.659574468085106	0.680851063829787	0.787234042553192	0.553191489361702	0.74468085106383	0.638297872340426	0.319148936170213	0.106382978723404	0	0	0	0	0
0	0.0285714285714286	0	0	0	0	0	0	0	0	0.0285714285714286	0	0	0	0	0	0	0
0	0	0	0	0	0	0	0	0	0	0	0	0	0	0	0	0	0
0	0	0	0	0	0	0	0	0	0	0	0	0	0	0	0	0	0
0	0	0	0	0	0	0	0	0	0	0	0	0	0	0	0	0	0
0	0	0	0	0	0	0	0	0	0	0	0	0	0	0	0	0	0
