0	0	0	0	0	0	0	0	0	0	0	0	0	0	0	0	0	0
0	0	0	0	0	0	0	0	0	0	0	0	0	0	0	0	0	0
0	0	0	0	0	0	0	0	0	0	0	0	0	0	0	0	0	0
0	0	0.0677966101694915	2.25423728813559	0.338983050847458	0.474576271186441	0.728813559322034	1.35593220338983	0.474576271186441	0.677966101694915	0.644067796610169	0.389830508474576	0.169491525423729	0.0338983050847458	0.0677966101694915	0.158800973575321	0.0949312504869371	0.0513525217004538
0	0	0.043010752688172	0.043010752688172	1.51612903225806	1.49462365591398	1.52688172043011	2.25806451612903	1.65591397849462	1.97849462365591	0.881720430107527	0.795698924731183	0.440860215053763	0.258064516129032	0.279569892473118	0.324621822923983	0.19405898397031	0.104975107084201
0	0.0133333333333333	0.08	0.173333333333333	0.813333333333333	1.44	1.61333333333333	2.61333333333333	1.28	1.72	0.973333333333333	0.626666666666667	0.84	0.546666666666667	0.413333333333333	0.284547818576816	0.17010273698363	0.0920161111062206
0.032258064516129	0.032258064516129	0.0161290322580645	0.387096774193548	1.38709677419355	2.2741935483871	3.04838709677419	3.37096774193548	2.90322580645161	3.32258064516129	1.82258064516129	1.88709677419355	0.354838709677419	0.129032258064516	0.193548387096774	0.109140095638236	0.0652439687486387	0.0352933549679642
0	0.0133333333333333	0.0533333333333333	0.2	0.92	1.66666666666667	1.77333333333333	2.12	1.89333333333333	2.30666666666667	0.946666666666667	0.8	0.466666666666667	0.0533333333333333	0.12	0.0902224790609416	0.0539350141655413	0.0291758401068504
0	0	0	0.168674698795181	0.493975903614458	0.879518072289157	1.5421686746988	1.74698795180723	1.18072289156627	1.19277108433735	1.03614457831325	0.686746987951807	0.108433734939759	0.036144578313253	0.036144578313253	0.0188137699617348	0.0112468750576893	0.00608393329382887
0	0.0537634408602151	0.032258064516129	0.139784946236559	0.806451612903226	1.35483870967742	1.82795698924731	1.73118279569892	1.44086021505376	1.58064516129032	1.66666666666667	0.731182795698925	0.397849462365591	0.225806451612903	0.118279569892473	0.1399231995362	0.083646113780306	0.0452478909845695
0	0	0.0363636363636364	0.0363636363636364	0.963636363636364	0.963636363636364	0.981818181818182	1.78181818181818	1.50909090909091	2.09090909090909	0.818181818181818	0.654545454545455	1.29090909090909	0.654545454545455	0.836363636363636	0.548905991489645	0.328136100167979	0.177503362887831
0	0	0	0.0645161290322581	0.516129032258065	0.709677419354839	1.2258064516129	1.29032258064516	0.983870967741935	1.24193548387097	0.451612903225806	0.435483870967742	0.0806451612903226	0.0483870967741935	0.0483870967741935	0.0503723518330319	0.0301126009609102	0.016289240754445
0	0	0	0.0425531914893617	0.191489361702128	0.531914893617021	0.659574468085106	0.851063829787234	0.404255319148936	0.680851063829787	0.531914893617021	0.276595744680851	0.0851063829787234	0	0	0	0	0
0	0.0571428571428571	0	0.0571428571428571	0.228571428571429	0.171428571428571	0.457142857142857	0.457142857142857	0.4	0.285714285714286	0.171428571428571	0.0571428571428571	0.0571428571428571	0	0	0	0	0
0	0	0	0	0.111111111111111	0.111111111111111	0.148148148148148	0.148148148148148	0.185185185185185	0.259259259259259	0.0740740740740741	0.037037037037037	0	0	0	0.0192783074916542	0.0115245756763977	0.00623415386898513
0	0	0	0	0	0	0	0	0	0	0	0	0	0	0	0	0	0
0	0	0	0	0	0	0	0	0	0	0	0	0	0	0	0	0	0
0	0	0	0	0	0	0	0	0	0	0	0	0	0	0	0	0	0
