0	0	0	0	0	0	0	0	0	0	0	0	0	0	0	0	0	0
0	0	0	0	0	0	0	0	0	0	0	0	0	0	0	0	0	0
0	0	0	0	0	0	0	0	0	0	0	0	0	0	0	0	0	0
0	0	0.101694915254237	2.61016949152542	0.220338983050847	0.288135593220339	0.542372881355932	0.677966101694915	0.440677966101695	0.372881355932203	0.372881355932203	0.169491525423729	0.169491525423729	0.0338983050847458	0.0677966101694915	0.158800973575321	0.0949312504869371	0.0513525217004538
0	0	0.043010752688172	0.043010752688172	1.68817204301075	1.78494623655914	2.17204301075269	2.33333333333333	2.08602150537634	2.38709677419355	1.3010752688172	0.89247311827957	0.408602150537634	0.182795698924731	0.21505376344086	0.240667903202264	0.143871315702126	0.0778263724934596
0	0.0266666666666667	0.0266666666666667	0.133333333333333	0.76	1.2	1.56	2.38666666666667	1.44	1.76	0.76	0.573333333333333	0.626666666666667	0.373333333333333	0.24	0.20126553021287	0.120316570061592	0.0650845663922048
0.0161290322580645	0.0161290322580645	0.032258064516129	0.403225806451613	1.7258064516129	2.75806451612903	3.24193548387097	4.37096774193548	3	3.88709677419355	1.7741935483871	1.53225806451613	0.306451612903226	0.209677419354839	0.209677419354839	0.12593087958258	0.0752815024022754	0.0407231018861126
0	0	0.0533333333333333	0.12	0.64	1.08	1.66666666666667	1.64	1.36	1.56	0.826666666666667	0.946666666666667	0.36	0.146666666666667	0.08	0.0485813348789686	0.0290419307045222	0.0157100677498425
0	0	0	0.108433734939759	0.530120481927711	1.20481927710843	1.56626506024096	1.80722891566265	1.26506024096386	1.2289156626506	1.04819277108434	0.783132530120482	0.120481927710843	0.132530120481928	0.036144578313253	0.0564413098852044	0.033740625173068	0.0182517998814866
0	0.010752688172043	0	0.118279569892473	0.67741935483871	1.25806451612903	1.95698924731183	1.89247311827957	1.65591397849462	1.58064516129032	1.6989247311828	0.537634408602151	0.333333333333333	0.150537634408602	0.150537634408602	0.184698623387784	0.110412870190004	0.0597272160996318
0	0	0.0363636363636364	0.0363636363636364	1.05454545454545	1.12727272727273	1.16363636363636	2.18181818181818	1.65454545454545	2.03636363636364	1.09090909090909	0.418181818181818	1.36363636363636	0.636363636363636	0.290909090909091	0.501586509464675	0.299848505325911	0.162201348845777
0.032258064516129	0	0	0.032258064516129	0.661290322580645	0.645161290322581	1.04838709677419	1.14516129032258	0.82258064516129	0.951612903225806	0.451612903225806	0.451612903225806	0.112903225806452	0.0161290322580645	0.032258064516129	0.0587677438052039	0.0351313677877285	0.0190041142135192
0	0	0	0.0212765957446809	0.170212765957447	0.361702127659574	0.425531914893617	0.574468085106383	0.297872340425532	0.553191489361702	0.468085106382979	0.170212765957447	0.127659574468085	0	0	0	0	0
0	0	0	0	0	0	0	0	0	0	0	0	0	0.0285714285714286	0	0	0	0
0	0	0	0	0.111111111111111	0.111111111111111	0.148148148148148	0.148148148148148	0.185185185185185	0.259259259259259	0.0740740740740741	0.037037037037037	0	0	0	0.0192783074916542	0.0115245756763977	0.00623415386898513
0	0	0	0	0	0	0	0	0	0	0	0	0	0	0	0	0	0
0	0	0	0	0	0	0	0	0	0	0	0	0	0	0	0	0	0
0	0	0	0	0	0	0	0	0	0	0	0	0	0	0	0	0	0
