0	0	0	0	0	0	0	0	0	0	0	0	0	0	0	0	0	0
0	0	0	0	0	0	0	0	0	0	0	0	0	0	0	0	0	0
0	0	0	0	0	0	0	0	0	0	0	0	0	0	0	0	0	0
0	0	0	1.25423728813559	0.796610169491525	0.661016949152542	1.35593220338983	1.77966101694915	1.1864406779661	1.10169491525424	1.03389830508475	0.525423728813559	0.322033898305085	0.0508474576271186	0.101694915254237	0.238201460362981	0.142396875730406	0.0770287825506807
0	0	0.0537634408602151	0.021505376344086	1.60215053763441	1.59139784946237	2.18279569892473	2.1505376344086	1.9247311827957	2.09677419354839	1.04301075268817	1.08602150537634	0.32258064516129	0.161290322580645	0.172043010752688	0.207086335313576	0.123796248394853	0.0669668786571629
0	0.0133333333333333	0.04	0.106666666666667	0.626666666666667	1.12	1.06666666666667	1.52	1.09333333333333	0.973333333333333	0.506666666666667	0.426666666666667	0.773333333333333	0.413333333333333	0.306666666666667	0.242906674394843	0.145209653522611	0.0785503387492127
0	0	0	0.145161290322581	1.48387096774194	2.17741935483871	2.62903225806452	3.2258064516129	2.29032258064516	3.2258064516129	1.56451612903226	1.48387096774194	0.564516129032258	0.17741935483871	0.0645161290322581	0.100744703666064	0.0602252019218203	0.0325784815088901
0	0.0133333333333333	0	0.146666666666667	0.6	1.28	1.49333333333333	1.94666666666667	2.18666666666667	1.44	0.893333333333333	0.626666666666667	0.213333333333333	0.0133333333333333	0.0133333333333333	0.027760762787982	0.0165953889740127	0.00897718157133859
0	0	0	0.0963855421686747	0.55421686746988	1.24096385542169	1.5421686746988	2.07228915662651	1.27710843373494	1.55421686746988	1.02409638554217	0.807228915662651	0.108433734939759	0.0843373493975904	0.036144578313253	0.0376275399234696	0.0224937501153787	0.0121678665876577
0	0.010752688172043	0.010752688172043	0.0537634408602151	0.698924731182796	1.21505376344086	1.60215053763441	1.73118279569892	1.61290322580645	1.47311827956989	1.33333333333333	0.602150537634409	0.21505376344086	0.225806451612903	0.182795698924731	0.16790783944344	0.100375336536367	0.0542974691814834
0	0	0.0181818181818182	0.0909090909090909	0.8	0.745454545454545	0.836363636363636	1.45454545454545	1.32727272727273	1.94545454545455	0.909090909090909	0.818181818181818	0.581818181818182	0.309090909090909	0.509090909090909	0.246061306529841	0.147095493178749	0.079570473018683
0	0	0	0.032258064516129	0.17741935483871	0.241935483870968	0.290322580645161	0.612903225806452	0.451612903225806	0.451612903225806	0.274193548387097	0.532258064516129	0.0161290322580645	0.0483870967741935	0.032258064516129	0.0335815678886879	0.0200750673072734	0.0108594938362967
0	0	0	0	0	0	0	0	0	0	0	0	0	0	0	0	0	0
0	0	0	0.0857142857142857	0.342857142857143	0.257142857142857	0.685714285714286	0.685714285714286	0.6	0.428571428571429	0.171428571428571	0.0857142857142857	0.0857142857142857	0	0	0	0	0
0	0	0	0	0.111111111111111	0.111111111111111	0.148148148148148	0.148148148148148	0.222222222222222	0.259259259259259	0.0740740740740741	0.037037037037037	0	0.037037037037037	0.037037037037037	0.0192783074916542	0.0115245756763977	0.00623415386898513
0	0	0	0	0	0	0	0	0	0	0	0	0.275	0.025	0.075	0.0650642877843329	0.0388954429078423	0.0210402693078248
0	0	0	0	0	0	0	0	0	0	0	0	0.275	0.025	0.075	0.0650642877843329	0.0388954429078423	0.0210402693078248
0	0	0	0	0	0	0	0	0	0	0	0	0.275	0.025	0.075	0.0650642877843329	0.0388954429078423	0.0210402693078248
