0	0	0	0	0	0	0	0	0	0	0	0	0	0	0	0	0	0
0	0	0	0	0	0	0	0	0	0	0	0	0	0	0	0	0	0
0	0	0	0	0	0	0	0	0	0	0	0	0	0	0	0	0	0
0	0	0.0338983050847458	1.8135593220339	0.525423728813559	0.525423728813559	0.966101694915254	1.16949152542373	0.796610169491525	0.76271186440678	0.610169491525424	0.288135593220339	0.203389830508475	0.0338983050847458	0.0677966101694915	0.158800973575321	0.0949312504869371	0.0513525217004538
0	0	0.0752688172043011	0.032258064516129	1.9247311827957	1.96774193548387	2.03225806451613	2.67741935483871	2.17204301075269	2.0752688172043	1.03225806451613	1.01075268817204	0.161290322580645	0.0967741935483871	0.10752688172043	0.106341631647512	0.0635710464730325	0.0343883971482728
0	0.0266666666666667	0.0266666666666667	0.146666666666667	0.786666666666667	1.26666666666667	1.76	1.88	1.64	1.8	0.946666666666667	0.733333333333333	0.533333333333333	0.306666666666667	0.186666666666667	0.194325339515874	0.116167722818089	0.0628402709993702
0	0	0.0483870967741935	0.32258064516129	1.35483870967742	2.40322580645161	2.66129032258065	3.2258064516129	2.38709677419355	3.2258064516129	1.70967741935484	1.58064516129032	0.419354838709677	0.258064516129032	0.0806451612903226	0.100744703666064	0.0602252019218203	0.0325784815088901
0	0.0133333333333333	0.0533333333333333	0.133333333333333	0.826666666666667	1.22666666666667	2.04	2.8	1.96	1.58666666666667	1.16	1.05333333333333	0.346666666666667	0.0933333333333333	0.0933333333333333	0.0347009534849775	0.0207442362175159	0.0112214769641732
0	0	0	0.036144578313253	0.614457831325301	1.26506024096386	1.48192771084337	2.01204819277108	0.987951807228916	1.60240963855422	0.903614457831325	0.698795180722892	0.132530120481928	0.0602409638554217	0.0120481927710843	0.031356283269558	0.0187447917628156	0.0101398888230481
0	0.021505376344086	0.0645161290322581	0.0860215053763441	0.612903225806452	1.01075268817204	1.52688172043011	1.47311827956989	1.46236559139785	1.49462365591398	1.44086021505376	0.505376344086022	0.258064516129032	0.193548387096774	0.161290322580645	0.123132415591856	0.0736085801266693	0.0398181440664212
0	0	0.0545454545454545	0.0545454545454545	0.854545454545454	0.909090909090909	0.963636363636364	2.10909090909091	1.34545454545455	1.90909090909091	1.16363636363636	0.345454545454545	1.16363636363636	0.509090909090909	0.472727272727273	0.425875338224724	0.254588353578604	0.13771812637849
0.032258064516129	0	0	0.112903225806452	0.516129032258065	0.661290322580645	1.06451612903226	1.04838709677419	1.14516129032258	0.967741935483871	0.935483870967742	0.548387096774194	0.0806451612903226	0.0645161290322581	0.0645161290322581	0.0671631357773759	0.0401501346145469	0.0217189876725934
0.0212765957446809	0	0	0	0	0	0	0	0	0.0212765957446809	0	0.0212765957446809	0	0.0212765957446809	0.0212765957446809	0	0	0
0	0.0285714285714286	0	0	0	0	0	0	0	0	0.0285714285714286	0	0	0.171428571428571	0	0	0	0
0	0	0	0	0	0	0	0	0	0	0	0	0	0	0	0	0	0
0	0	0	0	0	0	0	0	0	0	0	0	0	0	0	0	0	0
0	0	0	0	0	0	0	0	0	0	0	0	0	0	0	0	0	0
0	0	0	0	0	0	0	0	0	0	0	0	0	0	0	0	0	0
