0	0	0	0	0	0	0	0	0	0	0	0	0	0	0	0	0	0
0	0	0	0	0	0	0	0	0	0	0	0	0	0	0	0	0	0
0	0	0	0	0	0	0	0	0	0	0	0	0	0	0	0	0	0
0	0	0.0338983050847458	1.3728813559322	0.745762711864407	0.949152542372881	1.11864406779661	1.55932203389831	1.01694915254237	1.30508474576271	0.932203389830508	0.593220338983051	0.101694915254237	0.0169491525423729	0.0338983050847458	0.0794004867876605	0.0474656252434685	0.0256762608502269
0	0	0.0645161290322581	0.0537634408602151	1.93548387096774	2.35483870967742	2.72043010752688	2.1505376344086	2.02150537634409	2.3010752688172	1.20430107526882	0.795698924731183	0.258064516129032	0.0860215053763441	0.139784946236559	0.123132415591856	0.0736085801266693	0.0398181440664212
0	0.0266666666666667	0.04	0.146666666666667	0.56	1.56	1.64	2.16	1.69333333333333	1.73333333333333	0.906666666666667	0.706666666666667	0.773333333333333	0.453333333333333	0.4	0.291488009273811	0.174251584227133	0.0942604064990552
0.032258064516129	0.032258064516129	0	0.258064516129032	1.58064516129032	3.04838709677419	3.37096774193548	4.32258064516129	3.06451612903226	3.98387096774194	2.16129032258065	1.75806451612903	0.532258064516129	0.209677419354839	0.241935483870968	0.109140095638236	0.0652439687486387	0.0352933549679642
0	0.0133333333333333	0.0533333333333333	0.133333333333333	0.826666666666667	1.50666666666667	1.74666666666667	2.38666666666667	2.18666666666667	1.88	0.76	0.773333333333333	0.346666666666667	0.0666666666666667	0.106666666666667	0.0485813348789686	0.0290419307045222	0.0157100677498425
0	0	0	0.204819277108434	0.734939759036145	1.34939759036145	1.89156626506024	2.32530120481928	1.67469879518072	1.78313253012048	1.51807228915663	0.686746987951807	0.132530120481928	0.072289156626506	0.0481927710843374	0.0376275399234696	0.0224937501153787	0.0121678665876577
0	0.021505376344086	0.010752688172043	0.0860215053763441	0.763440860215054	1.55913978494624	1.89247311827957	2.03225806451613	1.7741935483871	1.6989247311828	1.91397849462366	0.655913978494624	0.612903225806452	0.43010752688172	0.247311827956989	0.25186175916516	0.150563004804551	0.0814462037722251
0	0	0	0.0181818181818182	0.472727272727273	0.636363636363636	0.563636363636364	1.25454545454545	1	1.63636363636364	0.763636363636364	0.545454545454545	1.47272727272727	0.636363636363636	0.527272727272727	0.492122613059681	0.294190986357498	0.159140946037366
0	0	0	0.0161290322580645	0.387096774193548	0.564516129032258	0.596774193548387	1.58064516129032	0.838709677419355	0.967741935483871	0.258064516129032	0.741935483870968	0.0967741935483871	0.112903225806452	0.0483870967741935	0.0503723518330319	0.0301126009609102	0.016289240754445
0	0	0	0.0425531914893617	0.148936170212766	0.574468085106383	0.531914893617021	0.659574468085106	0.404255319148936	0.48936170212766	0.382978723404255	0.25531914893617	0.0212765957446809	0	0	0	0	0
0	0	0	0.0285714285714286	0.114285714285714	0.0857142857142857	0.228571428571429	0.228571428571429	0.2	0.142857142857143	0.0571428571428571	0.0285714285714286	0.0285714285714286	0	0	0	0	0
0	0	0	0	0	0	0	0	0	0	0	0	0	0	0	0	0	0
0	0	0	0	0	0	0	0	0	0	0	0	0.55	0.05	0.15	0.130128575568666	0.0777908858156846	0.0420805386156497
0	0	0	0	0	0	0	0	0	0	0	0	0.55	0.05	0.15	0.130128575568666	0.0777908858156846	0.0420805386156497
0	0	0	0	0	0	0	0	0	0	0	0	0.55	0.05	0.15	0.130128575568666	0.0777908858156846	0.0420805386156497
