0	0	0	0	0	0	0	0	0	0	0	0	0	0	0	0	0	0
0	0	0	0	0	0	0	0	0	0	0	0	0	0	0	0	0	0
0	0	0	0	0	0	0	0	0	0	0	0	0	0	0	0	0	0
0	0	0.0677966101694915	2	0.576271186440678	0.508474576271186	1.20338983050847	1.44067796610169	1	0.830508474576271	0.76271186440678	0.338983050847458	0.305084745762712	0.0508474576271186	0.101694915254237	0.238201460362981	0.142396875730406	0.0770287825506807
0	0	0.0860215053763441	0.0752688172043011	1.88172043010753	2.18279569892473	2.35483870967742	2.45161290322581	2.25806451612903	2.37634408602151	1.24731182795699	1	0.419354838709677	0.204301075268817	0.236559139784946	0.257458687146608	0.153908849355763	0.0832561194116079
0	0	0.0133333333333333	0.133333333333333	0.52	1.44	1.82666666666667	2.56	1.44	1.41333333333333	0.8	0.693333333333333	0.506666666666667	0.306666666666667	0.24	0.152684195333901	0.0912746393570699	0.0493744986423623
0.032258064516129	0.032258064516129	0.032258064516129	0.5	1.19354838709677	2.2258064516129	3.03225806451613	2.88709677419355	2.38709677419355	3.09677419354839	1.41935483870968	1.46774193548387	0.274193548387097	0.145161290322581	0.17741935483871	0.0755585277495479	0.0451689014413652	0.0244338611316675
0	0	0	0.173333333333333	0.76	1.54666666666667	1.65333333333333	2.37333333333333	1.96	1.42666666666667	1.21333333333333	0.96	0.2	0.04	0	0.0624617162729596	0.0373396251915286	0.0201986585355118
0	0	0	0.156626506024096	0.55421686746988	1.31325301204819	1.91566265060241	2.2289156626506	1.44578313253012	1.62650602409639	1.28915662650602	0.602409638554217	0.120481927710843	0.156626506024096	0.0481927710843374	0.062712566539116	0.0374895835256311	0.0202797776460962
0	0	0.0752688172043011	0.118279569892473	0.731182795698925	1.21505376344086	1.7741935483871	1.7741935483871	1.88172043010753	1.7741935483871	1.79569892473118	0.688172043010753	0.408602150537634	0.32258064516129	0.204301075268817	0.207086335313576	0.123796248394853	0.0669668786571629
0	0	0	0.0727272727272727	0.927272727272727	0.909090909090909	0.836363636363636	1.63636363636364	1.49090909090909	1.72727272727273	0.8	0.890909090909091	1.03636363636364	0.509090909090909	0.436363636363636	0.359628063389767	0.21498572079971	0.116295306719614
0	0	0	0.0645161290322581	0.725806451612903	0.596774193548387	1.19354838709677	1.2741935483871	0.903225806451613	1.11290322580645	0.548387096774194	0.67741935483871	0.129032258064516	0.145161290322581	0.112903225806452	0.0923493116938919	0.055206435095002	0.0298636080498159
0	0	0	0	0.148936170212766	0.276595744680851	0.276595744680851	0.170212765957447	0.234042553191489	0.446808510638298	0.361702127659574	0.170212765957447	0.106382978723404	0	0	0	0	0
0	0.0285714285714286	0	0.0285714285714286	0.114285714285714	0.0857142857142857	0.228571428571429	0.228571428571429	0.2	0.142857142857143	0.0857142857142857	0.0285714285714286	0.0285714285714286	0.0285714285714286	0	0	0	0
0	0	0	0	0.111111111111111	0.111111111111111	0.148148148148148	0.148148148148148	0.185185185185185	0.259259259259259	0.0740740740740741	0.037037037037037	0	0	0	0.0192783074916542	0.0115245756763977	0.00623415386898513
0	0	0	0	0	0	0	0	0	0	0	0	0.55	0.05	0.15	0.130128575568666	0.0777908858156846	0.0420805386156497
0	0	0	0	0	0	0	0	0	0	0	0	0.55	0.05	0.15	0.130128575568666	0.0777908858156846	0.0420805386156497
0	0	0	0	0	0	0	0	0	0	0	0	0.55	0.05	0.15	0.130128575568666	0.0777908858156846	0.0420805386156497
