0	0	0	0	0	0	0	0	0	0	0	0	0	0	0	0	0	0
0	0	0	0	0	0	0	0	0	0	0	0	0	0	0	0	0	0
0	0	0	0	0	0	0	0	0	0	0	0	0	0	0	0	0	0
0	0	0.0677966101694915	2.35593220338983	0.220338983050847	0.406779661016949	0.491525423728814	0.932203389830508	0.423728813559322	0.457627118644068	0.457627118644068	0.271186440677966	0.0847457627118644	0.0169491525423729	0.0338983050847458	0.0794004867876605	0.0474656252434685	0.0256762608502269
0	0	0.0967741935483871	0.0967741935483871	1.59139784946237	2.24731182795699	2.06451612903226	2.38709677419355	2.41935483870968	2.53763440860215	0.924731182795699	0.924731182795699	0.225806451612903	0.0967741935483871	0.139784946236559	0.1399231995362	0.083646113780306	0.0452478909845695
0	0.0133333333333333	0.0133333333333333	0.106666666666667	0.533333333333333	1.37333333333333	1.34666666666667	2.01333333333333	1.21333333333333	1.48	0.76	0.44	0.72	0.386666666666667	0.373333333333333	0.249846865091838	0.149358500766114	0.0807946341420473
0.032258064516129	0.032258064516129	0.0161290322580645	0.419354838709677	1.54838709677419	2.59677419354839	3.19354838709677	3.69354838709677	2.80645161290323	3.51612903225806	2.06451612903226	1.46774193548387	0.467741935483871	0.193548387096774	0.225806451612903	0.100744703666064	0.0602252019218203	0.0325784815088901
0	0	0	0.0666666666666667	0.466666666666667	0.96	1.14666666666667	1.37333333333333	1.32	1.02666666666667	0.733333333333333	0.6	0.213333333333333	0.0133333333333333	0	0.027760762787982	0.0165953889740127	0.00897718157133859
0	0	0	0.240963855421687	0.710843373493976	1.39759036144578	2.55421686746988	2.40963855421687	2.10843373493976	2.26506024096386	1.7710843373494	0.879518072289157	0.180722891566265	0.156626506024096	0.036144578313253	0.0689838231930276	0.0412385418781942	0.0223077554107058
0	0.010752688172043	0.0752688172043011	0.0967741935483871	0.688172043010753	1.38709677419355	1.67741935483871	1.72043010752688	1.9247311827957	1.73118279569892	1.54838709677419	0.56989247311828	0.204301075268817	0.182795698924731	0.118279569892473	0.0951477756846158	0.0568793573706081	0.0307685658695073
0	0	0.0363636363636364	0.0727272727272727	0.963636363636364	0.818181818181818	0.909090909090909	1.54545454545455	1.38181818181818	1.43636363636364	0.672727272727273	0.854545454545454	1.54545454545455	0.854545454545454	0.618181818181818	0.785503401614492	0.469574074378314	0.254013433098103
0.032258064516129	0	0	0.0483870967741935	1.01612903225806	1.51612903225806	1.96774193548387	2.32258064516129	1.5	1.82258064516129	0.596774193548387	1.04838709677419	0.274193548387097	0.161290322580645	0.0967741935483871	0.100744703666064	0.0602252019218203	0.0325784815088901
0	0	0	0.0212765957446809	0.170212765957447	0.48936170212766	0.425531914893617	0.553191489361702	0.297872340425532	0.531914893617021	0.340425531914894	0.191489361702128	0.0638297872340425	0	0	0	0	0
0	0	0	0.0285714285714286	0.114285714285714	0.0857142857142857	0.228571428571429	0.228571428571429	0.2	0.142857142857143	0.0571428571428571	0.0285714285714286	0.0285714285714286	0	0	0	0	0
0	0	0	0	0.111111111111111	0.111111111111111	0.148148148148148	0.148148148148148	0.185185185185185	0.259259259259259	0.0740740740740741	0.037037037037037	0	0	0	0.0192783074916542	0.0115245756763977	0.00623415386898513
0	0	0	0	0	0	0	0	0	0	0	0	0.55	0.05	0.15	0.130128575568666	0.0777908858156846	0.0420805386156497
0	0	0	0	0	0	0	0	0	0	0	0	0.55	0.05	0.15	0.130128575568666	0.0777908858156846	0.0420805386156497
0	0	0	0	0	0	0	0	0	0	0	0	0.55	0.05	0.15	0.130128575568666	0.0777908858156846	0.0420805386156497
