0	0	0	0	0	0	0	0	0	0	0	0	0	0	0	0	0	0
0	0	0	0	0	0	0	0	0	0	0	0	0	0	0	0	0	0
0	0	0	0	0	0	0	0	0	0	0	0	0	0	0	0	0	0
0	0	0	0.915254237288136	0.186440677966102	0.305084745762712	0.372881355932203	0.559322033898305	0.305084745762712	0.322033898305085	0.288135593220339	0.152542372881356	0.0847457627118644	0.0169491525423729	0.0338983050847458	0.0794004867876605	0.0474656252434685	0.0256762608502269
0	0	0.032258064516129	0.032258064516129	1.59139784946237	2.05376344086022	1.91397849462366	2.25806451612903	1.91397849462366	1.93548387096774	1.05376344086022	0.709677419354839	0.236559139784946	0.0967741935483871	0.0967741935483871	0.123132415591856	0.0736085801266693	0.0398181440664212
0	0	0.04	0.133333333333333	0.786666666666667	1.81333333333333	1.58666666666667	1.98666666666667	1.46666666666667	1.70666666666667	0.853333333333333	0.826666666666667	0.186666666666667	0.186666666666667	0.0933333333333333	0.0624617162729596	0.0373396251915286	0.0201986585355118
0.0161290322580645	0.0161290322580645	0	0.209677419354839	1.41935483870968	2.20967741935484	2.96774193548387	3.91935483870968	2.30645161290323	3.09677419354839	1.53225806451613	1.17741935483871	0.661290322580645	0.387096774193548	0.209677419354839	0.159512447471268	0.0953565697095488	0.0515825957224093
0	0.0266666666666667	0.0533333333333333	0.0933333333333333	0.72	0.946666666666667	1.41333333333333	2.14666666666667	1.90666666666667	1.53333333333333	0.773333333333333	0.6	0.226666666666667	0.0533333333333333	0.106666666666667	0.0208205720909865	0.0124465417305095	0.00673288617850395
0	0	0	0.108433734939759	0.578313253012048	1.25301204819277	1.8433734939759	2.24096385542169	1.08433734939759	1.56626506024096	1.16867469879518	0.710843373493976	0.108433734939759	0.168674698795181	0.0481927710843374	0.0564413098852044	0.033740625173068	0.0182517998814866
0	0	0.010752688172043	0.118279569892473	0.741935483870968	1.33333333333333	1.68817204301075	1.63440860215054	1.74193548387097	1.66666666666667	1.50537634408602	0.731182795698925	0.397849462365591	0.301075268817204	0.10752688172043	0.134326271554752	0.0803002692290937	0.0434379753451867
0	0	0	0.145454545454545	0.763636363636364	0.636363636363636	0.909090909090909	1.25454545454545	1.47272727272727	1.76363636363636	0.727272727272727	0.872727272727273	1.27272727272727	0.6	0.581818181818182	0.454267027439706	0.271560910483844	0.146899334803722
0.0161290322580645	0	0	0.0967741935483871	0.693548387096774	0.5	0.887096774193548	1.2258064516129	0.790322580645161	0.790322580645161	0.532258064516129	0.709677419354839	0.0806451612903226	0.032258064516129	0.0645161290322581	0.0755585277495479	0.0451689014413652	0.0244338611316675
0	0	0	0	0.127659574468085	0.191489361702128	0.25531914893617	0.361702127659574	0.148936170212766	0.468085106382979	0.319148936170213	0.0851063829787234	0.148936170212766	0	0	0	0	0
0	0.0285714285714286	0	0	0	0	0	0	0	0	0.0285714285714286	0	0	0.0571428571428571	0	0	0	0
0	0	0	0	0	0	0	0	0	0	0	0	0	0	0	0	0	0
0	0	0	0	0	0	0	0	0	0	0	0	0.275	0.025	0.075	0.0650642877843329	0.0388954429078423	0.0210402693078248
0	0	0	0	0	0	0	0	0	0	0	0	0.275	0.025	0.075	0.0650642877843329	0.0388954429078423	0.0210402693078248
0	0	0	0	0	0	0	0	0	0	0	0	0.275	0.025	0.075	0.0650642877843329	0.0388954429078423	0.0210402693078248
