0	0	0	0	0	0	0	0	0	0	0	0	0	0	0	0	0	0
0	0	0	0	0	0	0	0	0	0	0	0	0	0	0	0	0	0
0	0	0	0	0	0	0	0	0	0	0	0	0	0	0	0	0	0
0	0	0.169491525423729	4.05084745762712	0.677966101694915	0.745762711864407	0.864406779661017	1.57627118644068	0.796610169491525	1.13559322033898	0.711864406779661	0.491525423728814	0.0169491525423729	0	0	0	0	0
0	0	0.021505376344086	0.021505376344086	1.41935483870968	1.67741935483871	1.55913978494624	2.11827956989247	1.63440860215054	1.80645161290323	1.02150537634409	0.666666666666667	0.311827956989247	0.161290322580645	0.172043010752688	0.19589247935068	0.117104559292428	0.0633470473783973
0	0.04	0.08	0.2	0.906666666666667	1.65333333333333	1.85333333333333	2.52	2.05333333333333	2.34666666666667	1.2	0.84	0.56	0.333333333333333	0.253333333333333	0.242906674394843	0.145209653522611	0.0785503387492127
0	0	0.0161290322580645	0.209677419354839	1.14516129032258	2.43548387096774	2.82258064516129	3.2258064516129	2.62903225806452	3.14516129032258	1.59677419354839	1.2741935483871	0.338709677419355	0.209677419354839	0.0967741935483871	0.100744703666064	0.0602252019218203	0.0325784815088901
0	0.0133333333333333	0.0266666666666667	0.106666666666667	0.773333333333333	1.33333333333333	1.62666666666667	2.34666666666667	1.98666666666667	1.32	1.04	0.8	0.266666666666667	0.0533333333333333	0.04	0.027760762787982	0.0165953889740127	0.00897718157133859
0	0	0	0.132530120481928	0.662650602409639	1.63855421686747	2.01204819277108	2.37349397590361	1.53012048192771	1.93975903614458	1.34939759036145	0.783132530120482	0.168674698795181	0.132530120481928	0.0240963855421687	0.0564413098852044	0.033740625173068	0.0182517998814866
0	0.010752688172043	0.0860215053763441	0.21505376344086	1.01075268817204	1.59139784946237	2.3010752688172	2.05376344086022	2.19354838709677	1.96774193548387	1.90322580645161	0.935483870967742	0.376344086021505	0.247311827956989	0.150537634408602	0.128729343573304	0.0769544246778815	0.041628059705804
0	0	0.0181818181818182	0.109090909090909	0.854545454545454	0.781818181818182	0.890909090909091	1.81818181818182	1.32727272727273	2.03636363636364	0.836363636363636	0.727272727272727	1.05454545454545	0.490909090909091	0.527272727272727	0.406947545414737	0.243273315641777	0.131597320761668
0.0161290322580645	0	0	0.032258064516129	0.387096774193548	0.532258064516129	0.629032258064516	0.693548387096774	0.806451612903226	0.806451612903226	0.548387096774194	0.935483870967742	0.0967741935483871	0.129032258064516	0.0645161290322581	0.0755585277495479	0.0451689014413652	0.0244338611316675
0	0	0	0	0.0425531914893617	0.0425531914893617	0.170212765957447	0.0851063829787234	0.0425531914893617	0.212765957446809	0.127659574468085	0.127659574468085	0	0	0	0	0	0
0	0	0	0	0	0	0	0	0	0	0	0	0	0.0571428571428571	0	0	0	0
0	0	0	0	0.111111111111111	0.111111111111111	0.148148148148148	0.148148148148148	0.185185185185185	0.259259259259259	0.0740740740740741	0.037037037037037	0	0	0	0.0192783074916542	0.0115245756763977	0.00623415386898513
0	0	0	0	0	0	0	0	0	0	0	0	0	0	0	0	0	0
0	0	0	0	0	0	0	0	0	0	0	0	0	0	0	0	0	0
0	0	0	0	0	0	0	0	0	0	0	0	0	0	0	0	0	0
